,X,Y
0,42416,42416
1,42416,42416
2,42416,42416
3,42416,42416
4,42416,42416
5,42416,42416
6,42416,42416
7,42416,42416
8,42416,42416
9,42416,42416
10,42416,42416
11,42416,42416
12,42416,42416
13,42416,42416
14,42416,42416
15,42416,42416
16,42416,42416
17,42416,42416
18,42416,42416
19,42416,42416
20,42416,42416
21,42416,42416
22,42416,42416
23,42416,42416
24,42416,42416
25,42416,42416
26,42416,42416
27,42416,42416
28,42416,42416
29,42416,42416
30,42416,42416
31,42416,42416
32,42416,42416
33,42416,42416
34,42416,42416
35,42416,42416
36,42416,42416
37,42416,42416
38,42416,42416
39,42416,42416
40,42416,42416
41,42416,42416
42,42416,42416
43,42416,42416
44,42416,42416
45,42416,42416
46,42416,42416
47,42416,42416
48,42416,42416
49,42416,42416
50,42416,42416
51,42416,42416
52,42416,42416
53,42416,42416
54,42416,42416
55,42416,42416
56,42416,42416
57,42416,42416
58,42416,42416
59,42416,42416
60,42416,42416
61,42416,42416
62,42416,42416
63,42416,42416
64,42416,42416
65,42416,42416
66,42416,42416
67,42416,42416
68,42416,42416
69,42416,42416
70,42416,42416
71,42416,42416
72,42416,42416
73,42416,42416
74,42416,42416
75,42416,42416
76,42416,42416
77,42416,42416
78,42416,42416
79,42416,42416
80,42416,42416
81,42416,42416
82,42416,42416
83,42416,42416
84,42416,42416
85,42416,42416
86,42416,42416
87,42416,42416
88,42416,42416
89,42416,42416
90,42416,42416
91,42416,42416
92,42416,42416
93,42416,42416
94,42416,42416
95,42416,42416
96,42416,42416
97,42416,42416
98,42416,42416
99,42416,42416
100,42416,42416
101,42416,42416
102,42416,42416
103,42416,42416
104,42416,42416
105,42416,42416
106,42416,42416
107,42416,42416
108,42416,42416
109,42416,42416
110,42416,42416
111,42416,42416
112,42416,42416
113,42416,42416
114,42416,42416
115,42416,42416
116,42416,42416
117,42416,42416
118,42416,42416
119,42416,42416
120,42416,42416
121,42416,42416
122,42416,42416
123,42416,42416
124,42416,42416
125,42416,42416
126,42416,42416
127,42416,42416
128,42416,42416
129,42416,42416
130,42416,42416
131,42416,42416
132,42416,42416
133,42416,42416
134,42416,42416
135,42416,42416
136,42416,42416
137,42416,42416
138,42416,42416
139,42416,42416
140,42416,42416
141,42416,42416
142,42416,42416
143,42416,42416
144,42416,42416
145,42416,42416
146,42416,42416
147,42416,42416
148,42416,42416
149,42416,42416
150,42416,42416
151,42416,42416
152,42416,42416
153,42416,42416
154,42416,42416
155,42416,42416
156,42416,42416
157,42416,42416
158,42416,42416
159,42416,42416
160,42416,42416
161,42416,42416
162,42416,42416
163,42416,42416
164,42416,42416
165,42416,42416
166,42416,42416
167,42416,42416
168,42416,42416
169,42416,42416
170,42416,42416
171,42416,42416
172,42416,42416
173,42416,42416
174,42416,42416
175,42416,42416
176,42416,42416
177,42416,42416
178,42416,42416
179,42416,42416
180,42416,42416
181,42416,42416
182,42416,42416
183,42416,42416
184,42416,42416
185,42416,42416
186,42416,42416
187,42416,42416
188,42416,42416
189,42416,42416
190,42416,42416
191,42416,42416
192,42416,42416
193,42416,42416
194,42416,42416
195,42416,42416
196,42416,42416
197,42416,42416
198,42416,42416
199,42416,42416
200,42416,42416
201,42416,42416
202,42416,42416
203,42416,42416
204,42416,42416
205,42416,42416
206,42416,42416
207,42417,42417
208,42417,42417
209,42417,42417
210,42417,42417
211,42417,42417
212,42417,42417
213,42417,42417
214,42417,42417
215,42417,42417
216,42417,42417
217,42417,42417
218,42417,42417
219,42417,42417
220,42417,42417
221,42417,42417
222,42417,42417
223,42417,42417
224,42417,42417
225,42417,42417
226,42417,42417
227,42417,42417
228,42417,42417
229,42417,42417
230,42417,42417
231,42417,42417
232,42417,42417
233,42417,42417
234,42417,42417
235,42417,42417
236,42417,42417
237,42417,42417
238,42417,42417
239,42417,42417
240,42417,42417
241,42417,42417
242,42417,42417
243,42417,42417
244,42417,42417
245,42417,42417
246,42417,42417
247,42417,42417
248,42417,42417
249,42417,42417
250,42417,42417
251,42417,42417
252,42417,42417
253,42417,42417
254,42417,42417
255,42417,42417
256,42417,42417
257,42417,42417
258,42417,42417
259,42417,42417
260,42417,42417
261,42417,42417
262,42417,42417
263,42417,42417
264,42417,42417
265,42417,42417
266,42417,42417
267,42417,42417
268,42417,42417
269,42417,42417
270,42417,42417
271,42417,42417
272,42417,42417
273,42417,42417
274,42417,42417
275,42417,42417
276,42417,42417
277,42417,42417
278,42417,42417
279,42417,42417
280,42417,42417
281,42417,42417
282,42417,42417
283,42417,42417
284,42417,42417
285,42417,42417
286,42417,42417
287,42417,42417
288,42417,42417
289,42417,42417
290,42417,42417
291,42417,42417
292,42417,42417
293,42417,42417
294,42417,42417
295,42417,42417
296,42417,42417
297,42417,42417
298,42417,42417
299,42417,42417
300,42417,42417
301,42417,42417
302,42417,42417
303,42417,42417
304,42417,42417
305,42417,42417
306,42417,42417
307,42417,42417
308,42417,42417
309,42417,42417
310,42417,42417
311,42417,42417
312,42417,42417
313,42417,42417
314,42417,42417
315,42417,42417
316,42417,42417
317,42417,42417
318,42417,42417
319,42417,42417
320,42417,42417
321,42417,42417
322,42417,42417
323,42417,42417
324,42417,42417
325,42417,42417
326,42417,42417
327,42417,42417
328,42417,42417
329,42417,42417
330,42417,42417
331,42417,42417
332,42417,42417
333,42417,42417
334,42417,42417
335,42417,42417
336,42417,42417
337,42417,42417
338,42417,42417
339,42417,42417
340,42417,42417
341,42417,42417
342,42417,42417
343,42417,42417
344,42417,42417
345,42417,42417
346,42417,42417
347,42417,42417
348,42417,42417
349,42417,42417
350,42417,42417
351,42417,42417
352,42417,42417
353,42417,42417
354,42417,42417
355,42417,42417
356,42417,42417
357,42417,42417
358,42417,42417
359,42417,42417
360,42417,42417
361,42417,42417
362,42417,42417
363,42417,42417
364,42417,42417
365,42417,42417
366,42417,42417
367,42417,42417
368,42417,42417
369,42417,42417
370,42417,42417
371,42417,42417
372,42417,42417
373,42417,42417
374,42417,42417
375,42417,42417
376,42417,42417
377,42417,42417
378,42417,42417
379,42417,42417
380,42417,42417
381,42417,42417
382,42417,42417
383,42417,42417
384,42417,42417
385,42417,42417
386,42417,42417
387,42417,42417
388,42417,42417
389,42417,42417
390,42417,42417
391,42417,42417
392,42417,42417
393,42417,42417
394,42417,42417
395,42417,42417
396,42417,42417
397,42417,42417
398,42417,42417
399,42417,42417
400,42417,42417
401,42417,42417
402,42417,42417
403,42417,42417
404,42417,42417
405,42417,42417
406,42417,42417
407,42417,42417
408,42417,42417
409,42417,42417
410,42417,42417
411,42417,42417
412,42417,42417
413,42417,42417
414,42418,42418
415,42418,42418
416,42418,42418
417,42418,42418
418,42418,42418
419,42418,42418
420,42418,42418
421,42418,42418
422,42418,42418
423,42418,42418
424,42418,42418
425,42418,42418
426,42418,42418
427,42418,42418
428,42418,42418
429,42418,42418
430,42418,42418
431,42418,42418
432,42418,42418
433,42418,42418
434,42418,42418
435,42418,42418
436,42418,42418
437,42418,42418
438,42418,42418
439,42418,42418
440,42418,42418
441,42418,42418
442,42418,42418
443,42418,42418
444,42418,42418
445,42418,42418
446,42418,42418
447,42418,42418
448,42418,42418
449,42418,42418
450,42418,42418
451,42418,42418
452,42418,42418
453,42418,42418
454,42418,42418
455,42418,42418
456,42418,42418
457,42418,42418
458,42418,42418
459,42418,42418
460,42418,42418
461,42418,42418
462,42418,42418
463,42418,42418
464,42418,42418
465,42418,42418
466,42418,42418
467,42418,42418
468,42418,42418
469,42418,42418
470,42418,42418
471,42418,42418
472,42418,42418
473,42418,42418
474,42418,42418
475,42418,42418
476,42418,42418
477,42418,42418
478,42418,42418
479,42418,42418
480,42418,42418
481,42418,42418
482,42418,42418
483,42418,42418
484,42418,42418
485,42418,42418
486,42418,42418
487,42418,42418
488,42418,42418
489,42418,42418
490,42418,42418
491,42418,42418
492,42418,42418
493,42418,42418
494,42418,42418
495,42418,42418
496,42418,42418
497,42418,42418
498,42418,42418
499,42418,42418
500,42418,42418
501,42418,42418
502,42418,42418
503,42418,42418
504,42418,42418
505,42418,42418
506,42418,42418
507,42418,42418
508,42418,42418
509,42418,42418
510,42418,42418
511,42418,42418
512,42418,42418
513,42418,42418
514,42418,42418
515,42418,42418
516,42418,42418
517,42418,42418
518,42418,42418
519,42418,42418
520,42418,42418
521,42418,42418
522,42418,42418
523,42418,42418
524,42418,42418
525,42418,42418
526,42418,42418
527,42418,42418
528,42418,42418
529,42418,42418
530,42418,42418
531,42418,42418
532,42418,42418
533,42418,42418
534,42418,42418
535,42418,42418
536,42418,42418
537,42418,42418
538,42418,42418
539,42418,42418
540,42418,42418
541,42418,42418
542,42418,42418
543,42418,42418
544,42418,42418
545,42418,42418
546,42418,42418
547,42418,42418
548,42418,42418
549,42418,42418
550,42418,42418
551,42418,42418
552,42418,42418
553,42418,42418
554,42418,42418
555,42418,42418
556,42418,42418
557,42418,42418
558,42418,42418
559,42418,42418
560,42418,42418
561,42418,42418
562,42418,42418
563,42418,42418
564,42418,42418
565,42418,42418
566,42418,42418
567,42418,42418
568,42418,42418
569,42418,42418
570,42418,42418
571,42418,42418
572,42418,42418
573,42418,42418
574,42418,42418
575,42418,42418
576,42418,42418
577,42418,42418
578,42418,42418
579,42418,42418
580,42418,42418
581,42418,42418
582,42418,42418
583,42418,42418
584,42418,42418
585,42418,42418
586,42418,42418
587,42418,42418
588,42418,42418
589,42418,42418
590,42418,42418
591,42418,42418
592,42418,42418
593,42418,42418
594,42418,42418
595,42418,42418
596,42418,42418
597,42418,42418
598,42418,42418
599,42418,42418
600,42418,42418
601,42418,42418
602,42418,42418
603,42418,42418
604,42418,42418
605,42418,42418
606,42418,42418
607,42418,42418
608,42418,42418
609,42418,42418
610,42418,42418
611,42418,42418
612,42418,42418
613,42418,42418
614,42418,42418
615,42418,42418
616,42418,42418
617,42418,42418
618,42418,42418
619,42418,42418
620,42418,42418
621,42419,42419
622,42419,42419
623,42419,42419
624,42419,42419
625,42419,42419
626,42419,42419
627,42419,42419
628,42419,42419
629,42419,42419
630,42419,42419
631,42419,42419
632,42419,42419
633,42419,42419
634,42419,42419
635,42419,42419
636,42419,42419
637,42419,42419
638,42419,42419
639,42419,42419
640,42419,42419
641,42419,42419
642,42419,42419
643,42419,42419
644,42419,42419
645,42419,42419
646,42419,42419
647,42419,42419
648,42419,42419
649,42419,42419
650,42419,42419
651,42419,42419
652,42419,42419
653,42419,42419
654,42419,42419
655,42419,42419
656,42419,42419
657,42419,42419
658,42419,42419
659,42419,42419
660,42419,42419
661,42419,42419
662,42419,42419
663,42419,42419
664,42419,42419
665,42419,42419
666,42419,42419
667,42419,42419
668,42419,42419
669,42419,42419
670,42419,42419
671,42419,42419
672,42419,42419
673,42419,42419
674,42419,42419
675,42419,42419
676,42419,42419
677,42419,42419
678,42419,42419
679,42419,42419
680,42419,42419
681,42419,42419
682,42419,42419
683,42419,42419
684,42419,42419
685,42419,42419
686,42419,42419
687,42419,42419
688,42419,42419
689,42419,42419
690,42419,42419
691,42419,42419
692,42419,42419
693,42419,42419
694,42419,42419
695,42419,42419
696,42419,42419
697,42419,42419
698,42419,42419
699,42419,42419
700,42419,42419
701,42419,42419
702,42419,42419
703,42419,42419
704,42419,42419
705,42419,42419
706,42419,42419
707,42419,42419
708,42419,42419
709,42419,42419
710,42419,42419
711,42419,42419
712,42419,42419
713,42419,42419
714,42419,42419
715,42419,42419
716,42419,42419
717,42419,42419
718,42419,42419
719,42419,42419
720,42419,42419
721,42419,42419
722,42419,42419
723,42419,42419
724,42419,42419
725,42419,42419
726,42419,42419
727,42419,42419
728,42419,42419
729,42419,42419
730,42419,42419
731,42419,42419
732,42419,42419
733,42419,42419
734,42419,42419
735,42419,42419
736,42419,42419
737,42419,42419
738,42419,42419
739,42419,42419
740,42419,42419
741,42419,42419
742,42419,42419
743,42419,42419
744,42419,42419
745,42419,42419
746,42419,42419
747,42419,42419
748,42419,42419
749,42419,42419
750,42419,42419
751,42419,42419
752,42419,42419
753,42419,42419
754,42419,42419
755,42419,42419
756,42419,42419
757,42419,42419
758,42419,42419
759,42419,42419
760,42419,42419
761,42419,42419
762,42419,42419
763,42419,42419
764,42419,42419
765,42419,42419
766,42419,42419
767,42419,42419
768,42419,42419
769,42419,42419
770,42419,42419
771,42419,42419
772,42419,42419
773,42419,42419
774,42419,42419
775,42419,42419
776,42419,42419
777,42419,42419
778,42419,42419
779,42419,42419
780,42419,42419
781,42419,42419
782,42419,42419
783,42419,42419
784,42419,42419
785,42419,42419
786,42419,42419
787,42419,42419
788,42419,42419
789,42419,42419
790,42419,42419
791,42419,42419
792,42419,42419
793,42419,42419
794,42419,42419
795,42419,42419
796,42419,42419
797,42419,42419
798,42419,42419
799,42419,42419
800,42419,42419
801,42419,42419
802,42419,42419
803,42419,42419
804,42419,42419
805,42419,42419
806,42419,42419
807,42419,42419
808,42419,42419
809,42419,42419
810,42419,42419
811,42419,42419
812,42419,42419
813,42419,42419
814,42419,42419
815,42419,42419
816,42419,42419
817,42419,42419
818,42419,42419
819,42419,42419
820,42419,42419
821,42419,42419
822,42419,42419
823,42419,42419
824,42419,42419
825,42419,42419
826,42419,42419
827,42419,42419
828,42420,42420
829,42420,42420
830,42420,42420
831,42420,42420
832,42420,42420
833,42420,42420
834,42420,42420
835,42420,42420
836,42420,42420
837,42420,42420
838,42420,42420
839,42420,42420
840,42420,42420
841,42420,42420
842,42420,42420
843,42420,42420
844,42420,42420
845,42420,42420
846,42420,42420
847,42420,42420
848,42420,42420
849,42420,42420
850,42420,42420
851,42420,42420
852,42420,42420
853,42420,42420
854,42420,42420
855,42420,42420
856,42420,42420
857,42420,42420
858,42420,42420
859,42420,42420
860,42420,42420
861,42420,42420
862,42420,42420
863,42420,42420
864,42420,42420
865,42420,42420
866,42420,42420
867,42420,42420
868,42420,42420
869,42420,42420
870,42420,42420
871,42420,42420
872,42420,42420
873,42420,42420
874,42420,42420
875,42420,42420
876,42420,42420
877,42420,42420
878,42420,42420
879,42420,42420
880,42420,42420
881,42420,42420
882,42420,42420
883,42420,42420
884,42420,42420
885,42420,42420
886,42420,42420
887,42420,42420
888,42420,42420
889,42420,42420
890,42420,42420
891,42420,42420
892,42420,42420
893,42420,42420
894,42420,42420
895,42420,42420
896,42420,42420
897,42420,42420
898,42420,42420
899,42420,42420
900,42420,42420
901,42420,42420
902,42420,42420
903,42420,42420
904,42420,42420
905,42420,42420
906,42420,42420
907,42420,42420
908,42420,42420
909,42420,42420
910,42420,42420
911,42420,42420
912,42420,42420
913,42420,42420
914,42420,42420
915,42420,42420
916,42420,42420
917,42420,42420
918,42420,42420
919,42420,42420
920,42420,42420
921,42420,42420
922,42420,42420
923,42420,42420
924,42420,42420
925,42420,42420
926,42420,42420
927,42420,42420
928,42420,42420
929,42420,42420
930,42420,42420
931,42420,42420
932,42420,42420
933,42420,42420
934,42420,42420
935,42420,42420
936,42420,42420
937,42420,42420
938,42420,42420
939,42420,42420
940,42420,42420
941,42420,42420
942,42420,42420
943,42420,42420
944,42420,42420
945,42420,42420
946,42420,42420
947,42420,42420
948,42420,42420
949,42420,42420
950,42420,42420
951,42420,42420
952,42420,42420
953,42420,42420
954,42420,42420
955,42420,42420
956,42420,42420
957,42420,42420
958,42420,42420
959,42420,42420
960,42420,42420
961,42420,42420
962,42420,42420
963,42420,42420
964,42420,42420
965,42420,42420
966,42420,42420
967,42420,42420
968,42420,42420
969,42420,42420
970,42420,42420
971,42420,42420
972,42420,42420
973,42420,42420
974,42420,42420
975,42420,42420
976,42420,42420
977,42420,42420
978,42420,42420
979,42420,42420
980,42420,42420
981,42420,42420
982,42420,42420
983,42420,42420
984,42420,42420
985,42420,42420
986,42420,42420
987,42420,42420
988,42420,42420
989,42420,42420
990,42420,42420
991,42420,42420
992,42420,42420
993,42420,42420
994,42420,42420
995,42420,42420
996,42420,42420
997,42420,42420
998,42420,42420
999,42420,42420
1000,42420,42420
1001,42420,42420
1002,42420,42420
1003,42420,42420
1004,42420,42420
1005,42420,42420
1006,42420,42420
1007,42420,42420
1008,42420,42420
1009,42420,42420
1010,42420,42420
1011,42420,42420
1012,42420,42420
1013,42420,42420
1014,42420,42420
1015,42420,42420
1016,42420,42420
1017,42420,42420
1018,42420,42420
1019,42420,42420
1020,42420,42420
1021,42420,42420
1022,42420,42420
1023,42420,42420
1024,42420,42420
1025,42420,42420
1026,42420,42420
1027,42420,42420
1028,42420,42420
1029,42420,42420
1030,42420,42420
1031,42420,42420
1032,42420,42420
1033,42420,42420
1034,42420,42420
1035,42421,42421
1036,42421,42421
1037,42421,42421
1038,42421,42421
1039,42421,42421
1040,42421,42421
1041,42421,42421
1042,42421,42421
1043,42421,42421
1044,42421,42421
1045,42421,42421
1046,42421,42421
1047,42421,42421
1048,42421,42421
1049,42421,42421
1050,42421,42421
1051,42421,42421
1052,42421,42421
1053,42421,42421
1054,42421,42421
1055,42421,42421
1056,42421,42421
1057,42421,42421
1058,42421,42421
1059,42421,42421
1060,42421,42421
1061,42421,42421
1062,42421,42421
1063,42421,42421
1064,42421,42421
1065,42421,42421
1066,42421,42421
1067,42421,42421
1068,42421,42421
1069,42421,42421
1070,42421,42421
1071,42421,42421
1072,42421,42421
1073,42421,42421
1074,42421,42421
1075,42421,42421
1076,42421,42421
1077,42421,42421
1078,42421,42421
1079,42421,42421
1080,42421,42421
1081,42421,42421
1082,42421,42421
1083,42421,42421
1084,42421,42421
1085,42421,42421
1086,42421,42421
1087,42421,42421
1088,42421,42421
1089,42421,42421
1090,42421,42421
1091,42421,42421
1092,42421,42421
1093,42421,42421
1094,42421,42421
1095,42421,42421
1096,42421,42421
1097,42421,42421
1098,42421,42421
1099,42421,42421
1100,42421,42421
1101,42421,42421
1102,42421,42421
1103,42421,42421
1104,42421,42421
1105,42421,42421
1106,42421,42421
1107,42421,42421
1108,42421,42421
1109,42421,42421
1110,42421,42421
1111,42421,42421
1112,42421,42421
1113,42421,42421
1114,42421,42421
1115,42421,42421
1116,42421,42421
1117,42421,42421
1118,42421,42421
1119,42421,42421
1120,42421,42421
1121,42421,42421
1122,42421,42421
1123,42421,42421
1124,42421,42421
1125,42421,42421
1126,42421,42421
1127,42421,42421
1128,42421,42421
1129,42421,42421
1130,42421,42421
1131,42421,42421
1132,42421,42421
1133,42421,42421
1134,42421,42421
1135,42421,42421
1136,42421,42421
1137,42421,42421
1138,42421,42421
1139,42421,42421
1140,42421,42421
1141,42421,42421
1142,42421,42421
1143,42421,42421
1144,42421,42421
1145,42421,42421
1146,42421,42421
1147,42421,42421
1148,42421,42421
1149,42421,42421
1150,42421,42421
1151,42421,42421
1152,42421,42421
1153,42421,42421
1154,42421,42421
1155,42421,42421
1156,42421,42421
1157,42421,42421
1158,42421,42421
1159,42421,42421
1160,42421,42421
1161,42421,42421
1162,42421,42421
1163,42421,42421
1164,42421,42421
1165,42421,42421
1166,42421,42421
1167,42421,42421
1168,42421,42421
1169,42421,42421
1170,42421,42421
1171,42421,42421
1172,42421,42421
1173,42421,42421
1174,42421,42421
1175,42421,42421
1176,42421,42421
1177,42421,42421
1178,42421,42421
1179,42421,42421
1180,42421,42421
1181,42421,42421
1182,42421,42421
1183,42421,42421
1184,42421,42421
1185,42421,42421
1186,42421,42421
1187,42421,42421
1188,42421,42421
1189,42421,42421
1190,42421,42421
1191,42421,42421
1192,42421,42421
1193,42421,42421
1194,42421,42421
1195,42421,42421
1196,42421,42421
1197,42421,42421
1198,42421,42421
1199,42421,42421
1200,42421,42421
1201,42421,42421
1202,42421,42421
1203,42421,42421
1204,42421,42421
1205,42421,42421
1206,42421,42421
1207,42421,42421
1208,42421,42421
1209,42421,42421
1210,42421,42421
1211,42421,42421
1212,42421,42421
1213,42421,42421
1214,42421,42421
1215,42421,42421
1216,42421,42421
1217,42421,42421
1218,42421,42421
1219,42421,42421
1220,42421,42421
1221,42421,42421
1222,42421,42421
1223,42421,42421
1224,42421,42421
1225,42421,42421
1226,42421,42421
1227,42421,42421
1228,42421,42421
1229,42421,42421
1230,42421,42421
1231,42421,42421
1232,42421,42421
1233,42421,42421
1234,42421,42421
1235,42421,42421
1236,42421,42421
1237,42421,42421
1238,42421,42421
1239,42421,42421
1240,42421,42421
1241,42421,42421
1242,42422,42422
1243,42422,42422
1244,42422,42422
1245,42422,42422
1246,42422,42422
1247,42422,42422
1248,42422,42422
1249,42422,42422
1250,42422,42422
1251,42422,42422
1252,42422,42422
1253,42422,42422
1254,42422,42422
1255,42422,42422
1256,42422,42422
1257,42422,42422
1258,42422,42422
1259,42422,42422
1260,42422,42422
1261,42422,42422
1262,42422,42422
1263,42422,42422
1264,42422,42422
1265,42422,42422
1266,42422,42422
1267,42422,42422
1268,42422,42422
1269,42422,42422
1270,42422,42422
1271,42422,42422
1272,42422,42422
1273,42422,42422
1274,42422,42422
1275,42422,42422
1276,42422,42422
1277,42422,42422
1278,42422,42422
1279,42422,42422
1280,42422,42422
1281,42422,42422
1282,42422,42422
1283,42422,42422
1284,42422,42422
1285,42422,42422
1286,42422,42422
1287,42422,42422
1288,42422,42422
1289,42422,42422
1290,42422,42422
1291,42422,42422
1292,42422,42422
1293,42422,42422
1294,42422,42422
1295,42422,42422
1296,42422,42422
1297,42422,42422
1298,42422,42422
1299,42422,42422
1300,42422,42422
1301,42422,42422
1302,42422,42422
1303,42422,42422
1304,42422,42422
1305,42422,42422
1306,42422,42422
1307,42422,42422
1308,42422,42422
1309,42422,42422
1310,42422,42422
1311,42422,42422
1312,42422,42422
1313,42422,42422
1314,42422,42422
1315,42422,42422
1316,42422,42422
1317,42422,42422
1318,42422,42422
1319,42422,42422
1320,42422,42422
1321,42422,42422
1322,42422,42422
1323,42422,42422
1324,42422,42422
1325,42422,42422
1326,42422,42422
1327,42422,42422
1328,42422,42422
1329,42422,42422
1330,42422,42422
1331,42422,42422
1332,42422,42422
1333,42422,42422
1334,42422,42422
1335,42422,42422
1336,42422,42422
1337,42422,42422
1338,42422,42422
1339,42422,42422
1340,42422,42422
1341,42422,42422
1342,42422,42422
1343,42422,42422
1344,42422,42422
1345,42422,42422
1346,42422,42422
1347,42422,42422
1348,42422,42422
1349,42422,42422
1350,42422,42422
1351,42422,42422
1352,42422,42422
1353,42422,42422
1354,42422,42422
1355,42422,42422
1356,42422,42422
1357,42422,42422
1358,42422,42422
1359,42422,42422
1360,42422,42422
1361,42422,42422
1362,42422,42422
1363,42422,42422
1364,42422,42422
1365,42422,42422
1366,42422,42422
1367,42422,42422
1368,42422,42422
1369,42422,42422
1370,42422,42422
1371,42422,42422
1372,42422,42422
1373,42422,42422
1374,42422,42422
1375,42422,42422
1376,42422,42422
1377,42422,42422
1378,42422,42422
1379,42422,42422
1380,42422,42422
1381,42422,42422
1382,42422,42422
1383,42422,42422
1384,42422,42422
1385,42422,42422
1386,42422,42422
1387,42422,42422
1388,42422,42422
1389,42422,42422
1390,42422,42422
1391,42422,42422
1392,42422,42422
1393,42422,42422
1394,42422,42422
1395,42422,42422
1396,42422,42422
1397,42422,42422
1398,42422,42422
1399,42422,42422
1400,42422,42422
1401,42422,42422
1402,42422,42422
1403,42422,42422
1404,42422,42422
1405,42422,42422
1406,42422,42422
1407,42422,42422
1408,42422,42422
1409,42422,42422
1410,42422,42422
1411,42422,42422
1412,42422,42422
1413,42422,42422
1414,42422,42422
1415,42422,42422
1416,42422,42422
1417,42422,42422
1418,42422,42422
1419,42422,42422
1420,42422,42422
1421,42422,42422
1422,42422,42422
1423,42422,42422
1424,42422,42422
1425,42422,42422
1426,42422,42422
1427,42422,42422
1428,42422,42422
1429,42422,42422
1430,42422,42422
1431,42422,42422
1432,42422,42422
1433,42422,42422
1434,42422,42422
1435,42422,42422
1436,42422,42422
1437,42422,42422
1438,42422,42422
1439,42422,42422
1440,42422,42422
1441,42422,42422
1442,42422,42422
1443,42422,42422
1444,42422,42422
1445,42422,42422
1446,42422,42422
1447,42422,42422
1448,42422,42422
1449,42423,42423
1450,42423,42423
1451,42423,42423
1452,42423,42423
1453,42423,42423
1454,42423,42423
1455,42423,42423
1456,42423,42423
1457,42423,42423
1458,42423,42423
1459,42423,42423
1460,42423,42423
1461,42423,42423
1462,42423,42423
1463,42423,42423
1464,42423,42423
1465,42423,42423
1466,42423,42423
1467,42423,42423
1468,42423,42423
1469,42423,42423
1470,42423,42423
1471,42423,42423
1472,42423,42423
1473,42423,42423
1474,42423,42423
1475,42423,42423
1476,42423,42423
1477,42423,42423
1478,42423,42423
1479,42423,42423
1480,42423,42423
1481,42423,42423
1482,42423,42423
1483,42423,42423
1484,42423,42423
1485,42423,42423
1486,42423,42423
1487,42423,42423
1488,42423,42423
1489,42423,42423
1490,42423,42423
1491,42423,42423
1492,42423,42423
1493,42423,42423
1494,42423,42423
1495,42423,42423
1496,42423,42423
1497,42423,42423
1498,42423,42423
1499,42423,42423
1500,42423,42423
1501,42423,42423
1502,42423,42423
1503,42423,42423
1504,42423,42423
1505,42423,42423
1506,42423,42423
1507,42423,42423
1508,42423,42423
1509,42423,42423
1510,42423,42423
1511,42423,42423
1512,42423,42423
1513,42423,42423
1514,42423,42423
1515,42423,42423
1516,42423,42423
1517,42423,42423
1518,42423,42423
1519,42423,42423
1520,42423,42423
1521,42423,42423
1522,42423,42423
1523,42423,42423
1524,42423,42423
1525,42423,42423
1526,42423,42423
1527,42423,42423
1528,42423,42423
1529,42423,42423
1530,42423,42423
1531,42423,42423
1532,42423,42423
1533,42423,42423
1534,42423,42423
1535,42423,42423
1536,42423,42423
1537,42423,42423
1538,42423,42423
1539,42423,42423
1540,42423,42423
1541,42423,42423
1542,42423,42423
1543,42423,42423
1544,42423,42423
1545,42423,42423
1546,42423,42423
1547,42423,42423
1548,42423,42423
1549,42423,42423
1550,42423,42423
1551,42423,42423
1552,42423,42423
1553,42423,42423
1554,42423,42423
1555,42423,42423
1556,42423,42423
1557,42423,42423
1558,42423,42423
1559,42423,42423
1560,42423,42423
1561,42423,42423
1562,42423,42423
1563,42423,42423
1564,42423,42423
1565,42423,42423
1566,42423,42423
1567,42423,42423
1568,42423,42423
1569,42423,42423
1570,42423,42423
1571,42423,42423
1572,42423,42423
1573,42423,42423
1574,42423,42423
1575,42423,42423
1576,42423,42423
1577,42423,42423
1578,42423,42423
1579,42423,42423
1580,42423,42423
1581,42423,42423
1582,42423,42423
1583,42423,42423
1584,42423,42423
1585,42423,42423
1586,42423,42423
1587,42423,42423
1588,42423,42423
1589,42423,42423
1590,42423,42423
1591,42423,42423
1592,42423,42423
1593,42423,42423
1594,42423,42423
1595,42423,42423
1596,42423,42423
1597,42423,42423
1598,42423,42423
1599,42423,42423
1600,42423,42423
1601,42423,42423
1602,42423,42423
1603,42423,42423
1604,42423,42423
1605,42423,42423
1606,42423,42423
1607,42423,42423
1608,42423,42423
1609,42423,42423
1610,42423,42423
1611,42423,42423
1612,42423,42423
1613,42423,42423
1614,42423,42423
1615,42423,42423
1616,42423,42423
1617,42423,42423
1618,42423,42423
1619,42423,42423
1620,42423,42423
1621,42423,42423
1622,42423,42423
1623,42423,42423
1624,42423,42423
1625,42423,42423
1626,42423,42423
1627,42423,42423
1628,42423,42423
1629,42423,42423
1630,42423,42423
1631,42423,42423
1632,42423,42423
1633,42423,42423
1634,42423,42423
1635,42423,42423
1636,42423,42423
1637,42423,42423
1638,42423,42423
1639,42423,42423
1640,42423,42423
1641,42423,42423
1642,42423,42423
1643,42423,42423
1644,42423,42423
1645,42423,42423
1646,42423,42423
1647,42423,42423
1648,42423,42423
1649,42423,42423
1650,42423,42423
1651,42423,42423
1652,42423,42423
1653,42423,42423
1654,42423,42423
1655,42423,42423
1656,42424,42424
1657,42424,42424
1658,42424,42424
1659,42424,42424
1660,42424,42424
1661,42424,42424
1662,42424,42424
1663,42424,42424
1664,42424,42424
1665,42424,42424
1666,42424,42424
1667,42424,42424
1668,42424,42424
1669,42424,42424
1670,42424,42424
1671,42424,42424
1672,42424,42424
1673,42424,42424
1674,42424,42424
1675,42424,42424
1676,42424,42424
1677,42424,42424
1678,42424,42424
1679,42424,42424
1680,42424,42424
1681,42424,42424
1682,42424,42424
1683,42424,42424
1684,42424,42424
1685,42424,42424
1686,42424,42424
1687,42424,42424
1688,42424,42424
1689,42424,42424
1690,42424,42424
1691,42424,42424
1692,42424,42424
1693,42424,42424
1694,42424,42424
1695,42424,42424
1696,42424,42424
1697,42424,42424
1698,42424,42424
1699,42424,42424
1700,42424,42424
1701,42424,42424
1702,42424,42424
1703,42424,42424
1704,42424,42424
1705,42424,42424
1706,42424,42424
1707,42424,42424
1708,42424,42424
1709,42424,42424
1710,42424,42424
1711,42424,42424
1712,42424,42424
1713,42424,42424
1714,42424,42424
1715,42424,42424
1716,42424,42424
1717,42424,42424
1718,42424,42424
1719,42424,42424
1720,42424,42424
1721,42424,42424
1722,42424,42424
1723,42424,42424
1724,42424,42424
1725,42424,42424
1726,42424,42424
1727,42424,42424
1728,42424,42424
1729,42424,42424
1730,42424,42424
1731,42424,42424
1732,42424,42424
1733,42424,42424
1734,42424,42424
1735,42424,42424
1736,42424,42424
1737,42424,42424
1738,42424,42424
1739,42424,42424
1740,42424,42424
1741,42424,42424
1742,42424,42424
1743,42424,42424
1744,42424,42424
1745,42424,42424
1746,42424,42424
1747,42424,42424
1748,42424,42424
1749,42424,42424
1750,42424,42424
1751,42424,42424
1752,42424,42424
1753,42424,42424
1754,42424,42424
1755,42424,42424
1756,42424,42424
1757,42424,42424
1758,42424,42424
1759,42424,42424
1760,42424,42424
1761,42424,42424
1762,42424,42424
1763,42424,42424
1764,42424,42424
1765,42424,42424
1766,42424,42424
1767,42424,42424
1768,42424,42424
1769,42424,42424
1770,42424,42424
1771,42424,42424
1772,42424,42424
1773,42424,42424
1774,42424,42424
1775,42424,42424
1776,42424,42424
1777,42424,42424
1778,42424,42424
1779,42424,42424
1780,42424,42424
1781,42424,42424
1782,42424,42424
1783,42424,42424
1784,42424,42424
1785,42424,42424
1786,42424,42424
1787,42424,42424
1788,42424,42424
1789,42424,42424
1790,42424,42424
1791,42424,42424
1792,42424,42424
1793,42424,42424
1794,42424,42424
1795,42424,42424
1796,42424,42424
1797,42424,42424
1798,42424,42424
1799,42424,42424
1800,42424,42424
1801,42424,42424
1802,42424,42424
1803,42424,42424
1804,42424,42424
1805,42424,42424
1806,42424,42424
1807,42424,42424
1808,42424,42424
1809,42424,42424
1810,42424,42424
1811,42424,42424
1812,42424,42424
1813,42424,42424
1814,42424,42424
1815,42424,42424
1816,42424,42424
1817,42424,42424
1818,42424,42424
1819,42424,42424
1820,42424,42424
1821,42424,42424
1822,42424,42424
1823,42424,42424
1824,42424,42424
1825,42424,42424
1826,42424,42424
1827,42424,42424
1828,42424,42424
1829,42424,42424
1830,42424,42424
1831,42424,42424
1832,42424,42424
1833,42424,42424
1834,42424,42424
1835,42424,42424
1836,42424,42424
1837,42424,42424
1838,42424,42424
1839,42424,42424
1840,42424,42424
1841,42424,42424
1842,42424,42424
1843,42424,42424
1844,42424,42424
1845,42424,42424
1846,42424,42424
1847,42424,42424
1848,42424,42424
1849,42424,42424
1850,42424,42424
1851,42424,42424
1852,42424,42424
1853,42424,42424
1854,42424,42424
1855,42424,42424
1856,42424,42424
1857,42424,42424
1858,42424,42424
1859,42424,42424
1860,42424,42424
1861,42424,42424
1862,42424,42424
1863,42425,42425
1864,42425,42425
1865,42425,42425
1866,42425,42425
1867,42425,42425
1868,42425,42425
1869,42425,42425
1870,42425,42425
1871,42425,42425
1872,42425,42425
1873,42425,42425
1874,42425,42425
1875,42425,42425
1876,42425,42425
1877,42425,42425
1878,42425,42425
1879,42425,42425
1880,42425,42425
1881,42425,42425
1882,42425,42425
1883,42425,42425
1884,42425,42425
1885,42425,42425
1886,42425,42425
1887,42425,42425
1888,42425,42425
1889,42425,42425
1890,42425,42425
1891,42425,42425
1892,42425,42425
1893,42425,42425
1894,42425,42425
1895,42425,42425
1896,42425,42425
1897,42425,42425
1898,42425,42425
1899,42425,42425
1900,42425,42425
1901,42425,42425
1902,42425,42425
1903,42425,42425
1904,42425,42425
1905,42425,42425
1906,42425,42425
1907,42425,42425
1908,42425,42425
1909,42425,42425
1910,42425,42425
1911,42425,42425
1912,42425,42425
1913,42425,42425
1914,42425,42425
1915,42425,42425
1916,42425,42425
1917,42425,42425
1918,42425,42425
1919,42425,42425
1920,42425,42425
1921,42425,42425
1922,42425,42425
1923,42425,42425
1924,42425,42425
1925,42425,42425
1926,42425,42425
1927,42425,42425
1928,42425,42425
1929,42425,42425
1930,42425,42425
1931,42425,42425
1932,42425,42425
1933,42425,42425
1934,42425,42425
1935,42425,42425
1936,42425,42425
1937,42425,42425
1938,42425,42425
1939,42425,42425
1940,42425,42425
1941,42425,42425
1942,42425,42425
1943,42425,42425
1944,42425,42425
1945,42425,42425
1946,42425,42425
1947,42425,42425
1948,42425,42425
1949,42425,42425
1950,42425,42425
1951,42425,42425
1952,42425,42425
1953,42425,42425
1954,42425,42425
1955,42425,42425
1956,42425,42425
1957,42425,42425
1958,42425,42425
1959,42425,42425
1960,42425,42425
1961,42425,42425
1962,42425,42425
1963,42425,42425
1964,42425,42425
1965,42425,42425
1966,42425,42425
1967,42425,42425
1968,42425,42425
1969,42425,42425
1970,42425,42425
1971,42425,42425
1972,42425,42425
1973,42425,42425
1974,42425,42425
1975,42425,42425
1976,42425,42425
1977,42425,42425
1978,42425,42425
1979,42425,42425
1980,42425,42425
1981,42425,42425
1982,42425,42425
1983,42425,42425
1984,42425,42425
1985,42425,42425
1986,42425,42425
1987,42425,42425
1988,42425,42425
1989,42425,42425
1990,42425,42425
1991,42425,42425
1992,42425,42425
1993,42425,42425
1994,42425,42425
1995,42425,42425
1996,42425,42425
1997,42425,42425
1998,42425,42425
1999,42425,42425
2000,42425,42425
2001,42425,42425
2002,42425,42425
2003,42425,42425
2004,42425,42425
2005,42425,42425
2006,42425,42425
2007,42425,42425
2008,42425,42425
2009,42425,42425
2010,42425,42425
2011,42425,42425
2012,42425,42425
2013,42425,42425
2014,42425,42425
2015,42425,42425
2016,42425,42425
2017,42425,42425
2018,42425,42425
2019,42425,42425
2020,42425,42425
2021,42425,42425
2022,42425,42425
2023,42425,42425
2024,42425,42425
2025,42425,42425
2026,42425,42425
2027,42425,42425
2028,42425,42425
2029,42425,42425
2030,42425,42425
2031,42425,42425
2032,42425,42425
2033,42425,42425
2034,42425,42425
2035,42425,42425
2036,42425,42425
2037,42425,42425
2038,42425,42425
2039,42425,42425
2040,42425,42425
2041,42425,42425
2042,42425,42425
2043,42425,42425
2044,42425,42425
2045,42425,42425
2046,42425,42425
2047,42425,42425
2048,42425,42425
2049,42425,42425
2050,42425,42425
2051,42425,42425
2052,42425,42425
2053,42425,42425
2054,42425,42425
2055,42425,42425
2056,42425,42425
2057,42425,42425
2058,42425,42425
2059,42425,42425
2060,42425,42425
2061,42425,42425
2062,42425,42425
2063,42425,42425
2064,42425,42425
2065,42425,42425
2066,42425,42425
2067,42425,42425
2068,42425,42425
2069,42425,42425
2070,42426,42426
2071,42426,42426
2072,42426,42426
2073,42426,42426
2074,42426,42426
2075,42426,42426
2076,42426,42426
2077,42426,42426
2078,42426,42426
2079,42426,42426
2080,42426,42426
2081,42426,42426
2082,42426,42426
2083,42426,42426
2084,42426,42426
2085,42426,42426
2086,42426,42426
2087,42426,42426
2088,42426,42426
2089,42426,42426
2090,42426,42426
2091,42426,42426
2092,42426,42426
2093,42426,42426
2094,42426,42426
2095,42426,42426
2096,42426,42426
2097,42426,42426
2098,42426,42426
2099,42426,42426
2100,42426,42426
2101,42426,42426
2102,42426,42426
2103,42426,42426
2104,42426,42426
2105,42426,42426
2106,42426,42426
2107,42426,42426
2108,42426,42426
2109,42426,42426
2110,42426,42426
2111,42426,42426
2112,42426,42426
2113,42426,42426
2114,42426,42426
2115,42426,42426
2116,42426,42426
2117,42426,42426
2118,42426,42426
2119,42426,42426
2120,42426,42426
2121,42426,42426
2122,42426,42426
2123,42426,42426
2124,42426,42426
2125,42426,42426
2126,42426,42426
2127,42426,42426
2128,42426,42426
2129,42426,42426
2130,42426,42426
2131,42426,42426
2132,42426,42426
2133,42426,42426
2134,42426,42426
2135,42426,42426
2136,42426,42426
2137,42426,42426
2138,42426,42426
2139,42426,42426
2140,42426,42426
2141,42426,42426
2142,42426,42426
2143,42426,42426
2144,42426,42426
2145,42426,42426
2146,42426,42426
2147,42426,42426
2148,42426,42426
2149,42426,42426
2150,42426,42426
2151,42426,42426
2152,42426,42426
2153,42426,42426
2154,42426,42426
2155,42426,42426
2156,42426,42426
2157,42426,42426
2158,42426,42426
2159,42426,42426
2160,42426,42426
2161,42426,42426
2162,42426,42426
2163,42426,42426
2164,42426,42426
2165,42426,42426
2166,42426,42426
2167,42426,42426
2168,42426,42426
2169,42426,42426
2170,42426,42426
2171,42426,42426
2172,42426,42426
2173,42426,42426
2174,42426,42426
2175,42426,42426
2176,42426,42426
2177,42426,42426
2178,42426,42426
2179,42426,42426
2180,42426,42426
2181,42426,42426
2182,42426,42426
2183,42426,42426
2184,42426,42426
2185,42426,42426
2186,42426,42426
2187,42426,42426
2188,42426,42426
2189,42426,42426
2190,42426,42426
2191,42426,42426
2192,42426,42426
2193,42426,42426
2194,42426,42426
2195,42426,42426
2196,42426,42426
2197,42426,42426
2198,42426,42426
2199,42426,42426
2200,42426,42426
2201,42426,42426
2202,42426,42426
2203,42426,42426
2204,42426,42426
2205,42426,42426
2206,42426,42426
2207,42426,42426
2208,42426,42426
2209,42426,42426
2210,42426,42426
2211,42426,42426
2212,42426,42426
2213,42426,42426
2214,42426,42426
2215,42426,42426
2216,42426,42426
2217,42426,42426
2218,42426,42426
2219,42426,42426
2220,42426,42426
2221,42426,42426
2222,42426,42426
2223,42426,42426
2224,42426,42426
2225,42426,42426
2226,42426,42426
2227,42426,42426
2228,42426,42426
2229,42426,42426
2230,42426,42426
2231,42426,42426
2232,42426,42426
2233,42426,42426
2234,42426,42426
2235,42426,42426
2236,42426,42426
2237,42426,42426
2238,42426,42426
2239,42426,42426
2240,42426,42426
2241,42426,42426
2242,42426,42426
2243,42426,42426
2244,42426,42426
2245,42426,42426
2246,42426,42426
2247,42426,42426
2248,42426,42426
2249,42426,42426
2250,42426,42426
2251,42426,42426
2252,42426,42426
2253,42426,42426
2254,42426,42426
2255,42426,42426
2256,42426,42426
2257,42426,42426
2258,42426,42426
2259,42426,42426
2260,42426,42426
2261,42426,42426
2262,42426,42426
2263,42426,42426
2264,42426,42426
2265,42426,42426
2266,42426,42426
2267,42426,42426
2268,42426,42426
2269,42426,42426
2270,42426,42426
2271,42426,42426
2272,42426,42426
2273,42426,42426
2274,42426,42426
2275,42426,42426
2276,42426,42426
2277,42427,42427
2278,42427,42427
2279,42427,42427
2280,42427,42427
2281,42427,42427
2282,42427,42427
2283,42427,42427
2284,42427,42427
2285,42427,42427
2286,42427,42427
2287,42427,42427
2288,42427,42427
2289,42427,42427
2290,42427,42427
2291,42427,42427
2292,42427,42427
2293,42427,42427
2294,42427,42427
2295,42427,42427
2296,42427,42427
2297,42427,42427
2298,42427,42427
2299,42427,42427
2300,42427,42427
2301,42427,42427
2302,42427,42427
2303,42427,42427
2304,42427,42427
2305,42427,42427
2306,42427,42427
2307,42427,42427
2308,42427,42427
2309,42427,42427
2310,42427,42427
2311,42427,42427
2312,42427,42427
2313,42427,42427
2314,42427,42427
2315,42427,42427
2316,42427,42427
2317,42427,42427
2318,42427,42427
2319,42427,42427
2320,42427,42427
2321,42427,42427
2322,42427,42427
2323,42427,42427
2324,42427,42427
2325,42427,42427
2326,42427,42427
2327,42427,42427
2328,42427,42427
2329,42427,42427
2330,42427,42427
2331,42427,42427
2332,42427,42427
2333,42427,42427
2334,42427,42427
2335,42427,42427
2336,42427,42427
2337,42427,42427
2338,42427,42427
2339,42427,42427
2340,42427,42427
2341,42427,42427
2342,42427,42427
2343,42427,42427
2344,42427,42427
2345,42427,42427
2346,42427,42427
2347,42427,42427
2348,42427,42427
2349,42427,42427
2350,42427,42427
2351,42427,42427
2352,42427,42427
2353,42427,42427
2354,42427,42427
2355,42427,42427
2356,42427,42427
2357,42427,42427
2358,42427,42427
2359,42427,42427
2360,42427,42427
2361,42427,42427
2362,42427,42427
2363,42427,42427
2364,42427,42427
2365,42427,42427
2366,42427,42427
2367,42427,42427
2368,42427,42427
2369,42427,42427
2370,42427,42427
2371,42427,42427
2372,42427,42427
2373,42427,42427
2374,42427,42427
2375,42427,42427
2376,42427,42427
2377,42427,42427
2378,42427,42427
2379,42427,42427
2380,42427,42427
2381,42427,42427
2382,42427,42427
2383,42427,42427
2384,42427,42427
2385,42427,42427
2386,42427,42427
2387,42427,42427
2388,42427,42427
2389,42427,42427
2390,42427,42427
2391,42427,42427
2392,42427,42427
2393,42427,42427
2394,42427,42427
2395,42427,42427
2396,42427,42427
2397,42427,42427
2398,42427,42427
2399,42427,42427
2400,42427,42427
2401,42427,42427
2402,42427,42427
2403,42427,42427
2404,42427,42427
2405,42427,42427
2406,42427,42427
2407,42427,42427
2408,42427,42427
2409,42427,42427
2410,42427,42427
2411,42427,42427
2412,42427,42427
2413,42427,42427
2414,42427,42427
2415,42427,42427
2416,42427,42427
2417,42427,42427
2418,42427,42427
2419,42427,42427
2420,42427,42427
2421,42427,42427
2422,42427,42427
2423,42427,42427
2424,42427,42427
2425,42427,42427
2426,42427,42427
2427,42427,42427
2428,42427,42427
2429,42427,42427
2430,42427,42427
2431,42427,42427
2432,42427,42427
2433,42427,42427
2434,42427,42427
2435,42427,42427
2436,42427,42427
2437,42427,42427
2438,42427,42427
2439,42427,42427
2440,42427,42427
2441,42427,42427
2442,42427,42427
2443,42427,42427
2444,42427,42427
2445,42427,42427
2446,42427,42427
2447,42427,42427
2448,42427,42427
2449,42427,42427
2450,42427,42427
2451,42427,42427
2452,42427,42427
2453,42427,42427
2454,42427,42427
2455,42427,42427
2456,42427,42427
2457,42427,42427
2458,42427,42427
2459,42427,42427
2460,42427,42427
2461,42427,42427
2462,42427,42427
2463,42427,42427
2464,42427,42427
2465,42427,42427
2466,42427,42427
2467,42427,42427
2468,42427,42427
2469,42427,42427
2470,42427,42427
2471,42427,42427
2472,42427,42427
2473,42427,42427
2474,42427,42427
2475,42427,42427
2476,42427,42427
2477,42427,42427
2478,42427,42427
2479,42427,42427
2480,42427,42427
2481,42427,42427
2482,42427,42427
2483,42427,42427
2484,42428,42428
2485,42428,42428
2486,42428,42428
2487,42428,42428
2488,42428,42428
2489,42428,42428
2490,42428,42428
2491,42428,42428
2492,42428,42428
2493,42428,42428
2494,42428,42428
2495,42428,42428
2496,42428,42428
2497,42428,42428
2498,42428,42428
2499,42428,42428
2500,42428,42428
2501,42428,42428
2502,42428,42428
2503,42428,42428
2504,42428,42428
2505,42428,42428
2506,42428,42428
2507,42428,42428
2508,42428,42428
2509,42428,42428
2510,42428,42428
2511,42428,42428
2512,42428,42428
2513,42428,42428
2514,42428,42428
2515,42428,42428
2516,42428,42428
2517,42428,42428
2518,42428,42428
2519,42428,42428
2520,42428,42428
2521,42428,42428
2522,42428,42428
2523,42428,42428
2524,42428,42428
2525,42428,42428
2526,42428,42428
2527,42428,42428
2528,42428,42428
2529,42428,42428
2530,42428,42428
2531,42428,42428
2532,42428,42428
2533,42428,42428
2534,42428,42428
2535,42428,42428
2536,42428,42428
2537,42428,42428
2538,42428,42428
2539,42428,42428
2540,42428,42428
2541,42428,42428
2542,42428,42428
2543,42428,42428
2544,42428,42428
2545,42428,42428
2546,42428,42428
2547,42428,42428
2548,42428,42428
2549,42428,42428
2550,42428,42428
2551,42428,42428
2552,42428,42428
2553,42428,42428
2554,42428,42428
2555,42428,42428
2556,42428,42428
2557,42428,42428
2558,42428,42428
2559,42428,42428
2560,42428,42428
2561,42428,42428
2562,42428,42428
2563,42428,42428
2564,42428,42428
2565,42428,42428
2566,42428,42428
2567,42428,42428
2568,42428,42428
2569,42428,42428
2570,42428,42428
2571,42428,42428
2572,42428,42428
2573,42428,42428
2574,42428,42428
2575,42428,42428
2576,42428,42428
2577,42428,42428
2578,42428,42428
2579,42428,42428
2580,42428,42428
2581,42428,42428
2582,42428,42428
2583,42428,42428
2584,42428,42428
2585,42428,42428
2586,42428,42428
2587,42428,42428
2588,42428,42428
2589,42428,42428
2590,42428,42428
2591,42428,42428
2592,42428,42428
2593,42428,42428
2594,42428,42428
2595,42428,42428
2596,42428,42428
2597,42428,42428
2598,42428,42428
2599,42428,42428
2600,42428,42428
2601,42428,42428
2602,42428,42428
2603,42428,42428
2604,42428,42428
2605,42428,42428
2606,42428,42428
2607,42428,42428
2608,42428,42428
2609,42428,42428
2610,42428,42428
2611,42428,42428
2612,42428,42428
2613,42428,42428
2614,42428,42428
2615,42428,42428
2616,42428,42428
2617,42428,42428
2618,42428,42428
2619,42428,42428
2620,42428,42428
2621,42428,42428
2622,42428,42428
2623,42428,42428
2624,42428,42428
2625,42428,42428
2626,42428,42428
2627,42428,42428
2628,42428,42428
2629,42428,42428
2630,42428,42428
2631,42428,42428
2632,42428,42428
2633,42428,42428
2634,42428,42428
2635,42428,42428
2636,42428,42428
2637,42428,42428
2638,42428,42428
2639,42428,42428
2640,42428,42428
2641,42428,42428
2642,42428,42428
2643,42428,42428
2644,42428,42428
2645,42428,42428
2646,42428,42428
2647,42428,42428
2648,42428,42428
2649,42428,42428
2650,42428,42428
2651,42428,42428
2652,42428,42428
2653,42428,42428
2654,42428,42428
2655,42428,42428
2656,42428,42428
2657,42428,42428
2658,42428,42428
2659,42428,42428
2660,42428,42428
2661,42428,42428
2662,42428,42428
2663,42428,42428
2664,42428,42428
2665,42428,42428
2666,42428,42428
2667,42428,42428
2668,42428,42428
2669,42428,42428
2670,42428,42428
2671,42428,42428
2672,42428,42428
2673,42428,42428
2674,42428,42428
2675,42428,42428
2676,42428,42428
2677,42428,42428
2678,42428,42428
2679,42428,42428
2680,42428,42428
2681,42428,42428
2682,42428,42428
2683,42428,42428
2684,42428,42428
2685,42428,42428
2686,42428,42428
2687,42428,42428
2688,42428,42428
2689,42428,42428
2690,42428,42428
2691,42429,42429
2692,42429,42429
2693,42429,42429
2694,42429,42429
2695,42429,42429
2696,42429,42429
2697,42429,42429
2698,42429,42429
2699,42429,42429
2700,42429,42429
2701,42429,42429
2702,42429,42429
2703,42429,42429
2704,42429,42429
2705,42429,42429
2706,42429,42429
2707,42429,42429
2708,42429,42429
2709,42429,42429
2710,42429,42429
2711,42429,42429
2712,42429,42429
2713,42429,42429
2714,42429,42429
2715,42429,42429
2716,42429,42429
2717,42429,42429
2718,42429,42429
2719,42429,42429
2720,42429,42429
2721,42429,42429
2722,42429,42429
2723,42429,42429
2724,42429,42429
2725,42429,42429
2726,42429,42429
2727,42429,42429
2728,42429,42429
2729,42429,42429
2730,42429,42429
2731,42429,42429
2732,42429,42429
2733,42429,42429
2734,42429,42429
2735,42429,42429
2736,42429,42429
2737,42429,42429
2738,42429,42429
2739,42429,42429
2740,42429,42429
2741,42429,42429
2742,42429,42429
2743,42429,42429
2744,42429,42429
2745,42429,42429
2746,42429,42429
2747,42429,42429
2748,42429,42429
2749,42429,42429
2750,42429,42429
2751,42429,42429
2752,42429,42429
2753,42429,42429
2754,42429,42429
2755,42429,42429
2756,42429,42429
2757,42429,42429
2758,42429,42429
2759,42429,42429
2760,42429,42429
2761,42429,42429
2762,42429,42429
2763,42429,42429
2764,42429,42429
2765,42429,42429
2766,42429,42429
2767,42429,42429
2768,42429,42429
2769,42429,42429
2770,42429,42429
2771,42429,42429
2772,42429,42429
2773,42429,42429
2774,42429,42429
2775,42429,42429
2776,42429,42429
2777,42429,42429
2778,42429,42429
2779,42429,42429
2780,42429,42429
2781,42429,42429
2782,42429,42429
2783,42429,42429
2784,42429,42429
2785,42429,42429
2786,42429,42429
2787,42429,42429
2788,42429,42429
2789,42429,42429
2790,42429,42429
2791,42429,42429
2792,42429,42429
2793,42429,42429
2794,42429,42429
2795,42429,42429
2796,42429,42429
2797,42429,42429
2798,42429,42429
2799,42429,42429
2800,42429,42429
2801,42429,42429
2802,42429,42429
2803,42429,42429
2804,42429,42429
2805,42429,42429
2806,42429,42429
2807,42429,42429
2808,42429,42429
2809,42429,42429
2810,42429,42429
2811,42429,42429
2812,42429,42429
2813,42429,42429
2814,42429,42429
2815,42429,42429
2816,42429,42429
2817,42429,42429
2818,42429,42429
2819,42429,42429
2820,42429,42429
2821,42429,42429
2822,42429,42429
2823,42429,42429
2824,42429,42429
2825,42429,42429
2826,42429,42429
2827,42429,42429
2828,42429,42429
2829,42429,42429
2830,42429,42429
2831,42429,42429
2832,42429,42429
2833,42429,42429
2834,42429,42429
2835,42429,42429
2836,42429,42429
2837,42429,42429
2838,42429,42429
2839,42429,42429
2840,42429,42429
2841,42429,42429
2842,42429,42429
2843,42429,42429
2844,42429,42429
2845,42429,42429
2846,42429,42429
2847,42429,42429
2848,42429,42429
2849,42429,42429
2850,42429,42429
2851,42429,42429
2852,42429,42429
2853,42429,42429
2854,42429,42429
2855,42429,42429
2856,42429,42429
2857,42429,42429
2858,42429,42429
2859,42429,42429
2860,42429,42429
2861,42429,42429
2862,42429,42429
2863,42429,42429
2864,42429,42429
2865,42429,42429
2866,42429,42429
2867,42429,42429
2868,42429,42429
2869,42429,42429
2870,42429,42429
2871,42429,42429
2872,42429,42429
2873,42429,42429
2874,42429,42429
2875,42429,42429
2876,42429,42429
2877,42429,42429
2878,42429,42429
2879,42429,42429
2880,42429,42429
2881,42429,42429
2882,42429,42429
2883,42429,42429
2884,42429,42429
2885,42429,42429
2886,42429,42429
2887,42429,42429
2888,42429,42429
2889,42429,42429
2890,42429,42429
2891,42429,42429
2892,42429,42429
2893,42429,42429
2894,42429,42429
2895,42429,42429
2896,42429,42429
2897,42429,42429
2898,42430,42430
2899,42430,42430
2900,42430,42430
2901,42430,42430
2902,42430,42430
2903,42430,42430
2904,42430,42430
2905,42430,42430
2906,42430,42430
2907,42430,42430
2908,42430,42430
2909,42430,42430
2910,42430,42430
2911,42430,42430
2912,42430,42430
2913,42430,42430
2914,42430,42430
2915,42430,42430
2916,42430,42430
2917,42430,42430
2918,42430,42430
2919,42430,42430
2920,42430,42430
2921,42430,42430
2922,42430,42430
2923,42430,42430
2924,42430,42430
2925,42430,42430
2926,42430,42430
2927,42430,42430
2928,42430,42430
2929,42430,42430
2930,42430,42430
2931,42430,42430
2932,42430,42430
2933,42430,42430
2934,42430,42430
2935,42430,42430
2936,42430,42430
2937,42430,42430
2938,42430,42430
2939,42430,42430
2940,42430,42430
2941,42430,42430
2942,42430,42430
2943,42430,42430
2944,42430,42430
2945,42430,42430
2946,42430,42430
2947,42430,42430
2948,42430,42430
2949,42430,42430
2950,42430,42430
2951,42430,42430
2952,42430,42430
2953,42430,42430
2954,42430,42430
2955,42430,42430
2956,42430,42430
2957,42430,42430
2958,42430,42430
2959,42430,42430
2960,42430,42430
2961,42430,42430
2962,42430,42430
2963,42430,42430
2964,42430,42430
2965,42430,42430
2966,42430,42430
2967,42430,42430
2968,42430,42430
2969,42430,42430
2970,42430,42430
2971,42430,42430
2972,42430,42430
2973,42430,42430
2974,42430,42430
2975,42430,42430
2976,42430,42430
2977,42430,42430
2978,42430,42430
2979,42430,42430
2980,42430,42430
2981,42430,42430
2982,42430,42430
2983,42430,42430
2984,42430,42430
2985,42430,42430
2986,42430,42430
2987,42430,42430
2988,42430,42430
2989,42430,42430
2990,42430,42430
2991,42430,42430
2992,42430,42430
2993,42430,42430
2994,42430,42430
2995,42430,42430
2996,42430,42430
2997,42430,42430
2998,42430,42430
2999,42430,42430
3000,42430,42430
3001,42430,42430
3002,42430,42430
3003,42430,42430
3004,42430,42430
3005,42430,42430
3006,42430,42430
3007,42430,42430
3008,42430,42430
3009,42430,42430
3010,42430,42430
3011,42430,42430
3012,42430,42430
3013,42430,42430
3014,42430,42430
3015,42430,42430
3016,42430,42430
3017,42430,42430
3018,42430,42430
3019,42430,42430
3020,42430,42430
3021,42430,42430
3022,42430,42430
3023,42430,42430
3024,42430,42430
3025,42430,42430
3026,42430,42430
3027,42430,42430
3028,42430,42430
3029,42430,42430
3030,42430,42430
3031,42430,42430
3032,42430,42430
3033,42430,42430
3034,42430,42430
3035,42430,42430
3036,42430,42430
3037,42430,42430
3038,42430,42430
3039,42430,42430
3040,42430,42430
3041,42430,42430
3042,42430,42430
3043,42430,42430
3044,42430,42430
3045,42430,42430
3046,42430,42430
3047,42430,42430
3048,42430,42430
3049,42430,42430
3050,42430,42430
3051,42430,42430
3052,42430,42430
3053,42430,42430
3054,42430,42430
3055,42430,42430
3056,42430,42430
3057,42430,42430
3058,42430,42430
3059,42430,42430
3060,42430,42430
3061,42430,42430
3062,42430,42430
3063,42430,42430
3064,42430,42430
3065,42430,42430
3066,42430,42430
3067,42430,42430
3068,42430,42430
3069,42430,42430
3070,42430,42430
3071,42430,42430
3072,42430,42430
3073,42430,42430
3074,42430,42430
3075,42430,42430
3076,42430,42430
3077,42430,42430
3078,42430,42430
3079,42430,42430
3080,42430,42430
3081,42430,42430
3082,42430,42430
3083,42430,42430
3084,42430,42430
3085,42430,42430
3086,42430,42430
3087,42430,42430
3088,42430,42430
3089,42430,42430
3090,42430,42430
3091,42430,42430
3092,42430,42430
3093,42430,42430
3094,42430,42430
3095,42430,42430
3096,42430,42430
3097,42430,42430
3098,42430,42430
3099,42430,42430
3100,42430,42430
3101,42430,42430
3102,42430,42430
3103,42430,42430
3104,42430,42430
3105,42431,42431
3106,42431,42431
3107,42431,42431
3108,42431,42431
3109,42431,42431
3110,42431,42431
3111,42431,42431
3112,42431,42431
3113,42431,42431
3114,42431,42431
3115,42431,42431
3116,42431,42431
3117,42431,42431
3118,42431,42431
3119,42431,42431
3120,42431,42431
3121,42431,42431
3122,42431,42431
3123,42431,42431
3124,42431,42431
3125,42431,42431
3126,42431,42431
3127,42431,42431
3128,42431,42431
3129,42431,42431
3130,42431,42431
3131,42431,42431
3132,42431,42431
3133,42431,42431
3134,42431,42431
3135,42431,42431
3136,42431,42431
3137,42431,42431
3138,42431,42431
3139,42431,42431
3140,42431,42431
3141,42431,42431
3142,42431,42431
3143,42431,42431
3144,42431,42431
3145,42431,42431
3146,42431,42431
3147,42431,42431
3148,42431,42431
3149,42431,42431
3150,42431,42431
3151,42431,42431
3152,42431,42431
3153,42431,42431
3154,42431,42431
3155,42431,42431
3156,42431,42431
3157,42431,42431
3158,42431,42431
3159,42431,42431
3160,42431,42431
3161,42431,42431
3162,42431,42431
3163,42431,42431
3164,42431,42431
3165,42431,42431
3166,42431,42431
3167,42431,42431
3168,42431,42431
3169,42431,42431
3170,42431,42431
3171,42431,42431
3172,42431,42431
3173,42431,42431
3174,42431,42431
3175,42431,42431
3176,42431,42431
3177,42431,42431
3178,42431,42431
3179,42431,42431
3180,42431,42431
3181,42431,42431
3182,42431,42431
3183,42431,42431
3184,42431,42431
3185,42431,42431
3186,42431,42431
3187,42431,42431
3188,42431,42431
3189,42431,42431
3190,42431,42431
3191,42431,42431
3192,42431,42431
3193,42431,42431
3194,42431,42431
3195,42431,42431
3196,42431,42431
3197,42431,42431
3198,42431,42431
3199,42431,42431
3200,42431,42431
3201,42431,42431
3202,42431,42431
3203,42431,42431
3204,42431,42431
3205,42431,42431
3206,42431,42431
3207,42431,42431
3208,42431,42431
3209,42431,42431
3210,42431,42431
3211,42431,42431
3212,42431,42431
3213,42431,42431
3214,42431,42431
3215,42431,42431
3216,42431,42431
3217,42431,42431
3218,42431,42431
3219,42431,42431
3220,42431,42431
3221,42431,42431
3222,42431,42431
3223,42431,42431
3224,42431,42431
3225,42431,42431
3226,42431,42431
3227,42431,42431
3228,42431,42431
3229,42431,42431
3230,42431,42431
3231,42431,42431
3232,42431,42431
3233,42431,42431
3234,42431,42431
3235,42431,42431
3236,42431,42431
3237,42431,42431
3238,42431,42431
3239,42431,42431
3240,42431,42431
3241,42431,42431
3242,42431,42431
3243,42431,42431
3244,42431,42431
3245,42431,42431
3246,42431,42431
3247,42431,42431
3248,42431,42431
3249,42431,42431
3250,42431,42431
3251,42431,42431
3252,42431,42431
3253,42431,42431
3254,42431,42431
3255,42431,42431
3256,42431,42431
3257,42431,42431
3258,42431,42431
3259,42431,42431
3260,42431,42431
3261,42431,42431
3262,42431,42431
3263,42431,42431
3264,42431,42431
3265,42431,42431
3266,42431,42431
3267,42431,42431
3268,42431,42431
3269,42431,42431
3270,42431,42431
3271,42431,42431
3272,42431,42431
3273,42431,42431
3274,42431,42431
3275,42431,42431
3276,42431,42431
3277,42431,42431
3278,42431,42431
3279,42431,42431
3280,42431,42431
3281,42431,42431
3282,42431,42431
3283,42431,42431
3284,42431,42431
3285,42431,42431
3286,42431,42431
3287,42431,42431
3288,42431,42431
3289,42431,42431
3290,42431,42431
3291,42431,42431
3292,42431,42431
3293,42431,42431
3294,42431,42431
3295,42431,42431
3296,42431,42431
3297,42431,42431
3298,42431,42431
3299,42431,42431
3300,42431,42431
3301,42431,42431
3302,42431,42431
3303,42431,42431
3304,42431,42431
3305,42431,42431
3306,42431,42431
3307,42431,42431
3308,42431,42431
3309,42431,42431
3310,42431,42431
3311,42431,42431
3312,42432,42432
3313,42432,42432
3314,42432,42432
3315,42432,42432
3316,42432,42432
3317,42432,42432
3318,42432,42432
3319,42432,42432
3320,42432,42432
3321,42432,42432
3322,42432,42432
3323,42432,42432
3324,42432,42432
3325,42432,42432
3326,42432,42432
3327,42432,42432
3328,42432,42432
3329,42432,42432
3330,42432,42432
3331,42432,42432
3332,42432,42432
3333,42432,42432
3334,42432,42432
3335,42432,42432
3336,42432,42432
3337,42432,42432
3338,42432,42432
3339,42432,42432
3340,42432,42432
3341,42432,42432
3342,42432,42432
3343,42432,42432
3344,42432,42432
3345,42432,42432
3346,42432,42432
3347,42432,42432
3348,42432,42432
3349,42432,42432
3350,42432,42432
3351,42432,42432
3352,42432,42432
3353,42432,42432
3354,42432,42432
3355,42432,42432
3356,42432,42432
3357,42432,42432
3358,42432,42432
3359,42432,42432
3360,42432,42432
3361,42432,42432
3362,42432,42432
3363,42432,42432
3364,42432,42432
3365,42432,42432
3366,42432,42432
3367,42432,42432
3368,42432,42432
3369,42432,42432
3370,42432,42432
3371,42432,42432
3372,42432,42432
3373,42432,42432
3374,42432,42432
3375,42432,42432
3376,42432,42432
3377,42432,42432
3378,42432,42432
3379,42432,42432
3380,42432,42432
3381,42432,42432
3382,42432,42432
3383,42432,42432
3384,42432,42432
3385,42432,42432
3386,42432,42432
3387,42432,42432
3388,42432,42432
3389,42432,42432
3390,42432,42432
3391,42432,42432
3392,42432,42432
3393,42432,42432
3394,42432,42432
3395,42432,42432
3396,42432,42432
3397,42432,42432
3398,42432,42432
3399,42432,42432
3400,42432,42432
3401,42432,42432
3402,42432,42432
3403,42432,42432
3404,42432,42432
3405,42432,42432
3406,42432,42432
3407,42432,42432
3408,42432,42432
3409,42432,42432
3410,42432,42432
3411,42432,42432
3412,42432,42432
3413,42432,42432
3414,42432,42432
3415,42432,42432
3416,42432,42432
3417,42432,42432
3418,42432,42432
3419,42432,42432
3420,42432,42432
3421,42432,42432
3422,42432,42432
3423,42432,42432
3424,42432,42432
3425,42432,42432
3426,42432,42432
3427,42432,42432
3428,42432,42432
3429,42432,42432
3430,42432,42432
3431,42432,42432
3432,42432,42432
3433,42432,42432
3434,42432,42432
3435,42432,42432
3436,42432,42432
3437,42432,42432
3438,42432,42432
3439,42432,42432
3440,42432,42432
3441,42432,42432
3442,42432,42432
3443,42432,42432
3444,42432,42432
3445,42432,42432
3446,42432,42432
3447,42432,42432
3448,42432,42432
3449,42432,42432
3450,42432,42432
3451,42432,42432
3452,42432,42432
3453,42432,42432
3454,42432,42432
3455,42432,42432
3456,42432,42432
3457,42432,42432
3458,42432,42432
3459,42432,42432
3460,42432,42432
3461,42432,42432
3462,42432,42432
3463,42432,42432
3464,42432,42432
3465,42432,42432
3466,42432,42432
3467,42432,42432
3468,42432,42432
3469,42432,42432
3470,42432,42432
3471,42432,42432
3472,42432,42432
3473,42432,42432
3474,42432,42432
3475,42432,42432
3476,42432,42432
3477,42432,42432
3478,42432,42432
3479,42432,42432
3480,42432,42432
3481,42432,42432
3482,42432,42432
3483,42432,42432
3484,42432,42432
3485,42432,42432
3486,42432,42432
3487,42432,42432
3488,42432,42432
3489,42432,42432
3490,42432,42432
3491,42432,42432
3492,42432,42432
3493,42432,42432
3494,42432,42432
3495,42432,42432
3496,42432,42432
3497,42432,42432
3498,42432,42432
3499,42432,42432
3500,42432,42432
3501,42432,42432
3502,42432,42432
3503,42432,42432
3504,42432,42432
3505,42432,42432
3506,42432,42432
3507,42432,42432
3508,42432,42432
3509,42432,42432
3510,42432,42432
3511,42432,42432
3512,42432,42432
3513,42432,42432
3514,42432,42432
3515,42432,42432
3516,42432,42432
3517,42432,42432
3518,42432,42432
3519,42433,42433
3520,42433,42433
3521,42433,42433
3522,42433,42433
3523,42433,42433
3524,42433,42433
3525,42433,42433
3526,42433,42433
3527,42433,42433
3528,42433,42433
3529,42433,42433
3530,42433,42433
3531,42433,42433
3532,42433,42433
3533,42433,42433
3534,42433,42433
3535,42433,42433
3536,42433,42433
3537,42433,42433
3538,42433,42433
3539,42433,42433
3540,42433,42433
3541,42433,42433
3542,42433,42433
3543,42433,42433
3544,42433,42433
3545,42433,42433
3546,42433,42433
3547,42433,42433
3548,42433,42433
3549,42433,42433
3550,42433,42433
3551,42433,42433
3552,42433,42433
3553,42433,42433
3554,42433,42433
3555,42433,42433
3556,42433,42433
3557,42433,42433
3558,42433,42433
3559,42433,42433
3560,42433,42433
3561,42433,42433
3562,42433,42433
3563,42433,42433
3564,42433,42433
3565,42433,42433
3566,42433,42433
3567,42433,42433
3568,42433,42433
3569,42433,42433
3570,42433,42433
3571,42433,42433
3572,42433,42433
3573,42433,42433
3574,42433,42433
3575,42433,42433
3576,42433,42433
3577,42433,42433
3578,42433,42433
3579,42433,42433
3580,42433,42433
3581,42433,42433
3582,42433,42433
3583,42433,42433
3584,42433,42433
3585,42433,42433
3586,42433,42433
3587,42433,42433
3588,42433,42433
3589,42433,42433
3590,42433,42433
3591,42433,42433
3592,42433,42433
3593,42433,42433
3594,42433,42433
3595,42433,42433
3596,42433,42433
3597,42433,42433
3598,42433,42433
3599,42433,42433
3600,42433,42433
3601,42433,42433
3602,42433,42433
3603,42433,42433
3604,42433,42433
3605,42433,42433
3606,42433,42433
3607,42433,42433
3608,42433,42433
3609,42433,42433
3610,42433,42433
3611,42433,42433
3612,42433,42433
3613,42433,42433
3614,42433,42433
3615,42433,42433
3616,42433,42433
3617,42433,42433
3618,42433,42433
3619,42433,42433
3620,42433,42433
3621,42433,42433
3622,42433,42433
3623,42433,42433
3624,42433,42433
3625,42433,42433
3626,42433,42433
3627,42433,42433
3628,42433,42433
3629,42433,42433
3630,42433,42433
3631,42433,42433
3632,42433,42433
3633,42433,42433
3634,42433,42433
3635,42433,42433
3636,42433,42433
3637,42433,42433
3638,42433,42433
3639,42433,42433
3640,42433,42433
3641,42433,42433
3642,42433,42433
3643,42433,42433
3644,42433,42433
3645,42433,42433
3646,42433,42433
3647,42433,42433
3648,42433,42433
3649,42433,42433
3650,42433,42433
3651,42433,42433
3652,42433,42433
3653,42433,42433
3654,42433,42433
3655,42433,42433
3656,42433,42433
3657,42433,42433
3658,42433,42433
3659,42433,42433
3660,42433,42433
3661,42433,42433
3662,42433,42433
3663,42433,42433
3664,42433,42433
3665,42433,42433
3666,42433,42433
3667,42433,42433
3668,42433,42433
3669,42433,42433
3670,42433,42433
3671,42433,42433
3672,42433,42433
3673,42433,42433
3674,42433,42433
3675,42433,42433
3676,42433,42433
3677,42433,42433
3678,42433,42433
3679,42433,42433
3680,42433,42433
3681,42433,42433
3682,42433,42433
3683,42433,42433
3684,42433,42433
3685,42433,42433
3686,42433,42433
3687,42433,42433
3688,42433,42433
3689,42433,42433
3690,42433,42433
3691,42433,42433
3692,42433,42433
3693,42433,42433
3694,42433,42433
3695,42433,42433
3696,42433,42433
3697,42433,42433
3698,42433,42433
3699,42433,42433
3700,42433,42433
3701,42433,42433
3702,42433,42433
3703,42433,42433
3704,42433,42433
3705,42433,42433
3706,42433,42433
3707,42433,42433
3708,42433,42433
3709,42433,42433
3710,42433,42433
3711,42433,42433
3712,42433,42433
3713,42433,42433
3714,42433,42433
3715,42433,42433
3716,42433,42433
3717,42433,42433
3718,42433,42433
3719,42433,42433
3720,42433,42433
3721,42433,42433
3722,42433,42433
3723,42433,42433
3724,42433,42433
3725,42433,42433
3726,42434,42434
3727,42434,42434
3728,42434,42434
3729,42434,42434
3730,42434,42434
3731,42434,42434
3732,42434,42434
3733,42434,42434
3734,42434,42434
3735,42434,42434
3736,42434,42434
3737,42434,42434
3738,42434,42434
3739,42434,42434
3740,42434,42434
3741,42434,42434
3742,42434,42434
3743,42434,42434
3744,42434,42434
3745,42434,42434
3746,42434,42434
3747,42434,42434
3748,42434,42434
3749,42434,42434
3750,42434,42434
3751,42434,42434
3752,42434,42434
3753,42434,42434
3754,42434,42434
3755,42434,42434
3756,42434,42434
3757,42434,42434
3758,42434,42434
3759,42434,42434
3760,42434,42434
3761,42434,42434
3762,42434,42434
3763,42434,42434
3764,42434,42434
3765,42434,42434
3766,42434,42434
3767,42434,42434
3768,42434,42434
3769,42434,42434
3770,42434,42434
3771,42434,42434
3772,42434,42434
3773,42434,42434
3774,42434,42434
3775,42434,42434
3776,42434,42434
3777,42434,42434
3778,42434,42434
3779,42434,42434
3780,42434,42434
3781,42434,42434
3782,42434,42434
3783,42434,42434
3784,42434,42434
3785,42434,42434
3786,42434,42434
3787,42434,42434
3788,42434,42434
3789,42434,42434
3790,42434,42434
3791,42434,42434
3792,42434,42434
3793,42434,42434
3794,42434,42434
3795,42434,42434
3796,42434,42434
3797,42434,42434
3798,42434,42434
3799,42434,42434
3800,42434,42434
3801,42434,42434
3802,42434,42434
3803,42434,42434
3804,42434,42434
3805,42434,42434
3806,42434,42434
3807,42434,42434
3808,42434,42434
3809,42434,42434
3810,42434,42434
3811,42434,42434
3812,42434,42434
3813,42434,42434
3814,42434,42434
3815,42434,42434
3816,42434,42434
3817,42434,42434
3818,42434,42434
3819,42434,42434
3820,42434,42434
3821,42434,42434
3822,42434,42434
3823,42434,42434
3824,42434,42434
3825,42434,42434
3826,42434,42434
3827,42434,42434
3828,42434,42434
3829,42434,42434
3830,42434,42434
3831,42434,42434
3832,42434,42434
3833,42434,42434
3834,42434,42434
3835,42434,42434
3836,42434,42434
3837,42434,42434
3838,42434,42434
3839,42434,42434
3840,42434,42434
3841,42434,42434
3842,42434,42434
3843,42434,42434
3844,42434,42434
3845,42434,42434
3846,42434,42434
3847,42434,42434
3848,42434,42434
3849,42434,42434
3850,42434,42434
3851,42434,42434
3852,42434,42434
3853,42434,42434
3854,42434,42434
3855,42434,42434
3856,42434,42434
3857,42434,42434
3858,42434,42434
3859,42434,42434
3860,42434,42434
3861,42434,42434
3862,42434,42434
3863,42434,42434
3864,42434,42434
3865,42434,42434
3866,42434,42434
3867,42434,42434
3868,42434,42434
3869,42434,42434
3870,42434,42434
3871,42434,42434
3872,42434,42434
3873,42434,42434
3874,42434,42434
3875,42434,42434
3876,42434,42434
3877,42434,42434
3878,42434,42434
3879,42434,42434
3880,42434,42434
3881,42434,42434
3882,42434,42434
3883,42434,42434
3884,42434,42434
3885,42434,42434
3886,42434,42434
3887,42434,42434
3888,42434,42434
3889,42434,42434
3890,42434,42434
3891,42434,42434
3892,42434,42434
3893,42434,42434
3894,42434,42434
3895,42434,42434
3896,42434,42434
3897,42434,42434
3898,42434,42434
3899,42434,42434
3900,42434,42434
3901,42434,42434
3902,42434,42434
3903,42434,42434
3904,42434,42434
3905,42434,42434
3906,42434,42434
3907,42434,42434
3908,42434,42434
3909,42434,42434
3910,42434,42434
3911,42434,42434
3912,42434,42434
3913,42434,42434
3914,42434,42434
3915,42434,42434
3916,42434,42434
3917,42434,42434
3918,42434,42434
3919,42434,42434
3920,42434,42434
3921,42434,42434
3922,42434,42434
3923,42434,42434
3924,42434,42434
3925,42434,42434
3926,42434,42434
3927,42434,42434
3928,42434,42434
3929,42434,42434
3930,42434,42434
3931,42434,42434
3932,42434,42434
3933,42435,42435
3934,42435,42435
3935,42435,42435
3936,42435,42435
3937,42435,42435
3938,42435,42435
3939,42435,42435
3940,42435,42435
3941,42435,42435
3942,42435,42435
3943,42435,42435
3944,42435,42435
3945,42435,42435
3946,42435,42435
3947,42435,42435
3948,42435,42435
3949,42435,42435
3950,42435,42435
3951,42435,42435
3952,42435,42435
3953,42435,42435
3954,42435,42435
3955,42435,42435
3956,42435,42435
3957,42435,42435
3958,42435,42435
3959,42435,42435
3960,42435,42435
3961,42435,42435
3962,42435,42435
3963,42435,42435
3964,42435,42435
3965,42435,42435
3966,42435,42435
3967,42435,42435
3968,42435,42435
3969,42435,42435
3970,42435,42435
3971,42435,42435
3972,42435,42435
3973,42435,42435
3974,42435,42435
3975,42435,42435
3976,42435,42435
3977,42435,42435
3978,42435,42435
3979,42435,42435
3980,42435,42435
3981,42435,42435
3982,42435,42435
3983,42435,42435
3984,42435,42435
3985,42435,42435
3986,42435,42435
3987,42435,42435
3988,42435,42435
3989,42435,42435
3990,42435,42435
3991,42435,42435
3992,42435,42435
3993,42435,42435
3994,42435,42435
3995,42435,42435
3996,42435,42435
3997,42435,42435
3998,42435,42435
3999,42435,42435
4000,42435,42435
4001,42435,42435
4002,42435,42435
4003,42435,42435
4004,42435,42435
4005,42435,42435
4006,42435,42435
4007,42435,42435
4008,42435,42435
4009,42435,42435
4010,42435,42435
4011,42435,42435
4012,42435,42435
4013,42435,42435
4014,42435,42435
4015,42435,42435
4016,42435,42435
4017,42435,42435
4018,42435,42435
4019,42435,42435
4020,42435,42435
4021,42435,42435
4022,42435,42435
4023,42435,42435
4024,42435,42435
4025,42435,42435
4026,42435,42435
4027,42435,42435
4028,42435,42435
4029,42435,42435
4030,42435,42435
4031,42435,42435
4032,42435,42435
4033,42435,42435
4034,42435,42435
4035,42435,42435
4036,42435,42435
4037,42435,42435
4038,42435,42435
4039,42435,42435
4040,42435,42435
4041,42435,42435
4042,42435,42435
4043,42435,42435
4044,42435,42435
4045,42435,42435
4046,42435,42435
4047,42435,42435
4048,42435,42435
4049,42435,42435
4050,42435,42435
4051,42435,42435
4052,42435,42435
4053,42435,42435
4054,42435,42435
4055,42435,42435
4056,42435,42435
4057,42435,42435
4058,42435,42435
4059,42435,42435
4060,42435,42435
4061,42435,42435
4062,42435,42435
4063,42435,42435
4064,42435,42435
4065,42435,42435
4066,42435,42435
4067,42435,42435
4068,42435,42435
4069,42435,42435
4070,42435,42435
4071,42435,42435
4072,42435,42435
4073,42435,42435
4074,42435,42435
4075,42435,42435
4076,42435,42435
4077,42435,42435
4078,42435,42435
4079,42435,42435
4080,42435,42435
4081,42435,42435
4082,42435,42435
4083,42435,42435
4084,42435,42435
4085,42435,42435
4086,42435,42435
4087,42435,42435
4088,42435,42435
4089,42435,42435
4090,42435,42435
4091,42435,42435
4092,42435,42435
4093,42435,42435
4094,42435,42435
4095,42435,42435
4096,42435,42435
4097,42435,42435
4098,42435,42435
4099,42435,42435
4100,42435,42435
4101,42435,42435
4102,42435,42435
4103,42435,42435
4104,42435,42435
4105,42435,42435
4106,42435,42435
4107,42435,42435
4108,42435,42435
4109,42435,42435
4110,42435,42435
4111,42435,42435
4112,42435,42435
4113,42435,42435
4114,42435,42435
4115,42435,42435
4116,42435,42435
4117,42435,42435
4118,42435,42435
4119,42435,42435
4120,42435,42435
4121,42435,42435
4122,42435,42435
4123,42435,42435
4124,42435,42435
4125,42435,42435
4126,42435,42435
4127,42435,42435
4128,42435,42435
4129,42435,42435
4130,42435,42435
4131,42435,42435
4132,42435,42435
4133,42435,42435
4134,42435,42435
4135,42435,42435
4136,42435,42435
4137,42435,42435
4138,42435,42435
4139,42435,42435
4140,42436,42436
4141,42436,42436
4142,42436,42436
4143,42436,42436
4144,42436,42436
4145,42436,42436
4146,42436,42436
4147,42436,42436
4148,42436,42436
4149,42436,42436
4150,42436,42436
4151,42436,42436
4152,42436,42436
4153,42436,42436
4154,42436,42436
4155,42436,42436
4156,42436,42436
4157,42436,42436
4158,42436,42436
4159,42436,42436
4160,42436,42436
4161,42436,42436
4162,42436,42436
4163,42436,42436
4164,42436,42436
4165,42436,42436
4166,42436,42436
4167,42436,42436
4168,42436,42436
4169,42436,42436
4170,42436,42436
4171,42436,42436
4172,42436,42436
4173,42436,42436
4174,42436,42436
4175,42436,42436
4176,42436,42436
4177,42436,42436
4178,42436,42436
4179,42436,42436
4180,42436,42436
4181,42436,42436
4182,42436,42436
4183,42436,42436
4184,42436,42436
4185,42436,42436
4186,42436,42436
4187,42436,42436
4188,42436,42436
4189,42436,42436
4190,42436,42436
4191,42436,42436
4192,42436,42436
4193,42436,42436
4194,42436,42436
4195,42436,42436
4196,42436,42436
4197,42436,42436
4198,42436,42436
4199,42436,42436
4200,42436,42436
4201,42436,42436
4202,42436,42436
4203,42436,42436
4204,42436,42436
4205,42436,42436
4206,42436,42436
4207,42436,42436
4208,42436,42436
4209,42436,42436
4210,42436,42436
4211,42436,42436
4212,42436,42436
4213,42436,42436
4214,42436,42436
4215,42436,42436
4216,42436,42436
4217,42436,42436
4218,42436,42436
4219,42436,42436
4220,42436,42436
4221,42436,42436
4222,42436,42436
4223,42436,42436
4224,42436,42436
4225,42436,42436
4226,42436,42436
4227,42436,42436
4228,42436,42436
4229,42436,42436
4230,42436,42436
4231,42436,42436
4232,42436,42436
4233,42436,42436
4234,42436,42436
4235,42436,42436
4236,42436,42436
4237,42436,42436
4238,42436,42436
4239,42436,42436
4240,42436,42436
4241,42436,42436
4242,42436,42436
4243,42436,42436
4244,42436,42436
4245,42436,42436
4246,42436,42436
4247,42436,42436
4248,42436,42436
4249,42436,42436
4250,42436,42436
4251,42436,42436
4252,42436,42436
4253,42436,42436
4254,42436,42436
4255,42436,42436
4256,42436,42436
4257,42436,42436
4258,42436,42436
4259,42436,42436
4260,42436,42436
4261,42436,42436
4262,42436,42436
4263,42436,42436
4264,42436,42436
4265,42436,42436
4266,42436,42436
4267,42436,42436
4268,42436,42436
4269,42436,42436
4270,42436,42436
4271,42436,42436
4272,42436,42436
4273,42436,42436
4274,42436,42436
4275,42436,42436
4276,42436,42436
4277,42436,42436
4278,42436,42436
4279,42436,42436
4280,42436,42436
4281,42436,42436
4282,42436,42436
4283,42436,42436
4284,42436,42436
4285,42436,42436
4286,42436,42436
4287,42436,42436
4288,42436,42436
4289,42436,42436
4290,42436,42436
4291,42436,42436
4292,42436,42436
4293,42436,42436
4294,42436,42436
4295,42436,42436
4296,42436,42436
4297,42436,42436
4298,42436,42436
4299,42436,42436
4300,42436,42436
4301,42436,42436
4302,42436,42436
4303,42436,42436
4304,42436,42436
4305,42436,42436
4306,42436,42436
4307,42436,42436
4308,42436,42436
4309,42436,42436
4310,42436,42436
4311,42436,42436
4312,42436,42436
4313,42436,42436
4314,42436,42436
4315,42436,42436
4316,42436,42436
4317,42436,42436
4318,42436,42436
4319,42436,42436
4320,42436,42436
4321,42436,42436
4322,42436,42436
4323,42436,42436
4324,42436,42436
4325,42436,42436
4326,42436,42436
4327,42436,42436
4328,42436,42436
4329,42436,42436
4330,42436,42436
4331,42436,42436
4332,42436,42436
4333,42436,42436
4334,42436,42436
4335,42436,42436
4336,42436,42436
4337,42436,42436
4338,42436,42436
4339,42436,42436
4340,42436,42436
4341,42436,42436
4342,42436,42436
4343,42436,42436
4344,42436,42436
4345,42436,42436
4346,42436,42436
4347,42437,42437
4348,42437,42437
4349,42437,42437
4350,42437,42437
4351,42437,42437
4352,42437,42437
4353,42437,42437
4354,42437,42437
4355,42437,42437
4356,42437,42437
4357,42437,42437
4358,42437,42437
4359,42437,42437
4360,42437,42437
4361,42437,42437
4362,42437,42437
4363,42437,42437
4364,42437,42437
4365,42437,42437
4366,42437,42437
4367,42437,42437
4368,42437,42437
4369,42437,42437
4370,42437,42437
4371,42437,42437
4372,42437,42437
4373,42437,42437
4374,42437,42437
4375,42437,42437
4376,42437,42437
4377,42437,42437
4378,42437,42437
4379,42437,42437
4380,42437,42437
4381,42437,42437
4382,42437,42437
4383,42437,42437
4384,42437,42437
4385,42437,42437
4386,42437,42437
4387,42437,42437
4388,42437,42437
4389,42437,42437
4390,42437,42437
4391,42437,42437
4392,42437,42437
4393,42437,42437
4394,42437,42437
4395,42437,42437
4396,42437,42437
4397,42437,42437
4398,42437,42437
4399,42437,42437
4400,42437,42437
4401,42437,42437
4402,42437,42437
4403,42437,42437
4404,42437,42437
4405,42437,42437
4406,42437,42437
4407,42437,42437
4408,42437,42437
4409,42437,42437
4410,42437,42437
4411,42437,42437
4412,42437,42437
4413,42437,42437
4414,42437,42437
4415,42437,42437
4416,42437,42437
4417,42437,42437
4418,42437,42437
4419,42437,42437
4420,42437,42437
4421,42437,42437
4422,42437,42437
4423,42437,42437
4424,42437,42437
4425,42437,42437
4426,42437,42437
4427,42437,42437
4428,42437,42437
4429,42437,42437
4430,42437,42437
4431,42437,42437
4432,42437,42437
4433,42437,42437
4434,42437,42437
4435,42437,42437
4436,42437,42437
4437,42437,42437
4438,42437,42437
4439,42437,42437
4440,42437,42437
4441,42437,42437
4442,42437,42437
4443,42437,42437
4444,42437,42437
4445,42437,42437
4446,42437,42437
4447,42437,42437
4448,42437,42437
4449,42437,42437
4450,42437,42437
4451,42437,42437
4452,42437,42437
4453,42437,42437
4454,42437,42437
4455,42437,42437
4456,42437,42437
4457,42437,42437
4458,42437,42437
4459,42437,42437
4460,42437,42437
4461,42437,42437
4462,42437,42437
4463,42437,42437
4464,42437,42437
4465,42437,42437
4466,42437,42437
4467,42437,42437
4468,42437,42437
4469,42437,42437
4470,42437,42437
4471,42437,42437
4472,42437,42437
4473,42437,42437
4474,42437,42437
4475,42437,42437
4476,42437,42437
4477,42437,42437
4478,42437,42437
4479,42437,42437
4480,42437,42437
4481,42437,42437
4482,42437,42437
4483,42437,42437
4484,42437,42437
4485,42437,42437
4486,42437,42437
4487,42437,42437
4488,42437,42437
4489,42437,42437
4490,42437,42437
4491,42437,42437
4492,42437,42437
4493,42437,42437
4494,42437,42437
4495,42437,42437
4496,42437,42437
4497,42437,42437
4498,42437,42437
4499,42437,42437
4500,42437,42437
4501,42437,42437
4502,42437,42437
4503,42437,42437
4504,42437,42437
4505,42437,42437
4506,42437,42437
4507,42437,42437
4508,42437,42437
4509,42437,42437
4510,42437,42437
4511,42437,42437
4512,42437,42437
4513,42437,42437
4514,42437,42437
4515,42437,42437
4516,42437,42437
4517,42437,42437
4518,42437,42437
4519,42437,42437
4520,42437,42437
4521,42437,42437
4522,42437,42437
4523,42437,42437
4524,42437,42437
4525,42437,42437
4526,42437,42437
4527,42437,42437
4528,42437,42437
4529,42437,42437
4530,42437,42437
4531,42437,42437
4532,42437,42437
4533,42437,42437
4534,42437,42437
4535,42437,42437
4536,42437,42437
4537,42437,42437
4538,42437,42437
4539,42437,42437
4540,42437,42437
4541,42437,42437
4542,42437,42437
4543,42437,42437
4544,42437,42437
4545,42437,42437
4546,42437,42437
4547,42437,42437
4548,42437,42437
4549,42437,42437
4550,42437,42437
4551,42437,42437
4552,42437,42437
4553,42437,42437
4554,42438,42438
4555,42438,42438
4556,42438,42438
4557,42438,42438
4558,42438,42438
4559,42438,42438
4560,42438,42438
4561,42438,42438
4562,42438,42438
4563,42438,42438
4564,42438,42438
4565,42438,42438
4566,42438,42438
4567,42438,42438
4568,42438,42438
4569,42438,42438
4570,42438,42438
4571,42438,42438
4572,42438,42438
4573,42438,42438
4574,42438,42438
4575,42438,42438
4576,42438,42438
4577,42438,42438
4578,42438,42438
4579,42438,42438
4580,42438,42438
4581,42438,42438
4582,42438,42438
4583,42438,42438
4584,42438,42438
4585,42438,42438
4586,42438,42438
4587,42438,42438
4588,42438,42438
4589,42438,42438
4590,42438,42438
4591,42438,42438
4592,42438,42438
4593,42438,42438
4594,42438,42438
4595,42438,42438
4596,42438,42438
4597,42438,42438
4598,42438,42438
4599,42438,42438
4600,42438,42438
4601,42438,42438
4602,42438,42438
4603,42438,42438
4604,42438,42438
4605,42438,42438
4606,42438,42438
4607,42438,42438
4608,42438,42438
4609,42438,42438
4610,42438,42438
4611,42438,42438
4612,42438,42438
4613,42438,42438
4614,42438,42438
4615,42438,42438
4616,42438,42438
4617,42438,42438
4618,42438,42438
4619,42438,42438
4620,42438,42438
4621,42438,42438
4622,42438,42438
4623,42438,42438
4624,42438,42438
4625,42438,42438
4626,42438,42438
4627,42438,42438
4628,42438,42438
4629,42438,42438
4630,42438,42438
4631,42438,42438
4632,42438,42438
4633,42438,42438
4634,42438,42438
4635,42438,42438
4636,42438,42438
4637,42438,42438
4638,42438,42438
4639,42438,42438
4640,42438,42438
4641,42438,42438
4642,42438,42438
4643,42438,42438
4644,42438,42438
4645,42438,42438
4646,42438,42438
4647,42438,42438
4648,42438,42438
4649,42438,42438
4650,42438,42438
4651,42438,42438
4652,42438,42438
4653,42438,42438
4654,42438,42438
4655,42438,42438
4656,42438,42438
4657,42438,42438
4658,42438,42438
4659,42438,42438
4660,42438,42438
4661,42438,42438
4662,42438,42438
4663,42438,42438
4664,42438,42438
4665,42438,42438
4666,42438,42438
4667,42438,42438
4668,42438,42438
4669,42438,42438
4670,42438,42438
4671,42438,42438
4672,42438,42438
4673,42438,42438
4674,42438,42438
4675,42438,42438
4676,42438,42438
4677,42438,42438
4678,42438,42438
4679,42438,42438
4680,42438,42438
4681,42438,42438
4682,42438,42438
4683,42438,42438
4684,42438,42438
4685,42438,42438
4686,42438,42438
4687,42438,42438
4688,42438,42438
4689,42438,42438
4690,42438,42438
4691,42438,42438
4692,42438,42438
4693,42438,42438
4694,42438,42438
4695,42438,42438
4696,42438,42438
4697,42438,42438
4698,42438,42438
4699,42438,42438
4700,42438,42438
4701,42438,42438
4702,42438,42438
4703,42438,42438
4704,42438,42438
4705,42438,42438
4706,42438,42438
4707,42438,42438
4708,42438,42438
4709,42438,42438
4710,42438,42438
4711,42438,42438
4712,42438,42438
4713,42438,42438
4714,42438,42438
4715,42438,42438
4716,42438,42438
4717,42438,42438
4718,42438,42438
4719,42438,42438
4720,42438,42438
4721,42438,42438
4722,42438,42438
4723,42438,42438
4724,42438,42438
4725,42438,42438
4726,42438,42438
4727,42438,42438
4728,42438,42438
4729,42438,42438
4730,42438,42438
4731,42438,42438
4732,42438,42438
4733,42438,42438
4734,42438,42438
4735,42438,42438
4736,42438,42438
4737,42438,42438
4738,42438,42438
4739,42438,42438
4740,42438,42438
4741,42438,42438
4742,42438,42438
4743,42438,42438
4744,42438,42438
4745,42438,42438
4746,42438,42438
4747,42438,42438
4748,42438,42438
4749,42438,42438
4750,42438,42438
4751,42438,42438
4752,42438,42438
4753,42438,42438
4754,42438,42438
4755,42438,42438
4756,42438,42438
4757,42438,42438
4758,42438,42438
4759,42438,42438
4760,42438,42438
4761,42439,42439
4762,42439,42439
4763,42439,42439
4764,42439,42439
4765,42439,42439
4766,42439,42439
4767,42439,42439
4768,42439,42439
4769,42439,42439
4770,42439,42439
4771,42439,42439
4772,42439,42439
4773,42439,42439
4774,42439,42439
4775,42439,42439
4776,42439,42439
4777,42439,42439
4778,42439,42439
4779,42439,42439
4780,42439,42439
4781,42439,42439
4782,42439,42439
4783,42439,42439
4784,42439,42439
4785,42439,42439
4786,42439,42439
4787,42439,42439
4788,42439,42439
4789,42439,42439
4790,42439,42439
4791,42439,42439
4792,42439,42439
4793,42439,42439
4794,42439,42439
4795,42439,42439
4796,42439,42439
4797,42439,42439
4798,42439,42439
4799,42439,42439
4800,42439,42439
4801,42439,42439
4802,42439,42439
4803,42439,42439
4804,42439,42439
4805,42439,42439
4806,42439,42439
4807,42439,42439
4808,42439,42439
4809,42439,42439
4810,42439,42439
4811,42439,42439
4812,42439,42439
4813,42439,42439
4814,42439,42439
4815,42439,42439
4816,42439,42439
4817,42439,42439
4818,42439,42439
4819,42439,42439
4820,42439,42439
4821,42439,42439
4822,42439,42439
4823,42439,42439
4824,42439,42439
4825,42439,42439
4826,42439,42439
4827,42439,42439
4828,42439,42439
4829,42439,42439
4830,42439,42439
4831,42439,42439
4832,42439,42439
4833,42439,42439
4834,42439,42439
4835,42439,42439
4836,42439,42439
4837,42439,42439
4838,42439,42439
4839,42439,42439
4840,42439,42439
4841,42439,42439
4842,42439,42439
4843,42439,42439
4844,42439,42439
4845,42439,42439
4846,42439,42439
4847,42439,42439
4848,42439,42439
4849,42439,42439
4850,42439,42439
4851,42439,42439
4852,42439,42439
4853,42439,42439
4854,42439,42439
4855,42439,42439
4856,42439,42439
4857,42439,42439
4858,42439,42439
4859,42439,42439
4860,42439,42439
4861,42439,42439
4862,42439,42439
4863,42439,42439
4864,42439,42439
4865,42439,42439
4866,42439,42439
4867,42439,42439
4868,42439,42439
4869,42439,42439
4870,42439,42439
4871,42439,42439
4872,42439,42439
4873,42439,42439
4874,42439,42439
4875,42439,42439
4876,42439,42439
4877,42439,42439
4878,42439,42439
4879,42439,42439
4880,42439,42439
4881,42439,42439
4882,42439,42439
4883,42439,42439
4884,42439,42439
4885,42439,42439
4886,42439,42439
4887,42439,42439
4888,42439,42439
4889,42439,42439
4890,42439,42439
4891,42439,42439
4892,42439,42439
4893,42439,42439
4894,42439,42439
4895,42439,42439
4896,42439,42439
4897,42439,42439
4898,42439,42439
4899,42439,42439
4900,42439,42439
4901,42439,42439
4902,42439,42439
4903,42439,42439
4904,42439,42439
4905,42439,42439
4906,42439,42439
4907,42439,42439
4908,42439,42439
4909,42439,42439
4910,42439,42439
4911,42439,42439
4912,42439,42439
4913,42439,42439
4914,42439,42439
4915,42439,42439
4916,42439,42439
4917,42439,42439
4918,42439,42439
4919,42439,42439
4920,42439,42439
4921,42439,42439
4922,42439,42439
4923,42439,42439
4924,42439,42439
4925,42439,42439
4926,42439,42439
4927,42439,42439
4928,42439,42439
4929,42439,42439
4930,42439,42439
4931,42439,42439
4932,42439,42439
4933,42439,42439
4934,42439,42439
4935,42439,42439
4936,42439,42439
4937,42439,42439
4938,42439,42439
4939,42439,42439
4940,42439,42439
4941,42439,42439
4942,42439,42439
4943,42439,42439
4944,42439,42439
4945,42439,42439
4946,42439,42439
4947,42439,42439
4948,42439,42439
4949,42439,42439
4950,42439,42439
4951,42439,42439
4952,42439,42439
4953,42439,42439
4954,42439,42439
4955,42439,42439
4956,42439,42439
4957,42439,42439
4958,42439,42439
4959,42439,42439
4960,42439,42439
4961,42439,42439
4962,42439,42439
4963,42439,42439
4964,42439,42439
4965,42439,42439
4966,42439,42439
4967,42439,42439
4968,42440,42440
4969,42440,42440
4970,42440,42440
4971,42440,42440
4972,42440,42440
4973,42440,42440
4974,42440,42440
4975,42440,42440
4976,42440,42440
4977,42440,42440
4978,42440,42440
4979,42440,42440
4980,42440,42440
4981,42440,42440
4982,42440,42440
4983,42440,42440
4984,42440,42440
4985,42440,42440
4986,42440,42440
4987,42440,42440
4988,42440,42440
4989,42440,42440
4990,42440,42440
4991,42440,42440
4992,42440,42440
4993,42440,42440
4994,42440,42440
4995,42440,42440
4996,42440,42440
4997,42440,42440
4998,42440,42440
4999,42440,42440
5000,42440,42440
5001,42440,42440
5002,42440,42440
5003,42440,42440
5004,42440,42440
5005,42440,42440
5006,42440,42440
5007,42440,42440
5008,42440,42440
5009,42440,42440
5010,42440,42440
5011,42440,42440
5012,42440,42440
5013,42440,42440
5014,42440,42440
5015,42440,42440
5016,42440,42440
5017,42440,42440
5018,42440,42440
5019,42440,42440
5020,42440,42440
5021,42440,42440
5022,42440,42440
5023,42440,42440
5024,42440,42440
5025,42440,42440
5026,42440,42440
5027,42440,42440
5028,42440,42440
5029,42440,42440
5030,42440,42440
5031,42440,42440
5032,42440,42440
5033,42440,42440
5034,42440,42440
5035,42440,42440
5036,42440,42440
5037,42440,42440
5038,42440,42440
5039,42440,42440
5040,42440,42440
5041,42440,42440
5042,42440,42440
5043,42440,42440
5044,42440,42440
5045,42440,42440
5046,42440,42440
5047,42440,42440
5048,42440,42440
5049,42440,42440
5050,42440,42440
5051,42440,42440
5052,42440,42440
5053,42440,42440
5054,42440,42440
5055,42440,42440
5056,42440,42440
5057,42440,42440
5058,42440,42440
5059,42440,42440
5060,42440,42440
5061,42440,42440
5062,42440,42440
5063,42440,42440
5064,42440,42440
5065,42440,42440
5066,42440,42440
5067,42440,42440
5068,42440,42440
5069,42440,42440
5070,42440,42440
5071,42440,42440
5072,42440,42440
5073,42440,42440
5074,42440,42440
5075,42440,42440
5076,42440,42440
5077,42440,42440
5078,42440,42440
5079,42440,42440
5080,42440,42440
5081,42440,42440
5082,42440,42440
5083,42440,42440
5084,42440,42440
5085,42440,42440
5086,42440,42440
5087,42440,42440
5088,42440,42440
5089,42440,42440
5090,42440,42440
5091,42440,42440
5092,42440,42440
5093,42440,42440
5094,42440,42440
5095,42440,42440
5096,42440,42440
5097,42440,42440
5098,42440,42440
5099,42440,42440
5100,42440,42440
5101,42440,42440
5102,42440,42440
5103,42440,42440
5104,42440,42440
5105,42440,42440
5106,42440,42440
5107,42440,42440
5108,42440,42440
5109,42440,42440
5110,42440,42440
5111,42440,42440
5112,42440,42440
5113,42440,42440
5114,42440,42440
5115,42440,42440
5116,42440,42440
5117,42440,42440
5118,42440,42440
5119,42440,42440
5120,42440,42440
5121,42440,42440
5122,42440,42440
5123,42440,42440
5124,42440,42440
5125,42440,42440
5126,42440,42440
5127,42440,42440
5128,42440,42440
5129,42440,42440
5130,42440,42440
5131,42440,42440
5132,42440,42440
5133,42440,42440
5134,42440,42440
5135,42440,42440
5136,42440,42440
5137,42440,42440
5138,42440,42440
5139,42440,42440
5140,42440,42440
5141,42440,42440
5142,42440,42440
5143,42440,42440
5144,42440,42440
5145,42440,42440
5146,42440,42440
5147,42440,42440
5148,42440,42440
5149,42440,42440
5150,42440,42440
5151,42440,42440
5152,42440,42440
5153,42440,42440
5154,42440,42440
5155,42440,42440
5156,42440,42440
5157,42440,42440
5158,42440,42440
5159,42440,42440
5160,42440,42440
5161,42440,42440
5162,42440,42440
5163,42440,42440
5164,42440,42440
5165,42440,42440
5166,42440,42440
5167,42440,42440
5168,42440,42440
5169,42440,42440
5170,42440,42440
5171,42440,42440
5172,42440,42440
5173,42440,42440
5174,42440,42440
5175,42441,42441
5176,42441,42441
5177,42441,42441
5178,42441,42441
5179,42441,42441
5180,42441,42441
5181,42441,42441
5182,42441,42441
5183,42441,42441
5184,42441,42441
5185,42441,42441
5186,42441,42441
5187,42441,42441
5188,42441,42441
5189,42441,42441
5190,42441,42441
5191,42441,42441
5192,42441,42441
5193,42441,42441
5194,42441,42441
5195,42441,42441
5196,42441,42441
5197,42441,42441
5198,42441,42441
5199,42441,42441
5200,42441,42441
5201,42441,42441
5202,42441,42441
5203,42441,42441
5204,42441,42441
5205,42441,42441
5206,42441,42441
5207,42441,42441
5208,42441,42441
5209,42441,42441
5210,42441,42441
5211,42441,42441
5212,42441,42441
5213,42441,42441
5214,42441,42441
5215,42441,42441
5216,42441,42441
5217,42441,42441
5218,42441,42441
5219,42441,42441
5220,42441,42441
5221,42441,42441
5222,42441,42441
5223,42441,42441
5224,42441,42441
5225,42441,42441
5226,42441,42441
5227,42441,42441
5228,42441,42441
5229,42441,42441
5230,42441,42441
5231,42441,42441
5232,42441,42441
5233,42441,42441
5234,42441,42441
5235,42441,42441
5236,42441,42441
5237,42441,42441
5238,42441,42441
5239,42441,42441
5240,42441,42441
5241,42441,42441
5242,42441,42441
5243,42441,42441
5244,42441,42441
5245,42441,42441
5246,42441,42441
5247,42441,42441
5248,42441,42441
5249,42441,42441
5250,42441,42441
5251,42441,42441
5252,42441,42441
5253,42441,42441
5254,42441,42441
5255,42441,42441
5256,42441,42441
5257,42441,42441
5258,42441,42441
5259,42441,42441
5260,42441,42441
5261,42441,42441
5262,42441,42441
5263,42441,42441
5264,42441,42441
5265,42441,42441
5266,42441,42441
5267,42441,42441
5268,42441,42441
5269,42441,42441
5270,42441,42441
5271,42441,42441
5272,42441,42441
5273,42441,42441
5274,42441,42441
5275,42441,42441
5276,42441,42441
5277,42441,42441
5278,42441,42441
5279,42441,42441
5280,42441,42441
5281,42441,42441
5282,42441,42441
5283,42441,42441
5284,42441,42441
5285,42441,42441
5286,42441,42441
5287,42441,42441
5288,42441,42441
5289,42441,42441
5290,42441,42441
5291,42441,42441
5292,42441,42441
5293,42441,42441
5294,42441,42441
5295,42441,42441
5296,42441,42441
5297,42441,42441
5298,42441,42441
5299,42441,42441
5300,42441,42441
5301,42441,42441
5302,42441,42441
5303,42441,42441
5304,42441,42441
5305,42441,42441
5306,42441,42441
5307,42441,42441
5308,42441,42441
5309,42441,42441
5310,42441,42441
5311,42441,42441
5312,42441,42441
5313,42441,42441
5314,42441,42441
5315,42441,42441
5316,42441,42441
5317,42441,42441
5318,42441,42441
5319,42441,42441
5320,42441,42441
5321,42441,42441
5322,42441,42441
5323,42441,42441
5324,42441,42441
5325,42441,42441
5326,42441,42441
5327,42441,42441
5328,42441,42441
5329,42441,42441
5330,42441,42441
5331,42441,42441
5332,42441,42441
5333,42441,42441
5334,42441,42441
5335,42441,42441
5336,42441,42441
5337,42441,42441
5338,42441,42441
5339,42441,42441
5340,42441,42441
5341,42441,42441
5342,42441,42441
5343,42441,42441
5344,42441,42441
5345,42441,42441
5346,42441,42441
5347,42441,42441
5348,42441,42441
5349,42441,42441
5350,42441,42441
5351,42441,42441
5352,42441,42441
5353,42441,42441
5354,42441,42441
5355,42441,42441
5356,42441,42441
5357,42441,42441
5358,42441,42441
5359,42441,42441
5360,42441,42441
5361,42441,42441
5362,42441,42441
5363,42441,42441
5364,42441,42441
5365,42441,42441
5366,42441,42441
5367,42441,42441
5368,42441,42441
5369,42441,42441
5370,42441,42441
5371,42441,42441
5372,42441,42441
5373,42441,42441
5374,42441,42441
5375,42441,42441
5376,42441,42441
5377,42441,42441
5378,42441,42441
5379,42441,42441
5380,42441,42441
5381,42441,42441
5382,42442,42442
5383,42442,42442
5384,42442,42442
5385,42442,42442
5386,42442,42442
5387,42442,42442
5388,42442,42442
5389,42442,42442
5390,42442,42442
5391,42442,42442
5392,42442,42442
5393,42442,42442
5394,42442,42442
5395,42442,42442
5396,42442,42442
5397,42442,42442
5398,42442,42442
5399,42442,42442
5400,42442,42442
5401,42442,42442
5402,42442,42442
5403,42442,42442
5404,42442,42442
5405,42442,42442
5406,42442,42442
5407,42442,42442
5408,42442,42442
5409,42442,42442
5410,42442,42442
5411,42442,42442
5412,42442,42442
5413,42442,42442
5414,42442,42442
5415,42442,42442
5416,42442,42442
5417,42442,42442
5418,42442,42442
5419,42442,42442
5420,42442,42442
5421,42442,42442
5422,42442,42442
5423,42442,42442
5424,42442,42442
5425,42442,42442
5426,42442,42442
5427,42442,42442
5428,42442,42442
5429,42442,42442
5430,42442,42442
5431,42442,42442
5432,42442,42442
5433,42442,42442
5434,42442,42442
5435,42442,42442
5436,42442,42442
5437,42442,42442
5438,42442,42442
5439,42442,42442
5440,42442,42442
5441,42442,42442
5442,42442,42442
5443,42442,42442
5444,42442,42442
5445,42442,42442
5446,42442,42442
5447,42442,42442
5448,42442,42442
5449,42442,42442
5450,42442,42442
5451,42442,42442
5452,42442,42442
5453,42442,42442
5454,42442,42442
5455,42442,42442
5456,42442,42442
5457,42442,42442
5458,42442,42442
5459,42442,42442
5460,42442,42442
5461,42442,42442
5462,42442,42442
5463,42442,42442
5464,42442,42442
5465,42442,42442
5466,42442,42442
5467,42442,42442
5468,42442,42442
5469,42442,42442
5470,42442,42442
5471,42442,42442
5472,42442,42442
5473,42442,42442
5474,42442,42442
5475,42442,42442
5476,42442,42442
5477,42442,42442
5478,42442,42442
5479,42442,42442
5480,42442,42442
5481,42442,42442
5482,42442,42442
5483,42442,42442
5484,42442,42442
5485,42442,42442
5486,42442,42442
5487,42442,42442
5488,42442,42442
5489,42442,42442
5490,42442,42442
5491,42442,42442
5492,42442,42442
5493,42442,42442
5494,42442,42442
5495,42442,42442
5496,42442,42442
5497,42442,42442
5498,42442,42442
5499,42442,42442
5500,42442,42442
5501,42442,42442
5502,42442,42442
5503,42442,42442
5504,42442,42442
5505,42442,42442
5506,42442,42442
5507,42442,42442
5508,42442,42442
5509,42442,42442
5510,42442,42442
5511,42442,42442
5512,42442,42442
5513,42442,42442
5514,42442,42442
5515,42442,42442
5516,42442,42442
5517,42442,42442
5518,42442,42442
5519,42442,42442
5520,42442,42442
5521,42442,42442
5522,42442,42442
5523,42442,42442
5524,42442,42442
5525,42442,42442
5526,42442,42442
5527,42442,42442
5528,42442,42442
5529,42442,42442
5530,42442,42442
5531,42442,42442
5532,42442,42442
5533,42442,42442
5534,42442,42442
5535,42442,42442
5536,42442,42442
5537,42442,42442
5538,42442,42442
5539,42442,42442
5540,42442,42442
5541,42442,42442
5542,42442,42442
5543,42442,42442
5544,42442,42442
5545,42442,42442
5546,42442,42442
5547,42442,42442
5548,42442,42442
5549,42442,42442
5550,42442,42442
5551,42442,42442
5552,42442,42442
5553,42442,42442
5554,42442,42442
5555,42442,42442
5556,42442,42442
5557,42442,42442
5558,42442,42442
5559,42442,42442
5560,42442,42442
5561,42442,42442
5562,42442,42442
5563,42442,42442
5564,42442,42442
5565,42442,42442
5566,42442,42442
5567,42442,42442
5568,42442,42442
5569,42442,42442
5570,42442,42442
5571,42442,42442
5572,42442,42442
5573,42442,42442
5574,42442,42442
5575,42442,42442
5576,42442,42442
5577,42442,42442
5578,42442,42442
5579,42442,42442
5580,42442,42442
5581,42442,42442
5582,42442,42442
5583,42442,42442
5584,42442,42442
5585,42442,42442
5586,42442,42442
5587,42442,42442
5588,42442,42442
5589,42443,42443
5590,42443,42443
5591,42443,42443
5592,42443,42443
5593,42443,42443
5594,42443,42443
5595,42443,42443
5596,42443,42443
5597,42443,42443
5598,42443,42443
5599,42443,42443
5600,42443,42443
5601,42443,42443
5602,42443,42443
5603,42443,42443
5604,42443,42443
5605,42443,42443
5606,42443,42443
5607,42443,42443
5608,42443,42443
5609,42443,42443
5610,42443,42443
5611,42443,42443
5612,42443,42443
5613,42443,42443
5614,42443,42443
5615,42443,42443
5616,42443,42443
5617,42443,42443
5618,42443,42443
5619,42443,42443
5620,42443,42443
5621,42443,42443
5622,42443,42443
5623,42443,42443
5624,42443,42443
5625,42443,42443
5626,42443,42443
5627,42443,42443
5628,42443,42443
5629,42443,42443
5630,42443,42443
5631,42443,42443
5632,42443,42443
5633,42443,42443
5634,42443,42443
5635,42443,42443
5636,42443,42443
5637,42443,42443
5638,42443,42443
5639,42443,42443
5640,42443,42443
5641,42443,42443
5642,42443,42443
5643,42443,42443
5644,42443,42443
5645,42443,42443
5646,42443,42443
5647,42443,42443
5648,42443,42443
5649,42443,42443
5650,42443,42443
5651,42443,42443
5652,42443,42443
5653,42443,42443
5654,42443,42443
5655,42443,42443
5656,42443,42443
5657,42443,42443
5658,42443,42443
5659,42443,42443
5660,42443,42443
5661,42443,42443
5662,42443,42443
5663,42443,42443
5664,42443,42443
5665,42443,42443
5666,42443,42443
5667,42443,42443
5668,42443,42443
5669,42443,42443
5670,42443,42443
5671,42443,42443
5672,42443,42443
5673,42443,42443
5674,42443,42443
5675,42443,42443
5676,42443,42443
5677,42443,42443
5678,42443,42443
5679,42443,42443
5680,42443,42443
5681,42443,42443
5682,42443,42443
5683,42443,42443
5684,42443,42443
5685,42443,42443
5686,42443,42443
5687,42443,42443
5688,42443,42443
5689,42443,42443
5690,42443,42443
5691,42443,42443
5692,42443,42443
5693,42443,42443
5694,42443,42443
5695,42443,42443
5696,42443,42443
5697,42443,42443
5698,42443,42443
5699,42443,42443
5700,42443,42443
5701,42443,42443
5702,42443,42443
5703,42443,42443
5704,42443,42443
5705,42443,42443
5706,42443,42443
5707,42443,42443
5708,42443,42443
5709,42443,42443
5710,42443,42443
5711,42443,42443
5712,42443,42443
5713,42443,42443
5714,42443,42443
5715,42443,42443
5716,42443,42443
5717,42443,42443
5718,42443,42443
5719,42443,42443
5720,42443,42443
5721,42443,42443
5722,42443,42443
5723,42443,42443
5724,42443,42443
5725,42443,42443
5726,42443,42443
5727,42443,42443
5728,42443,42443
5729,42443,42443
5730,42443,42443
5731,42443,42443
5732,42443,42443
5733,42443,42443
5734,42443,42443
5735,42443,42443
5736,42443,42443
5737,42443,42443
5738,42443,42443
5739,42443,42443
5740,42443,42443
5741,42443,42443
5742,42443,42443
5743,42443,42443
5744,42443,42443
5745,42443,42443
5746,42443,42443
5747,42443,42443
5748,42443,42443
5749,42443,42443
5750,42443,42443
5751,42443,42443
5752,42443,42443
5753,42443,42443
5754,42443,42443
5755,42443,42443
5756,42443,42443
5757,42443,42443
5758,42443,42443
5759,42443,42443
5760,42443,42443
5761,42443,42443
5762,42443,42443
5763,42443,42443
5764,42443,42443
5765,42443,42443
5766,42443,42443
5767,42443,42443
5768,42443,42443
5769,42443,42443
5770,42443,42443
5771,42443,42443
5772,42443,42443
5773,42443,42443
5774,42443,42443
5775,42443,42443
5776,42443,42443
5777,42443,42443
5778,42443,42443
5779,42443,42443
5780,42443,42443
5781,42443,42443
5782,42443,42443
5783,42443,42443
5784,42443,42443
5785,42443,42443
5786,42443,42443
5787,42443,42443
5788,42443,42443
5789,42443,42443
5790,42443,42443
5791,42443,42443
5792,42443,42443
5793,42443,42443
5794,42443,42443
5795,42443,42443
5796,42444,42444
5797,42444,42444
5798,42444,42444
5799,42444,42444
5800,42444,42444
5801,42444,42444
5802,42444,42444
5803,42444,42444
5804,42444,42444
5805,42444,42444
5806,42444,42444
5807,42444,42444
5808,42444,42444
5809,42444,42444
5810,42444,42444
5811,42444,42444
5812,42444,42444
5813,42444,42444
5814,42444,42444
5815,42444,42444
5816,42444,42444
5817,42444,42444
5818,42444,42444
5819,42444,42444
5820,42444,42444
5821,42444,42444
5822,42444,42444
5823,42444,42444
5824,42444,42444
5825,42444,42444
5826,42444,42444
5827,42444,42444
5828,42444,42444
5829,42444,42444
5830,42444,42444
5831,42444,42444
5832,42444,42444
5833,42444,42444
5834,42444,42444
5835,42444,42444
5836,42444,42444
5837,42444,42444
5838,42444,42444
5839,42444,42444
5840,42444,42444
5841,42444,42444
5842,42444,42444
5843,42444,42444
5844,42444,42444
5845,42444,42444
5846,42444,42444
5847,42444,42444
5848,42444,42444
5849,42444,42444
5850,42444,42444
5851,42444,42444
5852,42444,42444
5853,42444,42444
5854,42444,42444
5855,42444,42444
5856,42444,42444
5857,42444,42444
5858,42444,42444
5859,42444,42444
5860,42444,42444
5861,42444,42444
5862,42444,42444
5863,42444,42444
5864,42444,42444
5865,42444,42444
5866,42444,42444
5867,42444,42444
5868,42444,42444
5869,42444,42444
5870,42444,42444
5871,42444,42444
5872,42444,42444
5873,42444,42444
5874,42444,42444
5875,42444,42444
5876,42444,42444
5877,42444,42444
5878,42444,42444
5879,42444,42444
5880,42444,42444
5881,42444,42444
5882,42444,42444
5883,42444,42444
5884,42444,42444
5885,42444,42444
5886,42444,42444
5887,42444,42444
5888,42444,42444
5889,42444,42444
5890,42444,42444
5891,42444,42444
5892,42444,42444
5893,42444,42444
5894,42444,42444
5895,42444,42444
5896,42444,42444
5897,42444,42444
5898,42444,42444
5899,42444,42444
5900,42444,42444
5901,42444,42444
5902,42444,42444
5903,42444,42444
5904,42444,42444
5905,42444,42444
5906,42444,42444
5907,42444,42444
5908,42444,42444
5909,42444,42444
5910,42444,42444
5911,42444,42444
5912,42444,42444
5913,42444,42444
5914,42444,42444
5915,42444,42444
5916,42444,42444
5917,42444,42444
5918,42444,42444
5919,42444,42444
5920,42444,42444
5921,42444,42444
5922,42444,42444
5923,42444,42444
5924,42444,42444
5925,42444,42444
5926,42444,42444
5927,42444,42444
5928,42444,42444
5929,42444,42444
5930,42444,42444
5931,42444,42444
5932,42444,42444
5933,42444,42444
5934,42444,42444
5935,42444,42444
5936,42444,42444
5937,42444,42444
5938,42444,42444
5939,42444,42444
5940,42444,42444
5941,42444,42444
5942,42444,42444
5943,42444,42444
5944,42444,42444
5945,42444,42444
5946,42444,42444
5947,42444,42444
5948,42444,42444
5949,42444,42444
5950,42444,42444
5951,42444,42444
5952,42444,42444
5953,42444,42444
5954,42444,42444
5955,42444,42444
5956,42444,42444
5957,42444,42444
5958,42444,42444
5959,42444,42444
5960,42444,42444
5961,42444,42444
5962,42444,42444
5963,42444,42444
5964,42444,42444
5965,42444,42444
5966,42444,42444
5967,42444,42444
5968,42444,42444
5969,42444,42444
5970,42444,42444
5971,42444,42444
5972,42444,42444
5973,42444,42444
5974,42444,42444
5975,42444,42444
5976,42444,42444
5977,42444,42444
5978,42444,42444
5979,42444,42444
5980,42444,42444
5981,42444,42444
5982,42444,42444
5983,42444,42444
5984,42444,42444
5985,42444,42444
5986,42444,42444
5987,42444,42444
5988,42444,42444
5989,42444,42444
5990,42444,42444
5991,42444,42444
5992,42444,42444
5993,42444,42444
5994,42444,42444
5995,42444,42444
5996,42444,42444
5997,42444,42444
5998,42444,42444
5999,42444,42444
6000,42444,42444
6001,42444,42444
6002,42444,42444
6003,42445,42445
6004,42445,42445
6005,42445,42445
6006,42445,42445
6007,42445,42445
6008,42445,42445
6009,42445,42445
6010,42445,42445
6011,42445,42445
6012,42445,42445
6013,42445,42445
6014,42445,42445
6015,42445,42445
6016,42445,42445
6017,42445,42445
6018,42445,42445
6019,42445,42445
6020,42445,42445
6021,42445,42445
6022,42445,42445
6023,42445,42445
6024,42445,42445
6025,42445,42445
6026,42445,42445
6027,42445,42445
6028,42445,42445
6029,42445,42445
6030,42445,42445
6031,42445,42445
6032,42445,42445
6033,42445,42445
6034,42445,42445
6035,42445,42445
6036,42445,42445
6037,42445,42445
6038,42445,42445
6039,42445,42445
6040,42445,42445
6041,42445,42445
6042,42445,42445
6043,42445,42445
6044,42445,42445
6045,42445,42445
6046,42445,42445
6047,42445,42445
6048,42445,42445
6049,42445,42445
6050,42445,42445
6051,42445,42445
6052,42445,42445
6053,42445,42445
6054,42445,42445
6055,42445,42445
6056,42445,42445
6057,42445,42445
6058,42445,42445
6059,42445,42445
6060,42445,42445
6061,42445,42445
6062,42445,42445
6063,42445,42445
6064,42445,42445
6065,42445,42445
6066,42445,42445
6067,42445,42445
6068,42445,42445
6069,42445,42445
6070,42445,42445
6071,42445,42445
6072,42445,42445
6073,42445,42445
6074,42445,42445
6075,42445,42445
6076,42445,42445
6077,42445,42445
6078,42445,42445
6079,42445,42445
6080,42445,42445
6081,42445,42445
6082,42445,42445
6083,42445,42445
6084,42445,42445
6085,42445,42445
6086,42445,42445
6087,42445,42445
6088,42445,42445
6089,42445,42445
6090,42445,42445
6091,42445,42445
6092,42445,42445
6093,42445,42445
6094,42445,42445
6095,42445,42445
6096,42445,42445
6097,42445,42445
6098,42445,42445
6099,42445,42445
6100,42445,42445
6101,42445,42445
6102,42445,42445
6103,42445,42445
6104,42445,42445
6105,42445,42445
6106,42445,42445
6107,42445,42445
6108,42445,42445
6109,42445,42445
6110,42445,42445
6111,42445,42445
6112,42445,42445
6113,42445,42445
6114,42445,42445
6115,42445,42445
6116,42445,42445
6117,42445,42445
6118,42445,42445
6119,42445,42445
6120,42445,42445
6121,42445,42445
6122,42445,42445
6123,42445,42445
6124,42445,42445
6125,42445,42445
6126,42445,42445
6127,42445,42445
6128,42445,42445
6129,42445,42445
6130,42445,42445
6131,42445,42445
6132,42445,42445
6133,42445,42445
6134,42445,42445
6135,42445,42445
6136,42445,42445
6137,42445,42445
6138,42445,42445
6139,42445,42445
6140,42445,42445
6141,42445,42445
6142,42445,42445
6143,42445,42445
6144,42445,42445
6145,42445,42445
6146,42445,42445
6147,42445,42445
6148,42445,42445
6149,42445,42445
6150,42445,42445
6151,42445,42445
6152,42445,42445
6153,42445,42445
6154,42445,42445
6155,42445,42445
6156,42445,42445
6157,42445,42445
6158,42445,42445
6159,42445,42445
6160,42445,42445
6161,42445,42445
6162,42445,42445
6163,42445,42445
6164,42445,42445
6165,42445,42445
6166,42445,42445
6167,42445,42445
6168,42445,42445
6169,42445,42445
6170,42445,42445
6171,42445,42445
6172,42445,42445
6173,42445,42445
6174,42445,42445
6175,42445,42445
6176,42445,42445
6177,42445,42445
6178,42445,42445
6179,42445,42445
6180,42445,42445
6181,42445,42445
6182,42445,42445
6183,42445,42445
6184,42445,42445
6185,42445,42445
6186,42445,42445
6187,42445,42445
6188,42445,42445
6189,42445,42445
6190,42445,42445
6191,42445,42445
6192,42445,42445
6193,42445,42445
6194,42445,42445
6195,42445,42445
6196,42445,42445
6197,42445,42445
6198,42445,42445
6199,42445,42445
6200,42445,42445
6201,42445,42445
6202,42445,42445
6203,42445,42445
6204,42445,42445
6205,42445,42445
6206,42445,42445
6207,42445,42445
6208,42445,42445
6209,42445,42445
6210,42446,42446
6211,42446,42446
6212,42446,42446
6213,42446,42446
6214,42446,42446
6215,42446,42446
6216,42446,42446
6217,42446,42446
6218,42446,42446
6219,42446,42446
6220,42446,42446
6221,42446,42446
6222,42446,42446
6223,42446,42446
6224,42446,42446
6225,42446,42446
6226,42446,42446
6227,42446,42446
6228,42446,42446
6229,42446,42446
6230,42446,42446
6231,42446,42446
6232,42446,42446
6233,42446,42446
6234,42446,42446
6235,42446,42446
6236,42446,42446
6237,42446,42446
6238,42446,42446
6239,42446,42446
6240,42446,42446
6241,42446,42446
6242,42446,42446
6243,42446,42446
6244,42446,42446
6245,42446,42446
6246,42446,42446
6247,42446,42446
6248,42446,42446
6249,42446,42446
6250,42446,42446
6251,42446,42446
6252,42446,42446
6253,42446,42446
6254,42446,42446
6255,42446,42446
6256,42446,42446
6257,42446,42446
6258,42446,42446
6259,42446,42446
6260,42446,42446
6261,42446,42446
6262,42446,42446
6263,42446,42446
6264,42446,42446
6265,42446,42446
6266,42446,42446
6267,42446,42446
6268,42446,42446
6269,42446,42446
6270,42446,42446
6271,42446,42446
6272,42446,42446
6273,42446,42446
6274,42446,42446
6275,42446,42446
6276,42446,42446
6277,42446,42446
6278,42446,42446
6279,42446,42446
6280,42446,42446
6281,42446,42446
6282,42446,42446
6283,42446,42446
6284,42446,42446
6285,42446,42446
6286,42446,42446
6287,42446,42446
6288,42446,42446
6289,42446,42446
6290,42446,42446
6291,42446,42446
6292,42446,42446
6293,42446,42446
6294,42446,42446
6295,42446,42446
6296,42446,42446
6297,42446,42446
6298,42446,42446
6299,42446,42446
6300,42446,42446
6301,42446,42446
6302,42446,42446
6303,42446,42446
6304,42446,42446
6305,42446,42446
6306,42446,42446
6307,42446,42446
6308,42446,42446
6309,42446,42446
6310,42446,42446
6311,42446,42446
6312,42446,42446
6313,42446,42446
6314,42446,42446
6315,42446,42446
6316,42446,42446
6317,42446,42446
6318,42446,42446
6319,42446,42446
6320,42446,42446
6321,42446,42446
6322,42446,42446
6323,42446,42446
6324,42446,42446
6325,42446,42446
6326,42446,42446
6327,42446,42446
6328,42446,42446
6329,42446,42446
6330,42446,42446
6331,42446,42446
6332,42446,42446
6333,42446,42446
6334,42446,42446
6335,42446,42446
6336,42446,42446
6337,42446,42446
6338,42446,42446
6339,42446,42446
6340,42446,42446
6341,42446,42446
6342,42446,42446
6343,42446,42446
6344,42446,42446
6345,42446,42446
6346,42446,42446
6347,42446,42446
6348,42446,42446
6349,42446,42446
6350,42446,42446
6351,42446,42446
6352,42446,42446
6353,42446,42446
6354,42446,42446
6355,42446,42446
6356,42446,42446
6357,42446,42446
6358,42446,42446
6359,42446,42446
6360,42446,42446
6361,42446,42446
6362,42446,42446
6363,42446,42446
6364,42446,42446
6365,42446,42446
6366,42446,42446
6367,42446,42446
6368,42446,42446
6369,42446,42446
6370,42446,42446
6371,42446,42446
6372,42446,42446
6373,42446,42446
6374,42446,42446
6375,42446,42446
6376,42446,42446
6377,42446,42446
6378,42446,42446
6379,42446,42446
6380,42446,42446
6381,42446,42446
6382,42446,42446
6383,42446,42446
6384,42446,42446
6385,42446,42446
6386,42446,42446
6387,42446,42446
6388,42446,42446
6389,42446,42446
6390,42446,42446
6391,42446,42446
6392,42446,42446
6393,42446,42446
6394,42446,42446
6395,42446,42446
6396,42446,42446
6397,42446,42446
6398,42446,42446
6399,42446,42446
6400,42446,42446
6401,42446,42446
6402,42446,42446
6403,42446,42446
6404,42446,42446
6405,42446,42446
6406,42446,42446
6407,42446,42446
6408,42446,42446
6409,42446,42446
6410,42446,42446
6411,42446,42446
6412,42446,42446
6413,42446,42446
6414,42446,42446
6415,42446,42446
6416,42446,42446
6417,42447,42447
6418,42447,42447
6419,42447,42447
6420,42447,42447
6421,42447,42447
6422,42447,42447
6423,42447,42447
6424,42447,42447
6425,42447,42447
6426,42447,42447
6427,42447,42447
6428,42447,42447
6429,42447,42447
6430,42447,42447
6431,42447,42447
6432,42447,42447
6433,42447,42447
6434,42447,42447
6435,42447,42447
6436,42447,42447
6437,42447,42447
6438,42447,42447
6439,42447,42447
6440,42447,42447
6441,42447,42447
6442,42447,42447
6443,42447,42447
6444,42447,42447
6445,42447,42447
6446,42447,42447
6447,42447,42447
6448,42447,42447
6449,42447,42447
6450,42447,42447
6451,42447,42447
6452,42447,42447
6453,42447,42447
6454,42447,42447
6455,42447,42447
6456,42447,42447
6457,42447,42447
6458,42447,42447
6459,42447,42447
6460,42447,42447
6461,42447,42447
6462,42447,42447
6463,42447,42447
6464,42447,42447
6465,42447,42447
6466,42447,42447
6467,42447,42447
6468,42447,42447
6469,42447,42447
6470,42447,42447
6471,42447,42447
6472,42447,42447
6473,42447,42447
6474,42447,42447
6475,42447,42447
6476,42447,42447
6477,42447,42447
6478,42447,42447
6479,42447,42447
6480,42447,42447
6481,42447,42447
6482,42447,42447
6483,42447,42447
6484,42447,42447
6485,42447,42447
6486,42447,42447
6487,42447,42447
6488,42447,42447
6489,42447,42447
6490,42447,42447
6491,42447,42447
6492,42447,42447
6493,42447,42447
6494,42447,42447
6495,42447,42447
6496,42447,42447
6497,42447,42447
6498,42447,42447
6499,42447,42447
6500,42447,42447
6501,42447,42447
6502,42447,42447
6503,42447,42447
6504,42447,42447
6505,42447,42447
6506,42447,42447
6507,42447,42447
6508,42447,42447
6509,42447,42447
6510,42447,42447
6511,42447,42447
6512,42447,42447
6513,42447,42447
6514,42447,42447
6515,42447,42447
6516,42447,42447
6517,42447,42447
6518,42447,42447
6519,42447,42447
6520,42447,42447
6521,42447,42447
6522,42447,42447
6523,42447,42447
6524,42447,42447
6525,42447,42447
6526,42447,42447
6527,42447,42447
6528,42447,42447
6529,42447,42447
6530,42447,42447
6531,42447,42447
6532,42447,42447
6533,42447,42447
6534,42447,42447
6535,42447,42447
6536,42447,42447
6537,42447,42447
6538,42447,42447
6539,42447,42447
6540,42447,42447
6541,42447,42447
6542,42447,42447
6543,42447,42447
6544,42447,42447
6545,42447,42447
6546,42447,42447
6547,42447,42447
6548,42447,42447
6549,42447,42447
6550,42447,42447
6551,42447,42447
6552,42447,42447
6553,42447,42447
6554,42447,42447
6555,42447,42447
6556,42447,42447
6557,42447,42447
6558,42447,42447
6559,42447,42447
6560,42447,42447
6561,42447,42447
6562,42447,42447
6563,42447,42447
6564,42447,42447
6565,42447,42447
6566,42447,42447
6567,42447,42447
6568,42447,42447
6569,42447,42447
6570,42447,42447
6571,42447,42447
6572,42447,42447
6573,42447,42447
6574,42447,42447
6575,42447,42447
6576,42447,42447
6577,42447,42447
6578,42447,42447
6579,42447,42447
6580,42447,42447
6581,42447,42447
6582,42447,42447
6583,42447,42447
6584,42447,42447
6585,42447,42447
6586,42447,42447
6587,42447,42447
6588,42447,42447
6589,42447,42447
6590,42447,42447
6591,42447,42447
6592,42447,42447
6593,42447,42447
6594,42447,42447
6595,42447,42447
6596,42447,42447
6597,42447,42447
6598,42447,42447
6599,42447,42447
6600,42447,42447
6601,42447,42447
6602,42447,42447
6603,42447,42447
6604,42447,42447
6605,42447,42447
6606,42447,42447
6607,42447,42447
6608,42447,42447
6609,42447,42447
6610,42447,42447
6611,42447,42447
6612,42447,42447
6613,42447,42447
6614,42447,42447
6615,42447,42447
6616,42447,42447
6617,42447,42447
6618,42447,42447
6619,42447,42447
6620,42447,42447
6621,42447,42447
6622,42447,42447
6623,42447,42447
6624,42448,42448
6625,42448,42448
6626,42448,42448
6627,42448,42448
6628,42448,42448
6629,42448,42448
6630,42448,42448
6631,42448,42448
6632,42448,42448
6633,42448,42448
6634,42448,42448
6635,42448,42448
6636,42448,42448
6637,42448,42448
6638,42448,42448
6639,42448,42448
6640,42448,42448
6641,42448,42448
6642,42448,42448
6643,42448,42448
6644,42448,42448
6645,42448,42448
6646,42448,42448
6647,42448,42448
6648,42448,42448
6649,42448,42448
6650,42448,42448
6651,42448,42448
6652,42448,42448
6653,42448,42448
6654,42448,42448
6655,42448,42448
6656,42448,42448
6657,42448,42448
6658,42448,42448
6659,42448,42448
6660,42448,42448
6661,42448,42448
6662,42448,42448
6663,42448,42448
6664,42448,42448
6665,42448,42448
6666,42448,42448
6667,42448,42448
6668,42448,42448
6669,42448,42448
6670,42448,42448
6671,42448,42448
6672,42448,42448
6673,42448,42448
6674,42448,42448
6675,42448,42448
6676,42448,42448
6677,42448,42448
6678,42448,42448
6679,42448,42448
6680,42448,42448
6681,42448,42448
6682,42448,42448
6683,42448,42448
6684,42448,42448
6685,42448,42448
6686,42448,42448
6687,42448,42448
6688,42448,42448
6689,42448,42448
6690,42448,42448
6691,42448,42448
6692,42448,42448
6693,42448,42448
6694,42448,42448
6695,42448,42448
6696,42448,42448
6697,42448,42448
6698,42448,42448
6699,42448,42448
6700,42448,42448
6701,42448,42448
6702,42448,42448
6703,42448,42448
6704,42448,42448
6705,42448,42448
6706,42448,42448
6707,42448,42448
6708,42448,42448
6709,42448,42448
6710,42448,42448
6711,42448,42448
6712,42448,42448
6713,42448,42448
6714,42448,42448
6715,42448,42448
6716,42448,42448
6717,42448,42448
6718,42448,42448
6719,42448,42448
6720,42448,42448
6721,42448,42448
6722,42448,42448
6723,42448,42448
6724,42448,42448
6725,42448,42448
6726,42448,42448
6727,42448,42448
6728,42448,42448
6729,42448,42448
6730,42448,42448
6731,42448,42448
6732,42448,42448
6733,42448,42448
6734,42448,42448
6735,42448,42448
6736,42448,42448
6737,42448,42448
6738,42448,42448
6739,42448,42448
6740,42448,42448
6741,42448,42448
6742,42448,42448
6743,42448,42448
6744,42448,42448
6745,42448,42448
6746,42448,42448
6747,42448,42448
6748,42448,42448
6749,42448,42448
6750,42448,42448
6751,42448,42448
6752,42448,42448
6753,42448,42448
6754,42448,42448
6755,42448,42448
6756,42448,42448
6757,42448,42448
6758,42448,42448
6759,42448,42448
6760,42448,42448
6761,42448,42448
6762,42448,42448
6763,42448,42448
6764,42448,42448
6765,42448,42448
6766,42448,42448
6767,42448,42448
6768,42448,42448
6769,42448,42448
6770,42448,42448
6771,42448,42448
6772,42448,42448
6773,42448,42448
6774,42448,42448
6775,42448,42448
6776,42448,42448
6777,42448,42448
6778,42448,42448
6779,42448,42448
6780,42448,42448
6781,42448,42448
6782,42448,42448
6783,42448,42448
6784,42448,42448
6785,42448,42448
6786,42448,42448
6787,42448,42448
6788,42448,42448
6789,42448,42448
6790,42448,42448
6791,42448,42448
6792,42448,42448
6793,42448,42448
6794,42448,42448
6795,42448,42448
6796,42448,42448
6797,42448,42448
6798,42448,42448
6799,42448,42448
6800,42448,42448
6801,42448,42448
6802,42448,42448
6803,42448,42448
6804,42448,42448
6805,42448,42448
6806,42448,42448
6807,42448,42448
6808,42448,42448
6809,42448,42448
6810,42448,42448
6811,42448,42448
6812,42448,42448
6813,42448,42448
6814,42448,42448
6815,42448,42448
6816,42448,42448
6817,42448,42448
6818,42448,42448
6819,42448,42448
6820,42448,42448
6821,42448,42448
6822,42448,42448
6823,42448,42448
6824,42448,42448
6825,42448,42448
6826,42448,42448
6827,42448,42448
6828,42448,42448
6829,42448,42448
6830,42448,42448
6831,42449,42449
6832,42449,42449
6833,42449,42449
6834,42449,42449
6835,42449,42449
6836,42449,42449
6837,42449,42449
6838,42449,42449
6839,42449,42449
6840,42449,42449
6841,42449,42449
6842,42449,42449
6843,42449,42449
6844,42449,42449
6845,42449,42449
6846,42449,42449
6847,42449,42449
6848,42449,42449
6849,42449,42449
6850,42449,42449
6851,42449,42449
6852,42449,42449
6853,42449,42449
6854,42449,42449
6855,42449,42449
6856,42449,42449
6857,42449,42449
6858,42449,42449
6859,42449,42449
6860,42449,42449
6861,42449,42449
6862,42449,42449
6863,42449,42449
6864,42449,42449
6865,42449,42449
6866,42449,42449
6867,42449,42449
6868,42449,42449
6869,42449,42449
6870,42449,42449
6871,42449,42449
6872,42449,42449
6873,42449,42449
6874,42449,42449
6875,42449,42449
6876,42449,42449
6877,42449,42449
6878,42449,42449
6879,42449,42449
6880,42449,42449
6881,42449,42449
6882,42449,42449
6883,42449,42449
6884,42449,42449
6885,42449,42449
6886,42449,42449
6887,42449,42449
6888,42449,42449
6889,42449,42449
6890,42449,42449
6891,42449,42449
6892,42449,42449
6893,42449,42449
6894,42449,42449
6895,42449,42449
6896,42449,42449
6897,42449,42449
6898,42449,42449
6899,42449,42449
6900,42449,42449
6901,42449,42449
6902,42449,42449
6903,42449,42449
6904,42449,42449
6905,42449,42449
6906,42449,42449
6907,42449,42449
6908,42449,42449
6909,42449,42449
6910,42449,42449
6911,42449,42449
6912,42449,42449
6913,42449,42449
6914,42449,42449
6915,42449,42449
6916,42449,42449
6917,42449,42449
6918,42449,42449
6919,42449,42449
6920,42449,42449
6921,42449,42449
6922,42449,42449
6923,42449,42449
6924,42449,42449
6925,42449,42449
6926,42449,42449
6927,42449,42449
6928,42449,42449
6929,42449,42449
6930,42449,42449
6931,42449,42449
6932,42449,42449
6933,42449,42449
6934,42449,42449
6935,42449,42449
6936,42449,42449
6937,42449,42449
6938,42449,42449
6939,42449,42449
6940,42449,42449
6941,42449,42449
6942,42449,42449
6943,42449,42449
6944,42449,42449
6945,42449,42449
6946,42449,42449
6947,42449,42449
6948,42449,42449
6949,42449,42449
6950,42449,42449
6951,42449,42449
6952,42449,42449
6953,42449,42449
6954,42449,42449
6955,42449,42449
6956,42449,42449
6957,42449,42449
6958,42449,42449
6959,42449,42449
6960,42449,42449
6961,42449,42449
6962,42449,42449
6963,42449,42449
6964,42449,42449
6965,42449,42449
6966,42449,42449
6967,42449,42449
6968,42449,42449
6969,42449,42449
6970,42449,42449
6971,42449,42449
6972,42449,42449
6973,42449,42449
6974,42449,42449
6975,42449,42449
6976,42449,42449
6977,42449,42449
6978,42449,42449
6979,42449,42449
6980,42449,42449
6981,42449,42449
6982,42449,42449
6983,42449,42449
6984,42449,42449
6985,42449,42449
6986,42449,42449
6987,42449,42449
6988,42449,42449
6989,42449,42449
6990,42449,42449
6991,42449,42449
6992,42449,42449
6993,42449,42449
6994,42449,42449
6995,42449,42449
6996,42449,42449
6997,42449,42449
6998,42449,42449
6999,42449,42449
7000,42449,42449
7001,42449,42449
7002,42449,42449
7003,42449,42449
7004,42449,42449
7005,42449,42449
7006,42449,42449
7007,42449,42449
7008,42449,42449
7009,42449,42449
7010,42449,42449
7011,42449,42449
7012,42449,42449
7013,42449,42449
7014,42449,42449
7015,42449,42449
7016,42449,42449
7017,42449,42449
7018,42449,42449
7019,42449,42449
7020,42449,42449
7021,42449,42449
7022,42449,42449
7023,42449,42449
7024,42449,42449
7025,42449,42449
7026,42449,42449
7027,42449,42449
7028,42449,42449
7029,42449,42449
7030,42449,42449
7031,42449,42449
7032,42449,42449
7033,42449,42449
7034,42449,42449
7035,42449,42449
7036,42449,42449
7037,42449,42449
7038,42450,42450
7039,42450,42450
7040,42450,42450
7041,42450,42450
7042,42450,42450
7043,42450,42450
7044,42450,42450
7045,42450,42450
7046,42450,42450
7047,42450,42450
7048,42450,42450
7049,42450,42450
7050,42450,42450
7051,42450,42450
7052,42450,42450
7053,42450,42450
7054,42450,42450
7055,42450,42450
7056,42450,42450
7057,42450,42450
7058,42450,42450
7059,42450,42450
7060,42450,42450
7061,42450,42450
7062,42450,42450
7063,42450,42450
7064,42450,42450
7065,42450,42450
7066,42450,42450
7067,42450,42450
7068,42450,42450
7069,42450,42450
7070,42450,42450
7071,42450,42450
7072,42450,42450
7073,42450,42450
7074,42450,42450
7075,42450,42450
7076,42450,42450
7077,42450,42450
7078,42450,42450
7079,42450,42450
7080,42450,42450
7081,42450,42450
7082,42450,42450
7083,42450,42450
7084,42450,42450
7085,42450,42450
7086,42450,42450
7087,42450,42450
7088,42450,42450
7089,42450,42450
7090,42450,42450
7091,42450,42450
7092,42450,42450
7093,42450,42450
7094,42450,42450
7095,42450,42450
7096,42450,42450
7097,42450,42450
7098,42450,42450
7099,42450,42450
7100,42450,42450
7101,42450,42450
7102,42450,42450
7103,42450,42450
7104,42450,42450
7105,42450,42450
7106,42450,42450
7107,42450,42450
7108,42450,42450
7109,42450,42450
7110,42450,42450
7111,42450,42450
7112,42450,42450
7113,42450,42450
7114,42450,42450
7115,42450,42450
7116,42450,42450
7117,42450,42450
7118,42450,42450
7119,42450,42450
7120,42450,42450
7121,42450,42450
7122,42450,42450
7123,42450,42450
7124,42450,42450
7125,42450,42450
7126,42450,42450
7127,42450,42450
7128,42450,42450
7129,42450,42450
7130,42450,42450
7131,42450,42450
7132,42450,42450
7133,42450,42450
7134,42450,42450
7135,42450,42450
7136,42450,42450
7137,42450,42450
7138,42450,42450
7139,42450,42450
7140,42450,42450
7141,42450,42450
7142,42450,42450
7143,42450,42450
7144,42450,42450
7145,42450,42450
7146,42450,42450
7147,42450,42450
7148,42450,42450
7149,42450,42450
7150,42450,42450
7151,42450,42450
7152,42450,42450
7153,42450,42450
7154,42450,42450
7155,42450,42450
7156,42450,42450
7157,42450,42450
7158,42450,42450
7159,42450,42450
7160,42450,42450
7161,42450,42450
7162,42450,42450
7163,42450,42450
7164,42450,42450
7165,42450,42450
7166,42450,42450
7167,42450,42450
7168,42450,42450
7169,42450,42450
7170,42450,42450
7171,42450,42450
7172,42450,42450
7173,42450,42450
7174,42450,42450
7175,42450,42450
7176,42450,42450
7177,42450,42450
7178,42450,42450
7179,42450,42450
7180,42450,42450
7181,42450,42450
7182,42450,42450
7183,42450,42450
7184,42450,42450
7185,42450,42450
7186,42450,42450
7187,42450,42450
7188,42450,42450
7189,42450,42450
7190,42450,42450
7191,42450,42450
7192,42450,42450
7193,42450,42450
7194,42450,42450
7195,42450,42450
7196,42450,42450
7197,42450,42450
7198,42450,42450
7199,42450,42450
7200,42450,42450
7201,42450,42450
7202,42450,42450
7203,42450,42450
7204,42450,42450
7205,42450,42450
7206,42450,42450
7207,42450,42450
7208,42450,42450
7209,42450,42450
7210,42450,42450
7211,42450,42450
7212,42450,42450
7213,42450,42450
7214,42450,42450
7215,42450,42450
7216,42450,42450
7217,42450,42450
7218,42450,42450
7219,42450,42450
7220,42450,42450
7221,42450,42450
7222,42450,42450
7223,42450,42450
7224,42450,42450
7225,42450,42450
7226,42450,42450
7227,42450,42450
7228,42450,42450
7229,42450,42450
7230,42450,42450
7231,42450,42450
7232,42450,42450
7233,42450,42450
7234,42450,42450
7235,42450,42450
7236,42450,42450
7237,42450,42450
7238,42450,42450
7239,42450,42450
7240,42450,42450
7241,42450,42450
7242,42450,42450
7243,42450,42450
7244,42450,42450
7245,42451,42451
7246,42451,42451
7247,42451,42451
7248,42451,42451
7249,42451,42451
7250,42451,42451
7251,42451,42451
7252,42451,42451
7253,42451,42451
7254,42451,42451
7255,42451,42451
7256,42451,42451
7257,42451,42451
7258,42451,42451
7259,42451,42451
7260,42451,42451
7261,42451,42451
7262,42451,42451
7263,42451,42451
7264,42451,42451
7265,42451,42451
7266,42451,42451
7267,42451,42451
7268,42451,42451
7269,42451,42451
7270,42451,42451
7271,42451,42451
7272,42451,42451
7273,42451,42451
7274,42451,42451
7275,42451,42451
7276,42451,42451
7277,42451,42451
7278,42451,42451
7279,42451,42451
7280,42451,42451
7281,42451,42451
7282,42451,42451
7283,42451,42451
7284,42451,42451
7285,42451,42451
7286,42451,42451
7287,42451,42451
7288,42451,42451
7289,42451,42451
7290,42451,42451
7291,42451,42451
7292,42451,42451
7293,42451,42451
7294,42451,42451
7295,42451,42451
7296,42451,42451
7297,42451,42451
7298,42451,42451
7299,42451,42451
7300,42451,42451
7301,42451,42451
7302,42451,42451
7303,42451,42451
7304,42451,42451
7305,42451,42451
7306,42451,42451
7307,42451,42451
7308,42451,42451
7309,42451,42451
7310,42451,42451
7311,42451,42451
7312,42451,42451
7313,42451,42451
7314,42451,42451
7315,42451,42451
7316,42451,42451
7317,42451,42451
7318,42451,42451
7319,42451,42451
7320,42451,42451
7321,42451,42451
7322,42451,42451
7323,42451,42451
7324,42451,42451
7325,42451,42451
7326,42451,42451
7327,42451,42451
7328,42451,42451
7329,42451,42451
7330,42451,42451
7331,42451,42451
7332,42451,42451
7333,42451,42451
7334,42451,42451
7335,42451,42451
7336,42451,42451
7337,42451,42451
7338,42451,42451
7339,42451,42451
7340,42451,42451
7341,42451,42451
7342,42451,42451
7343,42451,42451
7344,42451,42451
7345,42451,42451
7346,42451,42451
7347,42451,42451
7348,42451,42451
7349,42451,42451
7350,42451,42451
7351,42451,42451
7352,42451,42451
7353,42451,42451
7354,42451,42451
7355,42451,42451
7356,42451,42451
7357,42451,42451
7358,42451,42451
7359,42451,42451
7360,42451,42451
7361,42451,42451
7362,42451,42451
7363,42451,42451
7364,42451,42451
7365,42451,42451
7366,42451,42451
7367,42451,42451
7368,42451,42451
7369,42451,42451
7370,42451,42451
7371,42451,42451
7372,42451,42451
7373,42451,42451
7374,42451,42451
7375,42451,42451
7376,42451,42451
7377,42451,42451
7378,42451,42451
7379,42451,42451
7380,42451,42451
7381,42451,42451
7382,42451,42451
7383,42451,42451
7384,42451,42451
7385,42451,42451
7386,42451,42451
7387,42451,42451
7388,42451,42451
7389,42451,42451
7390,42451,42451
7391,42451,42451
7392,42451,42451
7393,42451,42451
7394,42451,42451
7395,42451,42451
7396,42451,42451
7397,42451,42451
7398,42451,42451
7399,42451,42451
7400,42451,42451
7401,42451,42451
7402,42451,42451
7403,42451,42451
7404,42451,42451
7405,42451,42451
7406,42451,42451
7407,42451,42451
7408,42451,42451
7409,42451,42451
7410,42451,42451
7411,42451,42451
7412,42451,42451
7413,42451,42451
7414,42451,42451
7415,42451,42451
7416,42451,42451
7417,42451,42451
7418,42451,42451
7419,42451,42451
7420,42451,42451
7421,42451,42451
7422,42451,42451
7423,42451,42451
7424,42451,42451
7425,42451,42451
7426,42451,42451
7427,42451,42451
7428,42451,42451
7429,42451,42451
7430,42451,42451
7431,42451,42451
7432,42451,42451
7433,42451,42451
7434,42451,42451
7435,42451,42451
7436,42451,42451
7437,42451,42451
7438,42451,42451
7439,42451,42451
7440,42451,42451
7441,42451,42451
7442,42451,42451
7443,42451,42451
7444,42451,42451
7445,42451,42451
7446,42451,42451
7447,42451,42451
7448,42451,42451
7449,42451,42451
7450,42451,42451
7451,42451,42451
7452,42452,42452
7453,42452,42452
7454,42452,42452
7455,42452,42452
7456,42452,42452
7457,42452,42452
7458,42452,42452
7459,42452,42452
7460,42452,42452
7461,42452,42452
7462,42452,42452
7463,42452,42452
7464,42452,42452
7465,42452,42452
7466,42452,42452
7467,42452,42452
7468,42452,42452
7469,42452,42452
7470,42452,42452
7471,42452,42452
7472,42452,42452
7473,42452,42452
7474,42452,42452
7475,42452,42452
7476,42452,42452
7477,42452,42452
7478,42452,42452
7479,42452,42452
7480,42452,42452
7481,42452,42452
7482,42452,42452
7483,42452,42452
7484,42452,42452
7485,42452,42452
7486,42452,42452
7487,42452,42452
7488,42452,42452
7489,42452,42452
7490,42452,42452
7491,42452,42452
7492,42452,42452
7493,42452,42452
7494,42452,42452
7495,42452,42452
7496,42452,42452
7497,42452,42452
7498,42452,42452
7499,42452,42452
7500,42452,42452
7501,42452,42452
7502,42452,42452
7503,42452,42452
7504,42452,42452
7505,42452,42452
7506,42452,42452
7507,42452,42452
7508,42452,42452
7509,42452,42452
7510,42452,42452
7511,42452,42452
7512,42452,42452
7513,42452,42452
7514,42452,42452
7515,42452,42452
7516,42452,42452
7517,42452,42452
7518,42452,42452
7519,42452,42452
7520,42452,42452
7521,42452,42452
7522,42452,42452
7523,42452,42452
7524,42452,42452
7525,42452,42452
7526,42452,42452
7527,42452,42452
7528,42452,42452
7529,42452,42452
7530,42452,42452
7531,42452,42452
7532,42452,42452
7533,42452,42452
7534,42452,42452
7535,42452,42452
7536,42452,42452
7537,42452,42452
7538,42452,42452
7539,42452,42452
7540,42452,42452
7541,42452,42452
7542,42452,42452
7543,42452,42452
7544,42452,42452
7545,42452,42452
7546,42452,42452
7547,42452,42452
7548,42452,42452
7549,42452,42452
7550,42452,42452
7551,42452,42452
7552,42452,42452
7553,42452,42452
7554,42452,42452
7555,42452,42452
7556,42452,42452
7557,42452,42452
7558,42452,42452
7559,42452,42452
7560,42452,42452
7561,42452,42452
7562,42452,42452
7563,42452,42452
7564,42452,42452
7565,42452,42452
7566,42452,42452
7567,42452,42452
7568,42452,42452
7569,42452,42452
7570,42452,42452
7571,42452,42452
7572,42452,42452
7573,42452,42452
7574,42452,42452
7575,42452,42452
7576,42452,42452
7577,42452,42452
7578,42452,42452
7579,42452,42452
7580,42452,42452
7581,42452,42452
7582,42452,42452
7583,42452,42452
7584,42452,42452
7585,42452,42452
7586,42452,42452
7587,42452,42452
7588,42452,42452
7589,42452,42452
7590,42452,42452
7591,42452,42452
7592,42452,42452
7593,42452,42452
7594,42452,42452
7595,42452,42452
7596,42452,42452
7597,42452,42452
7598,42452,42452
7599,42452,42452
7600,42452,42452
7601,42452,42452
7602,42452,42452
7603,42452,42452
7604,42452,42452
7605,42452,42452
7606,42452,42452
7607,42452,42452
7608,42452,42452
7609,42452,42452
7610,42452,42452
7611,42452,42452
7612,42452,42452
7613,42452,42452
7614,42452,42452
7615,42452,42452
7616,42452,42452
7617,42452,42452
7618,42452,42452
7619,42452,42452
7620,42452,42452
7621,42452,42452
7622,42452,42452
7623,42452,42452
7624,42452,42452
7625,42452,42452
7626,42452,42452
7627,42452,42452
7628,42452,42452
7629,42452,42452
7630,42452,42452
7631,42452,42452
7632,42452,42452
7633,42452,42452
7634,42452,42452
7635,42452,42452
7636,42452,42452
7637,42452,42452
7638,42452,42452
7639,42452,42452
7640,42452,42452
7641,42452,42452
7642,42452,42452
7643,42452,42452
7644,42452,42452
7645,42452,42452
7646,42452,42452
7647,42452,42452
7648,42452,42452
7649,42452,42452
7650,42452,42452
7651,42452,42452
7652,42452,42452
7653,42452,42452
7654,42452,42452
7655,42452,42452
7656,42452,42452
7657,42452,42452
7658,42452,42452
7659,42453,42453
7660,42453,42453
7661,42453,42453
7662,42453,42453
7663,42453,42453
7664,42453,42453
7665,42453,42453
7666,42453,42453
7667,42453,42453
7668,42453,42453
7669,42453,42453
7670,42453,42453
7671,42453,42453
7672,42453,42453
7673,42453,42453
7674,42453,42453
7675,42453,42453
7676,42453,42453
7677,42453,42453
7678,42453,42453
7679,42453,42453
7680,42453,42453
7681,42453,42453
7682,42453,42453
7683,42453,42453
7684,42453,42453
7685,42453,42453
7686,42453,42453
7687,42453,42453
7688,42453,42453
7689,42453,42453
7690,42453,42453
7691,42453,42453
7692,42453,42453
7693,42453,42453
7694,42453,42453
7695,42453,42453
7696,42453,42453
7697,42453,42453
7698,42453,42453
7699,42453,42453
7700,42453,42453
7701,42453,42453
7702,42453,42453
7703,42453,42453
7704,42453,42453
7705,42453,42453
7706,42453,42453
7707,42453,42453
7708,42453,42453
7709,42453,42453
7710,42453,42453
7711,42453,42453
7712,42453,42453
7713,42453,42453
7714,42453,42453
7715,42453,42453
7716,42453,42453
7717,42453,42453
7718,42453,42453
7719,42453,42453
7720,42453,42453
7721,42453,42453
7722,42453,42453
7723,42453,42453
7724,42453,42453
7725,42453,42453
7726,42453,42453
7727,42453,42453
7728,42453,42453
7729,42453,42453
7730,42453,42453
7731,42453,42453
7732,42453,42453
7733,42453,42453
7734,42453,42453
7735,42453,42453
7736,42453,42453
7737,42453,42453
7738,42453,42453
7739,42453,42453
7740,42453,42453
7741,42453,42453
7742,42453,42453
7743,42453,42453
7744,42453,42453
7745,42453,42453
7746,42453,42453
7747,42453,42453
7748,42453,42453
7749,42453,42453
7750,42453,42453
7751,42453,42453
7752,42453,42453
7753,42453,42453
7754,42453,42453
7755,42453,42453
7756,42453,42453
7757,42453,42453
7758,42453,42453
7759,42453,42453
7760,42453,42453
7761,42453,42453
7762,42453,42453
7763,42453,42453
7764,42453,42453
7765,42453,42453
7766,42453,42453
7767,42453,42453
7768,42453,42453
7769,42453,42453
7770,42453,42453
7771,42453,42453
7772,42453,42453
7773,42453,42453
7774,42453,42453
7775,42453,42453
7776,42453,42453
7777,42453,42453
7778,42453,42453
7779,42453,42453
7780,42453,42453
7781,42453,42453
7782,42453,42453
7783,42453,42453
7784,42453,42453
7785,42453,42453
7786,42453,42453
7787,42453,42453
7788,42453,42453
7789,42453,42453
7790,42453,42453
7791,42453,42453
7792,42453,42453
7793,42453,42453
7794,42453,42453
7795,42453,42453
7796,42453,42453
7797,42453,42453
7798,42453,42453
7799,42453,42453
7800,42453,42453
7801,42453,42453
7802,42453,42453
7803,42453,42453
7804,42453,42453
7805,42453,42453
7806,42453,42453
7807,42453,42453
7808,42453,42453
7809,42453,42453
7810,42453,42453
7811,42453,42453
7812,42453,42453
7813,42453,42453
7814,42453,42453
7815,42453,42453
7816,42453,42453
7817,42453,42453
7818,42453,42453
7819,42453,42453
7820,42453,42453
7821,42453,42453
7822,42453,42453
7823,42453,42453
7824,42453,42453
7825,42453,42453
7826,42453,42453
7827,42453,42453
7828,42453,42453
7829,42453,42453
7830,42453,42453
7831,42453,42453
7832,42453,42453
7833,42453,42453
7834,42453,42453
7835,42453,42453
7836,42453,42453
7837,42453,42453
7838,42453,42453
7839,42453,42453
7840,42453,42453
7841,42453,42453
7842,42453,42453
7843,42453,42453
7844,42453,42453
7845,42453,42453
7846,42453,42453
7847,42453,42453
7848,42453,42453
7849,42453,42453
7850,42453,42453
7851,42453,42453
7852,42453,42453
7853,42453,42453
7854,42453,42453
7855,42453,42453
7856,42453,42453
7857,42453,42453
7858,42453,42453
7859,42453,42453
7860,42453,42453
7861,42453,42453
7862,42453,42453
7863,42453,42453
7864,42453,42453
7865,42453,42453
7866,42454,42454
7867,42454,42454
7868,42454,42454
7869,42454,42454
7870,42454,42454
7871,42454,42454
7872,42454,42454
7873,42454,42454
7874,42454,42454
7875,42454,42454
7876,42454,42454
7877,42454,42454
7878,42454,42454
7879,42454,42454
7880,42454,42454
7881,42454,42454
7882,42454,42454
7883,42454,42454
7884,42454,42454
7885,42454,42454
7886,42454,42454
7887,42454,42454
7888,42454,42454
7889,42454,42454
7890,42454,42454
7891,42454,42454
7892,42454,42454
7893,42454,42454
7894,42454,42454
7895,42454,42454
7896,42454,42454
7897,42454,42454
7898,42454,42454
7899,42454,42454
7900,42454,42454
7901,42454,42454
7902,42454,42454
7903,42454,42454
7904,42454,42454
7905,42454,42454
7906,42454,42454
7907,42454,42454
7908,42454,42454
7909,42454,42454
7910,42454,42454
7911,42454,42454
7912,42454,42454
7913,42454,42454
7914,42454,42454
7915,42454,42454
7916,42454,42454
7917,42454,42454
7918,42454,42454
7919,42454,42454
7920,42454,42454
7921,42454,42454
7922,42454,42454
7923,42454,42454
7924,42454,42454
7925,42454,42454
7926,42454,42454
7927,42454,42454
7928,42454,42454
7929,42454,42454
7930,42454,42454
7931,42454,42454
7932,42454,42454
7933,42454,42454
7934,42454,42454
7935,42454,42454
7936,42454,42454
7937,42454,42454
7938,42454,42454
7939,42454,42454
7940,42454,42454
7941,42454,42454
7942,42454,42454
7943,42454,42454
7944,42454,42454
7945,42454,42454
7946,42454,42454
7947,42454,42454
7948,42454,42454
7949,42454,42454
7950,42454,42454
7951,42454,42454
7952,42454,42454
7953,42454,42454
7954,42454,42454
7955,42454,42454
7956,42454,42454
7957,42454,42454
7958,42454,42454
7959,42454,42454
7960,42454,42454
7961,42454,42454
7962,42454,42454
7963,42454,42454
7964,42454,42454
7965,42454,42454
7966,42454,42454
7967,42454,42454
7968,42454,42454
7969,42454,42454
7970,42454,42454
7971,42454,42454
7972,42454,42454
7973,42454,42454
7974,42454,42454
7975,42454,42454
7976,42454,42454
7977,42454,42454
7978,42454,42454
7979,42454,42454
7980,42454,42454
7981,42454,42454
7982,42454,42454
7983,42454,42454
7984,42454,42454
7985,42454,42454
7986,42454,42454
7987,42454,42454
7988,42454,42454
7989,42454,42454
7990,42454,42454
7991,42454,42454
7992,42454,42454
7993,42454,42454
7994,42454,42454
7995,42454,42454
7996,42454,42454
7997,42454,42454
7998,42454,42454
7999,42454,42454
8000,42454,42454
8001,42454,42454
8002,42454,42454
8003,42454,42454
8004,42454,42454
8005,42454,42454
8006,42454,42454
8007,42454,42454
8008,42454,42454
8009,42454,42454
8010,42454,42454
8011,42454,42454
8012,42454,42454
8013,42454,42454
8014,42454,42454
8015,42454,42454
8016,42454,42454
8017,42454,42454
8018,42454,42454
8019,42454,42454
8020,42454,42454
8021,42454,42454
8022,42454,42454
8023,42454,42454
8024,42454,42454
8025,42454,42454
8026,42454,42454
8027,42454,42454
8028,42454,42454
8029,42454,42454
8030,42454,42454
8031,42454,42454
8032,42454,42454
8033,42454,42454
8034,42454,42454
8035,42454,42454
8036,42454,42454
8037,42454,42454
8038,42454,42454
8039,42454,42454
8040,42454,42454
8041,42454,42454
8042,42454,42454
8043,42454,42454
8044,42454,42454
8045,42454,42454
8046,42454,42454
8047,42454,42454
8048,42454,42454
8049,42454,42454
8050,42454,42454
8051,42454,42454
8052,42454,42454
8053,42454,42454
8054,42454,42454
8055,42454,42454
8056,42454,42454
8057,42454,42454
8058,42454,42454
8059,42454,42454
8060,42454,42454
8061,42454,42454
8062,42454,42454
8063,42454,42454
8064,42454,42454
8065,42454,42454
8066,42454,42454
8067,42454,42454
8068,42454,42454
8069,42454,42454
8070,42454,42454
8071,42454,42454
8072,42454,42454
8073,42455,42455
8074,42455,42455
8075,42455,42455
8076,42455,42455
8077,42455,42455
8078,42455,42455
8079,42455,42455
8080,42455,42455
8081,42455,42455
8082,42455,42455
8083,42455,42455
8084,42455,42455
8085,42455,42455
8086,42455,42455
8087,42455,42455
8088,42455,42455
8089,42455,42455
8090,42455,42455
8091,42455,42455
8092,42455,42455
8093,42455,42455
8094,42455,42455
8095,42455,42455
8096,42455,42455
8097,42455,42455
8098,42455,42455
8099,42455,42455
8100,42455,42455
8101,42455,42455
8102,42455,42455
8103,42455,42455
8104,42455,42455
8105,42455,42455
8106,42455,42455
8107,42455,42455
8108,42455,42455
8109,42455,42455
8110,42455,42455
8111,42455,42455
8112,42455,42455
8113,42455,42455
8114,42455,42455
8115,42455,42455
8116,42455,42455
8117,42455,42455
8118,42455,42455
8119,42455,42455
8120,42455,42455
8121,42455,42455
8122,42455,42455
8123,42455,42455
8124,42455,42455
8125,42455,42455
8126,42455,42455
8127,42455,42455
8128,42455,42455
8129,42455,42455
8130,42455,42455
8131,42455,42455
8132,42455,42455
8133,42455,42455
8134,42455,42455
8135,42455,42455
8136,42455,42455
8137,42455,42455
8138,42455,42455
8139,42455,42455
8140,42455,42455
8141,42455,42455
8142,42455,42455
8143,42455,42455
8144,42455,42455
8145,42455,42455
8146,42455,42455
8147,42455,42455
8148,42455,42455
8149,42455,42455
8150,42455,42455
8151,42455,42455
8152,42455,42455
8153,42455,42455
8154,42455,42455
8155,42455,42455
8156,42455,42455
8157,42455,42455
8158,42455,42455
8159,42455,42455
8160,42455,42455
8161,42455,42455
8162,42455,42455
8163,42455,42455
8164,42455,42455
8165,42455,42455
8166,42455,42455
8167,42455,42455
8168,42455,42455
8169,42455,42455
8170,42455,42455
8171,42455,42455
8172,42455,42455
8173,42455,42455
8174,42455,42455
8175,42455,42455
8176,42455,42455
8177,42455,42455
8178,42455,42455
8179,42455,42455
8180,42455,42455
8181,42455,42455
8182,42455,42455
8183,42455,42455
8184,42455,42455
8185,42455,42455
8186,42455,42455
8187,42455,42455
8188,42455,42455
8189,42455,42455
8190,42455,42455
8191,42455,42455
8192,42455,42455
8193,42455,42455
8194,42455,42455
8195,42455,42455
8196,42455,42455
8197,42455,42455
8198,42455,42455
8199,42455,42455
8200,42455,42455
8201,42455,42455
8202,42455,42455
8203,42455,42455
8204,42455,42455
8205,42455,42455
8206,42455,42455
8207,42455,42455
8208,42455,42455
8209,42455,42455
8210,42455,42455
8211,42455,42455
8212,42455,42455
8213,42455,42455
8214,42455,42455
8215,42455,42455
8216,42455,42455
8217,42455,42455
8218,42455,42455
8219,42455,42455
8220,42455,42455
8221,42455,42455
8222,42455,42455
8223,42455,42455
8224,42455,42455
8225,42455,42455
8226,42455,42455
8227,42455,42455
8228,42455,42455
8229,42455,42455
8230,42455,42455
8231,42455,42455
8232,42455,42455
8233,42455,42455
8234,42455,42455
8235,42455,42455
8236,42455,42455
8237,42455,42455
8238,42455,42455
8239,42455,42455
8240,42455,42455
8241,42455,42455
8242,42455,42455
8243,42455,42455
8244,42455,42455
8245,42455,42455
8246,42455,42455
8247,42455,42455
8248,42455,42455
8249,42455,42455
8250,42455,42455
8251,42455,42455
8252,42455,42455
8253,42455,42455
8254,42455,42455
8255,42455,42455
8256,42455,42455
8257,42455,42455
8258,42455,42455
8259,42455,42455
8260,42455,42455
8261,42455,42455
8262,42455,42455
8263,42455,42455
8264,42455,42455
8265,42455,42455
8266,42455,42455
8267,42455,42455
8268,42455,42455
8269,42455,42455
8270,42455,42455
8271,42455,42455
8272,42455,42455
8273,42455,42455
8274,42455,42455
8275,42455,42455
8276,42455,42455
8277,42455,42455
8278,42455,42455
8279,42455,42455
8280,42456,42456
8281,42456,42456
8282,42456,42456
8283,42456,42456
8284,42456,42456
8285,42456,42456
8286,42456,42456
8287,42456,42456
8288,42456,42456
8289,42456,42456
8290,42456,42456
8291,42456,42456
8292,42456,42456
8293,42456,42456
8294,42456,42456
8295,42456,42456
8296,42456,42456
8297,42456,42456
8298,42456,42456
8299,42456,42456
8300,42456,42456
8301,42456,42456
8302,42456,42456
8303,42456,42456
8304,42456,42456
8305,42456,42456
8306,42456,42456
8307,42456,42456
8308,42456,42456
8309,42456,42456
8310,42456,42456
8311,42456,42456
8312,42456,42456
8313,42456,42456
8314,42456,42456
8315,42456,42456
8316,42456,42456
8317,42456,42456
8318,42456,42456
8319,42456,42456
8320,42456,42456
8321,42456,42456
8322,42456,42456
8323,42456,42456
8324,42456,42456
8325,42456,42456
8326,42456,42456
8327,42456,42456
8328,42456,42456
8329,42456,42456
8330,42456,42456
8331,42456,42456
8332,42456,42456
8333,42456,42456
8334,42456,42456
8335,42456,42456
8336,42456,42456
8337,42456,42456
8338,42456,42456
8339,42456,42456
8340,42456,42456
8341,42456,42456
8342,42456,42456
8343,42456,42456
8344,42456,42456
8345,42456,42456
8346,42456,42456
8347,42456,42456
8348,42456,42456
8349,42456,42456
8350,42456,42456
8351,42456,42456
8352,42456,42456
8353,42456,42456
8354,42456,42456
8355,42456,42456
8356,42456,42456
8357,42456,42456
8358,42456,42456
8359,42456,42456
8360,42456,42456
8361,42456,42456
8362,42456,42456
8363,42456,42456
8364,42456,42456
8365,42456,42456
8366,42456,42456
8367,42456,42456
8368,42456,42456
8369,42456,42456
8370,42456,42456
8371,42456,42456
8372,42456,42456
8373,42456,42456
8374,42456,42456
8375,42456,42456
8376,42456,42456
8377,42456,42456
8378,42456,42456
8379,42456,42456
8380,42456,42456
8381,42456,42456
8382,42456,42456
8383,42456,42456
8384,42456,42456
8385,42456,42456
8386,42456,42456
8387,42456,42456
8388,42456,42456
8389,42456,42456
8390,42456,42456
8391,42456,42456
8392,42456,42456
8393,42456,42456
8394,42456,42456
8395,42456,42456
8396,42456,42456
8397,42456,42456
8398,42456,42456
8399,42456,42456
8400,42456,42456
8401,42456,42456
8402,42456,42456
8403,42456,42456
8404,42456,42456
8405,42456,42456
8406,42456,42456
8407,42456,42456
8408,42456,42456
8409,42456,42456
8410,42456,42456
8411,42456,42456
8412,42456,42456
8413,42456,42456
8414,42456,42456
8415,42456,42456
8416,42456,42456
8417,42456,42456
8418,42456,42456
8419,42456,42456
8420,42456,42456
8421,42456,42456
8422,42456,42456
8423,42456,42456
8424,42456,42456
8425,42456,42456
8426,42456,42456
8427,42456,42456
8428,42456,42456
8429,42456,42456
8430,42456,42456
8431,42456,42456
8432,42456,42456
8433,42456,42456
8434,42456,42456
8435,42456,42456
8436,42456,42456
8437,42456,42456
8438,42456,42456
8439,42456,42456
8440,42456,42456
8441,42456,42456
8442,42456,42456
8443,42456,42456
8444,42456,42456
8445,42456,42456
8446,42456,42456
8447,42456,42456
8448,42456,42456
8449,42456,42456
8450,42456,42456
8451,42456,42456
8452,42456,42456
8453,42456,42456
8454,42456,42456
8455,42456,42456
8456,42456,42456
8457,42456,42456
8458,42456,42456
8459,42456,42456
8460,42456,42456
8461,42456,42456
8462,42456,42456
8463,42456,42456
8464,42456,42456
8465,42456,42456
8466,42456,42456
8467,42456,42456
8468,42456,42456
8469,42456,42456
8470,42456,42456
8471,42456,42456
8472,42456,42456
8473,42456,42456
8474,42456,42456
8475,42456,42456
8476,42456,42456
8477,42456,42456
8478,42456,42456
8479,42456,42456
8480,42456,42456
8481,42456,42456
8482,42456,42456
8483,42456,42456
8484,42456,42456
8485,42456,42456
8486,42456,42456
8487,42457,42457
8488,42457,42457
8489,42457,42457
8490,42457,42457
8491,42457,42457
8492,42457,42457
8493,42457,42457
8494,42457,42457
8495,42457,42457
8496,42457,42457
8497,42457,42457
8498,42457,42457
8499,42457,42457
8500,42457,42457
8501,42457,42457
8502,42457,42457
8503,42457,42457
8504,42457,42457
8505,42457,42457
8506,42457,42457
8507,42457,42457
8508,42457,42457
8509,42457,42457
8510,42457,42457
8511,42457,42457
8512,42457,42457
8513,42457,42457
8514,42457,42457
8515,42457,42457
8516,42457,42457
8517,42457,42457
8518,42457,42457
8519,42457,42457
8520,42457,42457
8521,42457,42457
8522,42457,42457
8523,42457,42457
8524,42457,42457
8525,42457,42457
8526,42457,42457
8527,42457,42457
8528,42457,42457
8529,42457,42457
8530,42457,42457
8531,42457,42457
8532,42457,42457
8533,42457,42457
8534,42457,42457
8535,42457,42457
8536,42457,42457
8537,42457,42457
8538,42457,42457
8539,42457,42457
8540,42457,42457
8541,42457,42457
8542,42457,42457
8543,42457,42457
8544,42457,42457
8545,42457,42457
8546,42457,42457
8547,42457,42457
8548,42457,42457
8549,42457,42457
8550,42457,42457
8551,42457,42457
8552,42457,42457
8553,42457,42457
8554,42457,42457
8555,42457,42457
8556,42457,42457
8557,42457,42457
8558,42457,42457
8559,42457,42457
8560,42457,42457
8561,42457,42457
8562,42457,42457
8563,42457,42457
8564,42457,42457
8565,42457,42457
8566,42457,42457
8567,42457,42457
8568,42457,42457
8569,42457,42457
8570,42457,42457
8571,42457,42457
8572,42457,42457
8573,42457,42457
8574,42457,42457
8575,42457,42457
8576,42457,42457
8577,42457,42457
8578,42457,42457
8579,42457,42457
8580,42457,42457
8581,42457,42457
8582,42457,42457
8583,42457,42457
8584,42457,42457
8585,42457,42457
8586,42457,42457
8587,42457,42457
8588,42457,42457
8589,42457,42457
8590,42457,42457
8591,42457,42457
8592,42457,42457
8593,42457,42457
8594,42457,42457
8595,42457,42457
8596,42457,42457
8597,42457,42457
8598,42457,42457
8599,42457,42457
8600,42457,42457
8601,42457,42457
8602,42457,42457
8603,42457,42457
8604,42457,42457
8605,42457,42457
8606,42457,42457
8607,42457,42457
8608,42457,42457
8609,42457,42457
8610,42457,42457
8611,42457,42457
8612,42457,42457
8613,42457,42457
8614,42457,42457
8615,42457,42457
8616,42457,42457
8617,42457,42457
8618,42457,42457
8619,42457,42457
8620,42457,42457
8621,42457,42457
8622,42457,42457
8623,42457,42457
8624,42457,42457
8625,42457,42457
8626,42457,42457
8627,42457,42457
8628,42457,42457
8629,42457,42457
8630,42457,42457
8631,42457,42457
8632,42457,42457
8633,42457,42457
8634,42457,42457
8635,42457,42457
8636,42457,42457
8637,42457,42457
8638,42457,42457
8639,42457,42457
8640,42457,42457
8641,42457,42457
8642,42457,42457
8643,42457,42457
8644,42457,42457
8645,42457,42457
8646,42457,42457
8647,42457,42457
8648,42457,42457
8649,42457,42457
8650,42457,42457
8651,42457,42457
8652,42457,42457
8653,42457,42457
8654,42457,42457
8655,42457,42457
8656,42457,42457
8657,42457,42457
8658,42457,42457
8659,42457,42457
8660,42457,42457
8661,42457,42457
8662,42457,42457
8663,42457,42457
8664,42457,42457
8665,42457,42457
8666,42457,42457
8667,42457,42457
8668,42457,42457
8669,42457,42457
8670,42457,42457
8671,42457,42457
8672,42457,42457
8673,42457,42457
8674,42457,42457
8675,42457,42457
8676,42457,42457
8677,42457,42457
8678,42457,42457
8679,42457,42457
8680,42457,42457
8681,42457,42457
8682,42457,42457
8683,42457,42457
8684,42457,42457
8685,42457,42457
8686,42457,42457
8687,42457,42457
8688,42457,42457
8689,42457,42457
8690,42457,42457
8691,42457,42457
8692,42457,42457
8693,42457,42457
8694,42458,42458
8695,42458,42458
8696,42458,42458
8697,42458,42458
8698,42458,42458
8699,42458,42458
8700,42458,42458
8701,42458,42458
8702,42458,42458
8703,42458,42458
8704,42458,42458
8705,42458,42458
8706,42458,42458
8707,42458,42458
8708,42458,42458
8709,42458,42458
8710,42458,42458
8711,42458,42458
8712,42458,42458
8713,42458,42458
8714,42458,42458
8715,42458,42458
8716,42458,42458
8717,42458,42458
8718,42458,42458
8719,42458,42458
8720,42458,42458
8721,42458,42458
8722,42458,42458
8723,42458,42458
8724,42458,42458
8725,42458,42458
8726,42458,42458
8727,42458,42458
8728,42458,42458
8729,42458,42458
8730,42458,42458
8731,42458,42458
8732,42458,42458
8733,42458,42458
8734,42458,42458
8735,42458,42458
8736,42458,42458
8737,42458,42458
8738,42458,42458
8739,42458,42458
8740,42458,42458
8741,42458,42458
8742,42458,42458
8743,42458,42458
8744,42458,42458
8745,42458,42458
8746,42458,42458
8747,42458,42458
8748,42458,42458
8749,42458,42458
8750,42458,42458
8751,42458,42458
8752,42458,42458
8753,42458,42458
8754,42458,42458
8755,42458,42458
8756,42458,42458
8757,42458,42458
8758,42458,42458
8759,42458,42458
8760,42458,42458
8761,42458,42458
8762,42458,42458
8763,42458,42458
8764,42458,42458
8765,42458,42458
8766,42458,42458
8767,42458,42458
8768,42458,42458
8769,42458,42458
8770,42458,42458
8771,42458,42458
8772,42458,42458
8773,42458,42458
8774,42458,42458
8775,42458,42458
8776,42458,42458
8777,42458,42458
8778,42458,42458
8779,42458,42458
8780,42458,42458
8781,42458,42458
8782,42458,42458
8783,42458,42458
8784,42458,42458
8785,42458,42458
8786,42458,42458
8787,42458,42458
8788,42458,42458
8789,42458,42458
8790,42458,42458
8791,42458,42458
8792,42458,42458
8793,42458,42458
8794,42458,42458
8795,42458,42458
8796,42458,42458
8797,42458,42458
8798,42458,42458
8799,42458,42458
8800,42458,42458
8801,42458,42458
8802,42458,42458
8803,42458,42458
8804,42458,42458
8805,42458,42458
8806,42458,42458
8807,42458,42458
8808,42458,42458
8809,42458,42458
8810,42458,42458
8811,42458,42458
8812,42458,42458
8813,42458,42458
8814,42458,42458
8815,42458,42458
8816,42458,42458
8817,42458,42458
8818,42458,42458
8819,42458,42458
8820,42458,42458
8821,42458,42458
8822,42458,42458
8823,42458,42458
8824,42458,42458
8825,42458,42458
8826,42458,42458
8827,42458,42458
8828,42458,42458
8829,42458,42458
8830,42458,42458
8831,42458,42458
8832,42458,42458
8833,42458,42458
8834,42458,42458
8835,42458,42458
8836,42458,42458
8837,42458,42458
8838,42458,42458
8839,42458,42458
8840,42458,42458
8841,42458,42458
8842,42458,42458
8843,42458,42458
8844,42458,42458
8845,42458,42458
8846,42458,42458
8847,42458,42458
8848,42458,42458
8849,42458,42458
8850,42458,42458
8851,42458,42458
8852,42458,42458
8853,42458,42458
8854,42458,42458
8855,42458,42458
8856,42458,42458
8857,42458,42458
8858,42458,42458
8859,42458,42458
8860,42458,42458
8861,42458,42458
8862,42458,42458
8863,42458,42458
8864,42458,42458
8865,42458,42458
8866,42458,42458
8867,42458,42458
8868,42458,42458
8869,42458,42458
8870,42458,42458
8871,42458,42458
8872,42458,42458
8873,42458,42458
8874,42458,42458
8875,42458,42458
8876,42458,42458
8877,42458,42458
8878,42458,42458
8879,42458,42458
8880,42458,42458
8881,42458,42458
8882,42458,42458
8883,42458,42458
8884,42458,42458
8885,42458,42458
8886,42458,42458
8887,42458,42458
8888,42458,42458
8889,42458,42458
8890,42458,42458
8891,42458,42458
8892,42458,42458
8893,42458,42458
8894,42458,42458
8895,42458,42458
8896,42458,42458
8897,42458,42458
8898,42458,42458
8899,42458,42458
8900,42458,42458
8901,42459,42459
8902,42459,42459
8903,42459,42459
8904,42459,42459
8905,42459,42459
8906,42459,42459
8907,42459,42459
8908,42459,42459
8909,42459,42459
8910,42459,42459
8911,42459,42459
8912,42459,42459
8913,42459,42459
8914,42459,42459
8915,42459,42459
8916,42459,42459
8917,42459,42459
8918,42459,42459
8919,42459,42459
8920,42459,42459
8921,42459,42459
8922,42459,42459
8923,42459,42459
8924,42459,42459
8925,42459,42459
8926,42459,42459
8927,42459,42459
8928,42459,42459
8929,42459,42459
8930,42459,42459
8931,42459,42459
8932,42459,42459
8933,42459,42459
8934,42459,42459
8935,42459,42459
8936,42459,42459
8937,42459,42459
8938,42459,42459
8939,42459,42459
8940,42459,42459
8941,42459,42459
8942,42459,42459
8943,42459,42459
8944,42459,42459
8945,42459,42459
8946,42459,42459
8947,42459,42459
8948,42459,42459
8949,42459,42459
8950,42459,42459
8951,42459,42459
8952,42459,42459
8953,42459,42459
8954,42459,42459
8955,42459,42459
8956,42459,42459
8957,42459,42459
8958,42459,42459
8959,42459,42459
8960,42459,42459
8961,42459,42459
8962,42459,42459
8963,42459,42459
8964,42459,42459
8965,42459,42459
8966,42459,42459
8967,42459,42459
8968,42459,42459
8969,42459,42459
8970,42459,42459
8971,42459,42459
8972,42459,42459
8973,42459,42459
8974,42459,42459
8975,42459,42459
8976,42459,42459
8977,42459,42459
8978,42459,42459
8979,42459,42459
8980,42459,42459
8981,42459,42459
8982,42459,42459
8983,42459,42459
8984,42459,42459
8985,42459,42459
8986,42459,42459
8987,42459,42459
8988,42459,42459
8989,42459,42459
8990,42459,42459
8991,42459,42459
8992,42459,42459
8993,42459,42459
8994,42459,42459
8995,42459,42459
8996,42459,42459
8997,42459,42459
8998,42459,42459
8999,42459,42459
9000,42459,42459
9001,42459,42459
9002,42459,42459
9003,42459,42459
9004,42459,42459
9005,42459,42459
9006,42459,42459
9007,42459,42459
9008,42459,42459
9009,42459,42459
9010,42459,42459
9011,42459,42459
9012,42459,42459
9013,42459,42459
9014,42459,42459
9015,42459,42459
9016,42459,42459
9017,42459,42459
9018,42459,42459
9019,42459,42459
9020,42459,42459
9021,42459,42459
9022,42459,42459
9023,42459,42459
9024,42459,42459
9025,42459,42459
9026,42459,42459
9027,42459,42459
9028,42459,42459
9029,42459,42459
9030,42459,42459
9031,42459,42459
9032,42459,42459
9033,42459,42459
9034,42459,42459
9035,42459,42459
9036,42459,42459
9037,42459,42459
9038,42459,42459
9039,42459,42459
9040,42459,42459
9041,42459,42459
9042,42459,42459
9043,42459,42459
9044,42459,42459
9045,42459,42459
9046,42459,42459
9047,42459,42459
9048,42459,42459
9049,42459,42459
9050,42459,42459
9051,42459,42459
9052,42459,42459
9053,42459,42459
9054,42459,42459
9055,42459,42459
9056,42459,42459
9057,42459,42459
9058,42459,42459
9059,42459,42459
9060,42459,42459
9061,42459,42459
9062,42459,42459
9063,42459,42459
9064,42459,42459
9065,42459,42459
9066,42459,42459
9067,42459,42459
9068,42459,42459
9069,42459,42459
9070,42459,42459
9071,42459,42459
9072,42459,42459
9073,42459,42459
9074,42459,42459
9075,42459,42459
9076,42459,42459
9077,42459,42459
9078,42459,42459
9079,42459,42459
9080,42459,42459
9081,42459,42459
9082,42459,42459
9083,42459,42459
9084,42459,42459
9085,42459,42459
9086,42459,42459
9087,42459,42459
9088,42459,42459
9089,42459,42459
9090,42459,42459
9091,42459,42459
9092,42459,42459
9093,42459,42459
9094,42459,42459
9095,42459,42459
9096,42459,42459
9097,42459,42459
9098,42459,42459
9099,42459,42459
9100,42459,42459
9101,42459,42459
9102,42459,42459
9103,42459,42459
9104,42459,42459
9105,42459,42459
9106,42459,42459
9107,42459,42459
9108,42460,42460
9109,42460,42460
9110,42460,42460
9111,42460,42460
9112,42460,42460
9113,42460,42460
9114,42460,42460
9115,42460,42460
9116,42460,42460
9117,42460,42460
9118,42460,42460
9119,42460,42460
9120,42460,42460
9121,42460,42460
9122,42460,42460
9123,42460,42460
9124,42460,42460
9125,42460,42460
9126,42460,42460
9127,42460,42460
9128,42460,42460
9129,42460,42460
9130,42460,42460
9131,42460,42460
9132,42460,42460
9133,42460,42460
9134,42460,42460
9135,42460,42460
9136,42460,42460
9137,42460,42460
9138,42460,42460
9139,42460,42460
9140,42460,42460
9141,42460,42460
9142,42460,42460
9143,42460,42460
9144,42460,42460
9145,42460,42460
9146,42460,42460
9147,42460,42460
9148,42460,42460
9149,42460,42460
9150,42460,42460
9151,42460,42460
9152,42460,42460
9153,42460,42460
9154,42460,42460
9155,42460,42460
9156,42460,42460
9157,42460,42460
9158,42460,42460
9159,42460,42460
9160,42460,42460
9161,42460,42460
9162,42460,42460
9163,42460,42460
9164,42460,42460
9165,42460,42460
9166,42460,42460
9167,42460,42460
9168,42460,42460
9169,42460,42460
9170,42460,42460
9171,42460,42460
9172,42460,42460
9173,42460,42460
9174,42460,42460
9175,42460,42460
9176,42460,42460
9177,42460,42460
9178,42460,42460
9179,42460,42460
9180,42460,42460
9181,42460,42460
9182,42460,42460
9183,42460,42460
9184,42460,42460
9185,42460,42460
9186,42460,42460
9187,42460,42460
9188,42460,42460
9189,42460,42460
9190,42460,42460
9191,42460,42460
9192,42460,42460
9193,42460,42460
9194,42460,42460
9195,42460,42460
9196,42460,42460
9197,42460,42460
9198,42460,42460
9199,42460,42460
9200,42460,42460
9201,42460,42460
9202,42460,42460
9203,42460,42460
9204,42460,42460
9205,42460,42460
9206,42460,42460
9207,42460,42460
9208,42460,42460
9209,42460,42460
9210,42460,42460
9211,42460,42460
9212,42460,42460
9213,42460,42460
9214,42460,42460
9215,42460,42460
9216,42460,42460
9217,42460,42460
9218,42460,42460
9219,42460,42460
9220,42460,42460
9221,42460,42460
9222,42460,42460
9223,42460,42460
9224,42460,42460
9225,42460,42460
9226,42460,42460
9227,42460,42460
9228,42460,42460
9229,42460,42460
9230,42460,42460
9231,42460,42460
9232,42460,42460
9233,42460,42460
9234,42460,42460
9235,42460,42460
9236,42460,42460
9237,42460,42460
9238,42460,42460
9239,42460,42460
9240,42460,42460
9241,42460,42460
9242,42460,42460
9243,42460,42460
9244,42460,42460
9245,42460,42460
9246,42460,42460
9247,42460,42460
9248,42460,42460
9249,42460,42460
9250,42460,42460
9251,42460,42460
9252,42460,42460
9253,42460,42460
9254,42460,42460
9255,42460,42460
9256,42460,42460
9257,42460,42460
9258,42460,42460
9259,42460,42460
9260,42460,42460
9261,42460,42460
9262,42460,42460
9263,42460,42460
9264,42460,42460
9265,42460,42460
9266,42460,42460
9267,42460,42460
9268,42460,42460
9269,42460,42460
9270,42460,42460
9271,42460,42460
9272,42460,42460
9273,42460,42460
9274,42460,42460
9275,42460,42460
9276,42460,42460
9277,42460,42460
9278,42460,42460
9279,42460,42460
9280,42460,42460
9281,42460,42460
9282,42460,42460
9283,42460,42460
9284,42460,42460
9285,42460,42460
9286,42460,42460
9287,42460,42460
9288,42460,42460
9289,42460,42460
9290,42460,42460
9291,42460,42460
9292,42460,42460
9293,42460,42460
9294,42460,42460
9295,42460,42460
9296,42460,42460
9297,42460,42460
9298,42460,42460
9299,42460,42460
9300,42460,42460
9301,42460,42460
9302,42460,42460
9303,42460,42460
9304,42460,42460
9305,42460,42460
9306,42460,42460
9307,42460,42460
9308,42460,42460
9309,42460,42460
9310,42460,42460
9311,42460,42460
9312,42460,42460
9313,42460,42460
9314,42460,42460
9315,42461,42461
9316,42461,42461
9317,42461,42461
9318,42461,42461
9319,42461,42461
9320,42461,42461
9321,42461,42461
9322,42461,42461
9323,42461,42461
9324,42461,42461
9325,42461,42461
9326,42461,42461
9327,42461,42461
9328,42461,42461
9329,42461,42461
9330,42461,42461
9331,42461,42461
9332,42461,42461
9333,42461,42461
9334,42461,42461
9335,42461,42461
9336,42461,42461
9337,42461,42461
9338,42461,42461
9339,42461,42461
9340,42461,42461
9341,42461,42461
9342,42461,42461
9343,42461,42461
9344,42461,42461
9345,42461,42461
9346,42461,42461
9347,42461,42461
9348,42461,42461
9349,42461,42461
9350,42461,42461
9351,42461,42461
9352,42461,42461
9353,42461,42461
9354,42461,42461
9355,42461,42461
9356,42461,42461
9357,42461,42461
9358,42461,42461
9359,42461,42461
9360,42461,42461
9361,42461,42461
9362,42461,42461
9363,42461,42461
9364,42461,42461
9365,42461,42461
9366,42461,42461
9367,42461,42461
9368,42461,42461
9369,42461,42461
9370,42461,42461
9371,42461,42461
9372,42461,42461
9373,42461,42461
9374,42461,42461
9375,42461,42461
9376,42461,42461
9377,42461,42461
9378,42461,42461
9379,42461,42461
9380,42461,42461
9381,42461,42461
9382,42461,42461
9383,42461,42461
9384,42461,42461
9385,42461,42461
9386,42461,42461
9387,42461,42461
9388,42461,42461
9389,42461,42461
9390,42461,42461
9391,42461,42461
9392,42461,42461
9393,42461,42461
9394,42461,42461
9395,42461,42461
9396,42461,42461
9397,42461,42461
9398,42461,42461
9399,42461,42461
9400,42461,42461
9401,42461,42461
9402,42461,42461
9403,42461,42461
9404,42461,42461
9405,42461,42461
9406,42461,42461
9407,42461,42461
9408,42461,42461
9409,42461,42461
9410,42461,42461
9411,42461,42461
9412,42461,42461
9413,42461,42461
9414,42461,42461
9415,42461,42461
9416,42461,42461
9417,42461,42461
9418,42461,42461
9419,42461,42461
9420,42461,42461
9421,42461,42461
9422,42461,42461
9423,42461,42461
9424,42461,42461
9425,42461,42461
9426,42461,42461
9427,42461,42461
9428,42461,42461
9429,42461,42461
9430,42461,42461
9431,42461,42461
9432,42461,42461
9433,42461,42461
9434,42461,42461
9435,42461,42461
9436,42461,42461
9437,42461,42461
9438,42461,42461
9439,42461,42461
9440,42461,42461
9441,42461,42461
9442,42461,42461
9443,42461,42461
9444,42461,42461
9445,42461,42461
9446,42461,42461
9447,42461,42461
9448,42461,42461
9449,42461,42461
9450,42461,42461
9451,42461,42461
9452,42461,42461
9453,42461,42461
9454,42461,42461
9455,42461,42461
9456,42461,42461
9457,42461,42461
9458,42461,42461
9459,42461,42461
9460,42461,42461
9461,42461,42461
9462,42461,42461
9463,42461,42461
9464,42461,42461
9465,42461,42461
9466,42461,42461
9467,42461,42461
9468,42461,42461
9469,42461,42461
9470,42461,42461
9471,42461,42461
9472,42461,42461
9473,42461,42461
9474,42461,42461
9475,42461,42461
9476,42461,42461
9477,42461,42461
9478,42461,42461
9479,42461,42461
9480,42461,42461
9481,42461,42461
9482,42461,42461
9483,42461,42461
9484,42461,42461
9485,42461,42461
9486,42461,42461
9487,42461,42461
9488,42461,42461
9489,42461,42461
9490,42461,42461
9491,42461,42461
9492,42461,42461
9493,42461,42461
9494,42461,42461
9495,42461,42461
9496,42461,42461
9497,42461,42461
9498,42461,42461
9499,42461,42461
9500,42461,42461
9501,42461,42461
9502,42461,42461
9503,42461,42461
9504,42461,42461
9505,42461,42461
9506,42461,42461
9507,42461,42461
9508,42461,42461
9509,42461,42461
9510,42461,42461
9511,42461,42461
9512,42461,42461
9513,42461,42461
9514,42461,42461
9515,42461,42461
9516,42461,42461
9517,42461,42461
9518,42461,42461
9519,42461,42461
9520,42461,42461
9521,42461,42461
9522,42462,42462
9523,42462,42462
9524,42462,42462
9525,42462,42462
9526,42462,42462
9527,42462,42462
9528,42462,42462
9529,42462,42462
9530,42462,42462
9531,42462,42462
9532,42462,42462
9533,42462,42462
9534,42462,42462
9535,42462,42462
9536,42462,42462
9537,42462,42462
9538,42462,42462
9539,42462,42462
9540,42462,42462
9541,42462,42462
9542,42462,42462
9543,42462,42462
9544,42462,42462
9545,42462,42462
9546,42462,42462
9547,42462,42462
9548,42462,42462
9549,42462,42462
9550,42462,42462
9551,42462,42462
9552,42462,42462
9553,42462,42462
9554,42462,42462
9555,42462,42462
9556,42462,42462
9557,42462,42462
9558,42462,42462
9559,42462,42462
9560,42462,42462
9561,42462,42462
9562,42462,42462
9563,42462,42462
9564,42462,42462
9565,42462,42462
9566,42462,42462
9567,42462,42462
9568,42462,42462
9569,42462,42462
9570,42462,42462
9571,42462,42462
9572,42462,42462
9573,42462,42462
9574,42462,42462
9575,42462,42462
9576,42462,42462
9577,42462,42462
9578,42462,42462
9579,42462,42462
9580,42462,42462
9581,42462,42462
9582,42462,42462
9583,42462,42462
9584,42462,42462
9585,42462,42462
9586,42462,42462
9587,42462,42462
9588,42462,42462
9589,42462,42462
9590,42462,42462
9591,42462,42462
9592,42462,42462
9593,42462,42462
9594,42462,42462
9595,42462,42462
9596,42462,42462
9597,42462,42462
9598,42462,42462
9599,42462,42462
9600,42462,42462
9601,42462,42462
9602,42462,42462
9603,42462,42462
9604,42462,42462
9605,42462,42462
9606,42462,42462
9607,42462,42462
9608,42462,42462
9609,42462,42462
9610,42462,42462
9611,42462,42462
9612,42462,42462
9613,42462,42462
9614,42462,42462
9615,42462,42462
9616,42462,42462
9617,42462,42462
9618,42462,42462
9619,42462,42462
9620,42462,42462
9621,42462,42462
9622,42462,42462
9623,42462,42462
9624,42462,42462
9625,42462,42462
9626,42462,42462
9627,42462,42462
9628,42462,42462
9629,42462,42462
9630,42462,42462
9631,42462,42462
9632,42462,42462
9633,42462,42462
9634,42462,42462
9635,42462,42462
9636,42462,42462
9637,42462,42462
9638,42462,42462
9639,42462,42462
9640,42462,42462
9641,42462,42462
9642,42462,42462
9643,42462,42462
9644,42462,42462
9645,42462,42462
9646,42462,42462
9647,42462,42462
9648,42462,42462
9649,42462,42462
9650,42462,42462
9651,42462,42462
9652,42462,42462
9653,42462,42462
9654,42462,42462
9655,42462,42462
9656,42462,42462
9657,42462,42462
9658,42462,42462
9659,42462,42462
9660,42462,42462
9661,42462,42462
9662,42462,42462
9663,42462,42462
9664,42462,42462
9665,42462,42462
9666,42462,42462
9667,42462,42462
9668,42462,42462
9669,42462,42462
9670,42462,42462
9671,42462,42462
9672,42462,42462
9673,42462,42462
9674,42462,42462
9675,42462,42462
9676,42462,42462
9677,42462,42462
9678,42462,42462
9679,42462,42462
9680,42462,42462
9681,42462,42462
9682,42462,42462
9683,42462,42462
9684,42462,42462
9685,42462,42462
9686,42462,42462
9687,42462,42462
9688,42462,42462
9689,42462,42462
9690,42462,42462
9691,42462,42462
9692,42462,42462
9693,42462,42462
9694,42462,42462
9695,42462,42462
9696,42462,42462
9697,42462,42462
9698,42462,42462
9699,42462,42462
9700,42462,42462
9701,42462,42462
9702,42462,42462
9703,42462,42462
9704,42462,42462
9705,42462,42462
9706,42462,42462
9707,42462,42462
9708,42462,42462
9709,42462,42462
9710,42462,42462
9711,42462,42462
9712,42462,42462
9713,42462,42462
9714,42462,42462
9715,42462,42462
9716,42462,42462
9717,42462,42462
9718,42462,42462
9719,42462,42462
9720,42462,42462
9721,42462,42462
9722,42462,42462
9723,42462,42462
9724,42462,42462
9725,42462,42462
9726,42462,42462
9727,42462,42462
9728,42462,42462
9729,42463,42463
9730,42463,42463
9731,42463,42463
9732,42463,42463
9733,42463,42463
9734,42463,42463
9735,42463,42463
9736,42463,42463
9737,42463,42463
9738,42463,42463
9739,42463,42463
9740,42463,42463
9741,42463,42463
9742,42463,42463
9743,42463,42463
9744,42463,42463
9745,42463,42463
9746,42463,42463
9747,42463,42463
9748,42463,42463
9749,42463,42463
9750,42463,42463
9751,42463,42463
9752,42463,42463
9753,42463,42463
9754,42463,42463
9755,42463,42463
9756,42463,42463
9757,42463,42463
9758,42463,42463
9759,42463,42463
9760,42463,42463
9761,42463,42463
9762,42463,42463
9763,42463,42463
9764,42463,42463
9765,42463,42463
9766,42463,42463
9767,42463,42463
9768,42463,42463
9769,42463,42463
9770,42463,42463
9771,42463,42463
9772,42463,42463
9773,42463,42463
9774,42463,42463
9775,42463,42463
9776,42463,42463
9777,42463,42463
9778,42463,42463
9779,42463,42463
9780,42463,42463
9781,42463,42463
9782,42463,42463
9783,42463,42463
9784,42463,42463
9785,42463,42463
9786,42463,42463
9787,42463,42463
9788,42463,42463
9789,42463,42463
9790,42463,42463
9791,42463,42463
9792,42463,42463
9793,42463,42463
9794,42463,42463
9795,42463,42463
9796,42463,42463
9797,42463,42463
9798,42463,42463
9799,42463,42463
9800,42463,42463
9801,42463,42463
9802,42463,42463
9803,42463,42463
9804,42463,42463
9805,42463,42463
9806,42463,42463
9807,42463,42463
9808,42463,42463
9809,42463,42463
9810,42463,42463
9811,42463,42463
9812,42463,42463
9813,42463,42463
9814,42463,42463
9815,42463,42463
9816,42463,42463
9817,42463,42463
9818,42463,42463
9819,42463,42463
9820,42463,42463
9821,42463,42463
9822,42463,42463
9823,42463,42463
9824,42463,42463
9825,42463,42463
9826,42463,42463
9827,42463,42463
9828,42463,42463
9829,42463,42463
9830,42463,42463
9831,42463,42463
9832,42463,42463
9833,42463,42463
9834,42463,42463
9835,42463,42463
9836,42463,42463
9837,42463,42463
9838,42463,42463
9839,42463,42463
9840,42463,42463
9841,42463,42463
9842,42463,42463
9843,42463,42463
9844,42463,42463
9845,42463,42463
9846,42463,42463
9847,42463,42463
9848,42463,42463
9849,42463,42463
9850,42463,42463
9851,42463,42463
9852,42463,42463
9853,42463,42463
9854,42463,42463
9855,42463,42463
9856,42463,42463
9857,42463,42463
9858,42463,42463
9859,42463,42463
9860,42463,42463
9861,42463,42463
9862,42463,42463
9863,42463,42463
9864,42463,42463
9865,42463,42463
9866,42463,42463
9867,42463,42463
9868,42463,42463
9869,42463,42463
9870,42463,42463
9871,42463,42463
9872,42463,42463
9873,42463,42463
9874,42463,42463
9875,42463,42463
9876,42463,42463
9877,42463,42463
9878,42463,42463
9879,42463,42463
9880,42463,42463
9881,42463,42463
9882,42463,42463
9883,42463,42463
9884,42463,42463
9885,42463,42463
9886,42463,42463
9887,42463,42463
9888,42463,42463
9889,42463,42463
9890,42463,42463
9891,42463,42463
9892,42463,42463
9893,42463,42463
9894,42463,42463
9895,42463,42463
9896,42463,42463
9897,42463,42463
9898,42463,42463
9899,42463,42463
9900,42463,42463
9901,42463,42463
9902,42463,42463
9903,42463,42463
9904,42463,42463
9905,42463,42463
9906,42463,42463
9907,42463,42463
9908,42463,42463
9909,42463,42463
9910,42463,42463
9911,42463,42463
9912,42463,42463
9913,42463,42463
9914,42463,42463
9915,42463,42463
9916,42463,42463
9917,42463,42463
9918,42463,42463
9919,42463,42463
9920,42463,42463
9921,42463,42463
9922,42463,42463
9923,42463,42463
9924,42463,42463
9925,42463,42463
9926,42463,42463
9927,42463,42463
9928,42463,42463
9929,42463,42463
9930,42463,42463
9931,42463,42463
9932,42463,42463
9933,42463,42463
9934,42463,42463
9935,42463,42463
9936,42464,42464
9937,42464,42464
9938,42464,42464
9939,42464,42464
9940,42464,42464
9941,42464,42464
9942,42464,42464
9943,42464,42464
9944,42464,42464
9945,42464,42464
9946,42464,42464
9947,42464,42464
9948,42464,42464
9949,42464,42464
9950,42464,42464
9951,42464,42464
9952,42464,42464
9953,42464,42464
9954,42464,42464
9955,42464,42464
9956,42464,42464
9957,42464,42464
9958,42464,42464
9959,42464,42464
9960,42464,42464
9961,42464,42464
9962,42464,42464
9963,42464,42464
9964,42464,42464
9965,42464,42464
9966,42464,42464
9967,42464,42464
9968,42464,42464
9969,42464,42464
9970,42464,42464
9971,42464,42464
9972,42464,42464
9973,42464,42464
9974,42464,42464
9975,42464,42464
9976,42464,42464
9977,42464,42464
9978,42464,42464
9979,42464,42464
9980,42464,42464
9981,42464,42464
9982,42464,42464
9983,42464,42464
9984,42464,42464
9985,42464,42464
9986,42464,42464
9987,42464,42464
9988,42464,42464
9989,42464,42464
9990,42464,42464
9991,42464,42464
9992,42464,42464
9993,42464,42464
9994,42464,42464
9995,42464,42464
9996,42464,42464
9997,42464,42464
9998,42464,42464
9999,42464,42464
10000,42464,42464
10001,42464,42464
10002,42464,42464
10003,42464,42464
10004,42464,42464
10005,42464,42464
10006,42464,42464
10007,42464,42464
10008,42464,42464
10009,42464,42464
10010,42464,42464
10011,42464,42464
10012,42464,42464
10013,42464,42464
10014,42464,42464
10015,42464,42464
10016,42464,42464
10017,42464,42464
10018,42464,42464
10019,42464,42464
10020,42464,42464
10021,42464,42464
10022,42464,42464
10023,42464,42464
10024,42464,42464
10025,42464,42464
10026,42464,42464
10027,42464,42464
10028,42464,42464
10029,42464,42464
10030,42464,42464
10031,42464,42464
10032,42464,42464
10033,42464,42464
10034,42464,42464
10035,42464,42464
10036,42464,42464
10037,42464,42464
10038,42464,42464
10039,42464,42464
10040,42464,42464
10041,42464,42464
10042,42464,42464
10043,42464,42464
10044,42464,42464
10045,42464,42464
10046,42464,42464
10047,42464,42464
10048,42464,42464
10049,42464,42464
10050,42464,42464
10051,42464,42464
10052,42464,42464
10053,42464,42464
10054,42464,42464
10055,42464,42464
10056,42464,42464
10057,42464,42464
10058,42464,42464
10059,42464,42464
10060,42464,42464
10061,42464,42464
10062,42464,42464
10063,42464,42464
10064,42464,42464
10065,42464,42464
10066,42464,42464
10067,42464,42464
10068,42464,42464
10069,42464,42464
10070,42464,42464
10071,42464,42464
10072,42464,42464
10073,42464,42464
10074,42464,42464
10075,42464,42464
10076,42464,42464
10077,42464,42464
10078,42464,42464
10079,42464,42464
10080,42464,42464
10081,42464,42464
10082,42464,42464
10083,42464,42464
10084,42464,42464
10085,42464,42464
10086,42464,42464
10087,42464,42464
10088,42464,42464
10089,42464,42464
10090,42464,42464
10091,42464,42464
10092,42464,42464
10093,42464,42464
10094,42464,42464
10095,42464,42464
10096,42464,42464
10097,42464,42464
10098,42464,42464
10099,42464,42464
10100,42464,42464
10101,42464,42464
10102,42464,42464
10103,42464,42464
10104,42464,42464
10105,42464,42464
10106,42464,42464
10107,42464,42464
10108,42464,42464
10109,42464,42464
10110,42464,42464
10111,42464,42464
10112,42464,42464
10113,42464,42464
10114,42464,42464
10115,42464,42464
10116,42464,42464
10117,42464,42464
10118,42464,42464
10119,42464,42464
10120,42464,42464
10121,42464,42464
10122,42464,42464
10123,42464,42464
10124,42464,42464
10125,42464,42464
10126,42464,42464
10127,42464,42464
10128,42464,42464
10129,42464,42464
10130,42464,42464
10131,42464,42464
10132,42464,42464
10133,42464,42464
10134,42464,42464
10135,42464,42464
10136,42464,42464
10137,42464,42464
10138,42464,42464
10139,42464,42464
10140,42464,42464
10141,42464,42464
10142,42464,42464
10143,42465,42465
10144,42465,42465
10145,42465,42465
10146,42465,42465
10147,42465,42465
10148,42465,42465
10149,42465,42465
10150,42465,42465
10151,42465,42465
10152,42465,42465
10153,42465,42465
10154,42465,42465
10155,42465,42465
10156,42465,42465
10157,42465,42465
10158,42465,42465
10159,42465,42465
10160,42465,42465
10161,42465,42465
10162,42465,42465
10163,42465,42465
10164,42465,42465
10165,42465,42465
10166,42465,42465
10167,42465,42465
10168,42465,42465
10169,42465,42465
10170,42465,42465
10171,42465,42465
10172,42465,42465
10173,42465,42465
10174,42465,42465
10175,42465,42465
10176,42465,42465
10177,42465,42465
10178,42465,42465
10179,42465,42465
10180,42465,42465
10181,42465,42465
10182,42465,42465
10183,42465,42465
10184,42465,42465
10185,42465,42465
10186,42465,42465
10187,42465,42465
10188,42465,42465
10189,42465,42465
10190,42465,42465
10191,42465,42465
10192,42465,42465
10193,42465,42465
10194,42465,42465
10195,42465,42465
10196,42465,42465
10197,42465,42465
10198,42465,42465
10199,42465,42465
10200,42465,42465
10201,42465,42465
10202,42465,42465
10203,42465,42465
10204,42465,42465
10205,42465,42465
10206,42465,42465
10207,42465,42465
10208,42465,42465
10209,42465,42465
10210,42465,42465
10211,42465,42465
10212,42465,42465
10213,42465,42465
10214,42465,42465
10215,42465,42465
10216,42465,42465
10217,42465,42465
10218,42465,42465
10219,42465,42465
10220,42465,42465
10221,42465,42465
10222,42465,42465
10223,42465,42465
10224,42465,42465
10225,42465,42465
10226,42465,42465
10227,42465,42465
10228,42465,42465
10229,42465,42465
10230,42465,42465
10231,42465,42465
10232,42465,42465
10233,42465,42465
10234,42465,42465
10235,42465,42465
10236,42465,42465
10237,42465,42465
10238,42465,42465
10239,42465,42465
10240,42465,42465
10241,42465,42465
10242,42465,42465
10243,42465,42465
10244,42465,42465
10245,42465,42465
10246,42465,42465
10247,42465,42465
10248,42465,42465
10249,42465,42465
10250,42465,42465
10251,42465,42465
10252,42465,42465
10253,42465,42465
10254,42465,42465
10255,42465,42465
10256,42465,42465
10257,42465,42465
10258,42465,42465
10259,42465,42465
10260,42465,42465
10261,42465,42465
10262,42465,42465
10263,42465,42465
10264,42465,42465
10265,42465,42465
10266,42465,42465
10267,42465,42465
10268,42465,42465
10269,42465,42465
10270,42465,42465
10271,42465,42465
10272,42465,42465
10273,42465,42465
10274,42465,42465
10275,42465,42465
10276,42465,42465
10277,42465,42465
10278,42465,42465
10279,42465,42465
10280,42465,42465
10281,42465,42465
10282,42465,42465
10283,42465,42465
10284,42465,42465
10285,42465,42465
10286,42465,42465
10287,42465,42465
10288,42465,42465
10289,42465,42465
10290,42465,42465
10291,42465,42465
10292,42465,42465
10293,42465,42465
10294,42465,42465
10295,42465,42465
10296,42465,42465
10297,42465,42465
10298,42465,42465
10299,42465,42465
10300,42465,42465
10301,42465,42465
10302,42465,42465
10303,42465,42465
10304,42465,42465
10305,42465,42465
10306,42465,42465
10307,42465,42465
10308,42465,42465
10309,42465,42465
10310,42465,42465
10311,42465,42465
10312,42465,42465
10313,42465,42465
10314,42465,42465
10315,42465,42465
10316,42465,42465
10317,42465,42465
10318,42465,42465
10319,42465,42465
10320,42465,42465
10321,42465,42465
10322,42465,42465
10323,42465,42465
10324,42465,42465
10325,42465,42465
10326,42465,42465
10327,42465,42465
10328,42465,42465
10329,42465,42465
10330,42465,42465
10331,42465,42465
10332,42465,42465
10333,42465,42465
10334,42465,42465
10335,42465,42465
10336,42465,42465
10337,42465,42465
10338,42465,42465
10339,42465,42465
10340,42465,42465
10341,42465,42465
10342,42465,42465
10343,42465,42465
10344,42465,42465
10345,42465,42465
10346,42465,42465
10347,42465,42465
10348,42465,42465
10349,42465,42465
10350,42466,42466
10351,42466,42466
10352,42466,42466
10353,42466,42466
10354,42466,42466
10355,42466,42466
10356,42466,42466
10357,42466,42466
10358,42466,42466
10359,42466,42466
10360,42466,42466
10361,42466,42466
10362,42466,42466
10363,42466,42466
10364,42466,42466
10365,42466,42466
10366,42466,42466
10367,42466,42466
10368,42466,42466
10369,42466,42466
10370,42466,42466
10371,42466,42466
10372,42466,42466
10373,42466,42466
10374,42466,42466
10375,42466,42466
10376,42466,42466
10377,42466,42466
10378,42466,42466
10379,42466,42466
10380,42466,42466
10381,42466,42466
10382,42466,42466
10383,42466,42466
10384,42466,42466
10385,42466,42466
10386,42466,42466
10387,42466,42466
10388,42466,42466
10389,42466,42466
10390,42466,42466
10391,42466,42466
10392,42466,42466
10393,42466,42466
10394,42466,42466
10395,42466,42466
10396,42466,42466
10397,42466,42466
10398,42466,42466
10399,42466,42466
10400,42466,42466
10401,42466,42466
10402,42466,42466
10403,42466,42466
10404,42466,42466
10405,42466,42466
10406,42466,42466
10407,42466,42466
10408,42466,42466
10409,42466,42466
10410,42466,42466
10411,42466,42466
10412,42466,42466
10413,42466,42466
10414,42466,42466
10415,42466,42466
10416,42466,42466
10417,42466,42466
10418,42466,42466
10419,42466,42466
10420,42466,42466
10421,42466,42466
10422,42466,42466
10423,42466,42466
10424,42466,42466
10425,42466,42466
10426,42466,42466
10427,42466,42466
10428,42466,42466
10429,42466,42466
10430,42466,42466
10431,42466,42466
10432,42466,42466
10433,42466,42466
10434,42466,42466
10435,42466,42466
10436,42466,42466
10437,42466,42466
10438,42466,42466
10439,42466,42466
10440,42466,42466
10441,42466,42466
10442,42466,42466
10443,42466,42466
10444,42466,42466
10445,42466,42466
10446,42466,42466
10447,42466,42466
10448,42466,42466
10449,42466,42466
10450,42466,42466
10451,42466,42466
10452,42466,42466
10453,42466,42466
10454,42466,42466
10455,42466,42466
10456,42466,42466
10457,42466,42466
10458,42466,42466
10459,42466,42466
10460,42466,42466
10461,42466,42466
10462,42466,42466
10463,42466,42466
10464,42466,42466
10465,42466,42466
10466,42466,42466
10467,42466,42466
10468,42466,42466
10469,42466,42466
10470,42466,42466
10471,42466,42466
10472,42466,42466
10473,42466,42466
10474,42466,42466
10475,42466,42466
10476,42466,42466
10477,42466,42466
10478,42466,42466
10479,42466,42466
10480,42466,42466
10481,42466,42466
10482,42466,42466
10483,42466,42466
10484,42466,42466
10485,42466,42466
10486,42466,42466
10487,42466,42466
10488,42466,42466
10489,42466,42466
10490,42466,42466
10491,42466,42466
10492,42466,42466
10493,42466,42466
10494,42466,42466
10495,42466,42466
10496,42466,42466
10497,42466,42466
10498,42466,42466
10499,42466,42466
10500,42466,42466
10501,42466,42466
10502,42466,42466
10503,42466,42466
10504,42466,42466
10505,42466,42466
10506,42466,42466
10507,42466,42466
10508,42466,42466
10509,42466,42466
10510,42466,42466
10511,42466,42466
10512,42466,42466
10513,42466,42466
10514,42466,42466
10515,42466,42466
10516,42466,42466
10517,42466,42466
10518,42466,42466
10519,42466,42466
10520,42466,42466
10521,42466,42466
10522,42466,42466
10523,42466,42466
10524,42466,42466
10525,42466,42466
10526,42466,42466
10527,42466,42466
10528,42466,42466
10529,42466,42466
10530,42466,42466
10531,42466,42466
10532,42466,42466
10533,42466,42466
10534,42466,42466
10535,42466,42466
10536,42466,42466
10537,42466,42466
10538,42466,42466
10539,42466,42466
10540,42466,42466
10541,42466,42466
10542,42466,42466
10543,42466,42466
10544,42466,42466
10545,42466,42466
10546,42466,42466
10547,42466,42466
10548,42466,42466
10549,42466,42466
10550,42466,42466
10551,42466,42466
10552,42466,42466
10553,42466,42466
10554,42466,42466
10555,42466,42466
10556,42466,42466
10557,42467,42467
10558,42467,42467
10559,42467,42467
10560,42467,42467
10561,42467,42467
10562,42467,42467
10563,42467,42467
10564,42467,42467
10565,42467,42467
10566,42467,42467
10567,42467,42467
10568,42467,42467
10569,42467,42467
10570,42467,42467
10571,42467,42467
10572,42467,42467
10573,42467,42467
10574,42467,42467
10575,42467,42467
10576,42467,42467
10577,42467,42467
10578,42467,42467
10579,42467,42467
10580,42467,42467
10581,42467,42467
10582,42467,42467
10583,42467,42467
10584,42467,42467
10585,42467,42467
10586,42467,42467
10587,42467,42467
10588,42467,42467
10589,42467,42467
10590,42467,42467
10591,42467,42467
10592,42467,42467
10593,42467,42467
10594,42467,42467
10595,42467,42467
10596,42467,42467
10597,42467,42467
10598,42467,42467
10599,42467,42467
10600,42467,42467
10601,42467,42467
10602,42467,42467
10603,42467,42467
10604,42467,42467
10605,42467,42467
10606,42467,42467
10607,42467,42467
10608,42467,42467
10609,42467,42467
10610,42467,42467
10611,42467,42467
10612,42467,42467
10613,42467,42467
10614,42467,42467
10615,42467,42467
10616,42467,42467
10617,42467,42467
10618,42467,42467
10619,42467,42467
10620,42467,42467
10621,42467,42467
10622,42467,42467
10623,42467,42467
10624,42467,42467
10625,42467,42467
10626,42467,42467
10627,42467,42467
10628,42467,42467
10629,42467,42467
10630,42467,42467
10631,42467,42467
10632,42467,42467
10633,42467,42467
10634,42467,42467
10635,42467,42467
10636,42467,42467
10637,42467,42467
10638,42467,42467
10639,42467,42467
10640,42467,42467
10641,42467,42467
10642,42467,42467
10643,42467,42467
10644,42467,42467
10645,42467,42467
10646,42467,42467
10647,42467,42467
10648,42467,42467
10649,42467,42467
10650,42467,42467
10651,42467,42467
10652,42467,42467
10653,42467,42467
10654,42467,42467
10655,42467,42467
10656,42467,42467
10657,42467,42467
10658,42467,42467
10659,42467,42467
10660,42467,42467
10661,42467,42467
10662,42467,42467
10663,42467,42467
10664,42467,42467
10665,42467,42467
10666,42467,42467
10667,42467,42467
10668,42467,42467
10669,42467,42467
10670,42467,42467
10671,42467,42467
10672,42467,42467
10673,42467,42467
10674,42467,42467
10675,42467,42467
10676,42467,42467
10677,42467,42467
10678,42467,42467
10679,42467,42467
10680,42467,42467
10681,42467,42467
10682,42467,42467
10683,42467,42467
10684,42467,42467
10685,42467,42467
10686,42467,42467
10687,42467,42467
10688,42467,42467
10689,42467,42467
10690,42467,42467
10691,42467,42467
10692,42467,42467
10693,42467,42467
10694,42467,42467
10695,42467,42467
10696,42467,42467
10697,42467,42467
10698,42467,42467
10699,42467,42467
10700,42467,42467
10701,42467,42467
10702,42467,42467
10703,42467,42467
10704,42467,42467
10705,42467,42467
10706,42467,42467
10707,42467,42467
10708,42467,42467
10709,42467,42467
10710,42467,42467
10711,42467,42467
10712,42467,42467
10713,42467,42467
10714,42467,42467
10715,42467,42467
10716,42467,42467
10717,42467,42467
10718,42467,42467
10719,42467,42467
10720,42467,42467
10721,42467,42467
10722,42467,42467
10723,42467,42467
10724,42467,42467
10725,42467,42467
10726,42467,42467
10727,42467,42467
10728,42467,42467
10729,42467,42467
10730,42467,42467
10731,42467,42467
10732,42467,42467
10733,42467,42467
10734,42467,42467
10735,42467,42467
10736,42467,42467
10737,42467,42467
10738,42467,42467
10739,42467,42467
10740,42467,42467
10741,42467,42467
10742,42467,42467
10743,42467,42467
10744,42467,42467
10745,42467,42467
10746,42467,42467
10747,42467,42467
10748,42467,42467
10749,42467,42467
10750,42467,42467
10751,42467,42467
10752,42467,42467
10753,42467,42467
10754,42467,42467
10755,42467,42467
10756,42467,42467
10757,42467,42467
10758,42467,42467
10759,42467,42467
10760,42467,42467
10761,42467,42467
10762,42467,42467
10763,42467,42467
10764,42468,42468
10765,42468,42468
10766,42468,42468
10767,42468,42468
10768,42468,42468
10769,42468,42468
10770,42468,42468
10771,42468,42468
10772,42468,42468
10773,42468,42468
10774,42468,42468
10775,42468,42468
10776,42468,42468
10777,42468,42468
10778,42468,42468
10779,42468,42468
10780,42468,42468
10781,42468,42468
10782,42468,42468
10783,42468,42468
10784,42468,42468
10785,42468,42468
10786,42468,42468
10787,42468,42468
10788,42468,42468
10789,42468,42468
10790,42468,42468
10791,42468,42468
10792,42468,42468
10793,42468,42468
10794,42468,42468
10795,42468,42468
10796,42468,42468
10797,42468,42468
10798,42468,42468
10799,42468,42468
10800,42468,42468
10801,42468,42468
10802,42468,42468
10803,42468,42468
10804,42468,42468
10805,42468,42468
10806,42468,42468
10807,42468,42468
10808,42468,42468
10809,42468,42468
10810,42468,42468
10811,42468,42468
10812,42468,42468
10813,42468,42468
10814,42468,42468
10815,42468,42468
10816,42468,42468
10817,42468,42468
10818,42468,42468
10819,42468,42468
10820,42468,42468
10821,42468,42468
10822,42468,42468
10823,42468,42468
10824,42468,42468
10825,42468,42468
10826,42468,42468
10827,42468,42468
10828,42468,42468
10829,42468,42468
10830,42468,42468
10831,42468,42468
10832,42468,42468
10833,42468,42468
10834,42468,42468
10835,42468,42468
10836,42468,42468
10837,42468,42468
10838,42468,42468
10839,42468,42468
10840,42468,42468
10841,42468,42468
10842,42468,42468
10843,42468,42468
10844,42468,42468
10845,42468,42468
10846,42468,42468
10847,42468,42468
10848,42468,42468
10849,42468,42468
10850,42468,42468
10851,42468,42468
10852,42468,42468
10853,42468,42468
10854,42468,42468
10855,42468,42468
10856,42468,42468
10857,42468,42468
10858,42468,42468
10859,42468,42468
10860,42468,42468
10861,42468,42468
10862,42468,42468
10863,42468,42468
10864,42468,42468
10865,42468,42468
10866,42468,42468
10867,42468,42468
10868,42468,42468
10869,42468,42468
10870,42468,42468
10871,42468,42468
10872,42468,42468
10873,42468,42468
10874,42468,42468
10875,42468,42468
10876,42468,42468
10877,42468,42468
10878,42468,42468
10879,42468,42468
10880,42468,42468
10881,42468,42468
10882,42468,42468
10883,42468,42468
10884,42468,42468
10885,42468,42468
10886,42468,42468
10887,42468,42468
10888,42468,42468
10889,42468,42468
10890,42468,42468
10891,42468,42468
10892,42468,42468
10893,42468,42468
10894,42468,42468
10895,42468,42468
10896,42468,42468
10897,42468,42468
10898,42468,42468
10899,42468,42468
10900,42468,42468
10901,42468,42468
10902,42468,42468
10903,42468,42468
10904,42468,42468
10905,42468,42468
10906,42468,42468
10907,42468,42468
10908,42468,42468
10909,42468,42468
10910,42468,42468
10911,42468,42468
10912,42468,42468
10913,42468,42468
10914,42468,42468
10915,42468,42468
10916,42468,42468
10917,42468,42468
10918,42468,42468
10919,42468,42468
10920,42468,42468
10921,42468,42468
10922,42468,42468
10923,42468,42468
10924,42468,42468
10925,42468,42468
10926,42468,42468
10927,42468,42468
10928,42468,42468
10929,42468,42468
10930,42468,42468
10931,42468,42468
10932,42468,42468
10933,42468,42468
10934,42468,42468
10935,42468,42468
10936,42468,42468
10937,42468,42468
10938,42468,42468
10939,42468,42468
10940,42468,42468
10941,42468,42468
10942,42468,42468
10943,42468,42468
10944,42468,42468
10945,42468,42468
10946,42468,42468
10947,42468,42468
10948,42468,42468
10949,42468,42468
10950,42468,42468
10951,42468,42468
10952,42468,42468
10953,42468,42468
10954,42468,42468
10955,42468,42468
10956,42468,42468
10957,42468,42468
10958,42468,42468
10959,42468,42468
10960,42468,42468
10961,42468,42468
10962,42468,42468
10963,42468,42468
10964,42468,42468
10965,42468,42468
10966,42468,42468
10967,42468,42468
10968,42468,42468
10969,42468,42468
10970,42468,42468
10971,42469,42469
10972,42469,42469
10973,42469,42469
10974,42469,42469
10975,42469,42469
10976,42469,42469
10977,42469,42469
10978,42469,42469
10979,42469,42469
10980,42469,42469
10981,42469,42469
10982,42469,42469
10983,42469,42469
10984,42469,42469
10985,42469,42469
10986,42469,42469
10987,42469,42469
10988,42469,42469
10989,42469,42469
10990,42469,42469
10991,42469,42469
10992,42469,42469
10993,42469,42469
10994,42469,42469
10995,42469,42469
10996,42469,42469
10997,42469,42469
10998,42469,42469
10999,42469,42469
11000,42469,42469
11001,42469,42469
11002,42469,42469
11003,42469,42469
11004,42469,42469
11005,42469,42469
11006,42469,42469
11007,42469,42469
11008,42469,42469
11009,42469,42469
11010,42469,42469
11011,42469,42469
11012,42469,42469
11013,42469,42469
11014,42469,42469
11015,42469,42469
11016,42469,42469
11017,42469,42469
11018,42469,42469
11019,42469,42469
11020,42469,42469
11021,42469,42469
11022,42469,42469
11023,42469,42469
11024,42469,42469
11025,42469,42469
11026,42469,42469
11027,42469,42469
11028,42469,42469
11029,42469,42469
11030,42469,42469
11031,42469,42469
11032,42469,42469
11033,42469,42469
11034,42469,42469
11035,42469,42469
11036,42469,42469
11037,42469,42469
11038,42469,42469
11039,42469,42469
11040,42469,42469
11041,42469,42469
11042,42469,42469
11043,42469,42469
11044,42469,42469
11045,42469,42469
11046,42469,42469
11047,42469,42469
11048,42469,42469
11049,42469,42469
11050,42469,42469
11051,42469,42469
11052,42469,42469
11053,42469,42469
11054,42469,42469
11055,42469,42469
11056,42469,42469
11057,42469,42469
11058,42469,42469
11059,42469,42469
11060,42469,42469
11061,42469,42469
11062,42469,42469
11063,42469,42469
11064,42469,42469
11065,42469,42469
11066,42469,42469
11067,42469,42469
11068,42469,42469
11069,42469,42469
11070,42469,42469
11071,42469,42469
11072,42469,42469
11073,42469,42469
11074,42469,42469
11075,42469,42469
11076,42469,42469
11077,42469,42469
11078,42469,42469
11079,42469,42469
11080,42469,42469
11081,42469,42469
11082,42469,42469
11083,42469,42469
11084,42469,42469
11085,42469,42469
11086,42469,42469
11087,42469,42469
11088,42469,42469
11089,42469,42469
11090,42469,42469
11091,42469,42469
11092,42469,42469
11093,42469,42469
11094,42469,42469
11095,42469,42469
11096,42469,42469
11097,42469,42469
11098,42469,42469
11099,42469,42469
11100,42469,42469
11101,42469,42469
11102,42469,42469
11103,42469,42469
11104,42469,42469
11105,42469,42469
11106,42469,42469
11107,42469,42469
11108,42469,42469
11109,42469,42469
11110,42469,42469
11111,42469,42469
11112,42469,42469
11113,42469,42469
11114,42469,42469
11115,42469,42469
11116,42469,42469
11117,42469,42469
11118,42469,42469
11119,42469,42469
11120,42469,42469
11121,42469,42469
11122,42469,42469
11123,42469,42469
11124,42469,42469
11125,42469,42469
11126,42469,42469
11127,42469,42469
11128,42469,42469
11129,42469,42469
11130,42469,42469
11131,42469,42469
11132,42469,42469
11133,42469,42469
11134,42469,42469
11135,42469,42469
11136,42469,42469
11137,42469,42469
11138,42469,42469
11139,42469,42469
11140,42469,42469
11141,42469,42469
11142,42469,42469
11143,42469,42469
11144,42469,42469
11145,42469,42469
11146,42469,42469
11147,42469,42469
11148,42469,42469
11149,42469,42469
11150,42469,42469
11151,42469,42469
11152,42469,42469
11153,42469,42469
11154,42469,42469
11155,42469,42469
11156,42469,42469
11157,42469,42469
11158,42469,42469
11159,42469,42469
11160,42469,42469
11161,42469,42469
11162,42469,42469
11163,42469,42469
11164,42469,42469
11165,42469,42469
11166,42469,42469
11167,42469,42469
11168,42469,42469
11169,42469,42469
11170,42469,42469
11171,42469,42469
11172,42469,42469
11173,42469,42469
11174,42469,42469
11175,42469,42469
11176,42469,42469
11177,42469,42469
11178,42470,42470
11179,42470,42470
11180,42470,42470
11181,42470,42470
11182,42470,42470
11183,42470,42470
11184,42470,42470
11185,42470,42470
11186,42470,42470
11187,42470,42470
11188,42470,42470
11189,42470,42470
11190,42470,42470
11191,42470,42470
11192,42470,42470
11193,42470,42470
11194,42470,42470
11195,42470,42470
11196,42470,42470
11197,42470,42470
11198,42470,42470
11199,42470,42470
11200,42470,42470
11201,42470,42470
11202,42470,42470
11203,42470,42470
11204,42470,42470
11205,42470,42470
11206,42470,42470
11207,42470,42470
11208,42470,42470
11209,42470,42470
11210,42470,42470
11211,42470,42470
11212,42470,42470
11213,42470,42470
11214,42470,42470
11215,42470,42470
11216,42470,42470
11217,42470,42470
11218,42470,42470
11219,42470,42470
11220,42470,42470
11221,42470,42470
11222,42470,42470
11223,42470,42470
11224,42470,42470
11225,42470,42470
11226,42470,42470
11227,42470,42470
11228,42470,42470
11229,42470,42470
11230,42470,42470
11231,42470,42470
11232,42470,42470
11233,42470,42470
11234,42470,42470
11235,42470,42470
11236,42470,42470
11237,42470,42470
11238,42470,42470
11239,42470,42470
11240,42470,42470
11241,42470,42470
11242,42470,42470
11243,42470,42470
11244,42470,42470
11245,42470,42470
11246,42470,42470
11247,42470,42470
11248,42470,42470
11249,42470,42470
11250,42470,42470
11251,42470,42470
11252,42470,42470
11253,42470,42470
11254,42470,42470
11255,42470,42470
11256,42470,42470
11257,42470,42470
11258,42470,42470
11259,42470,42470
11260,42470,42470
11261,42470,42470
11262,42470,42470
11263,42470,42470
11264,42470,42470
11265,42470,42470
11266,42470,42470
11267,42470,42470
11268,42470,42470
11269,42470,42470
11270,42470,42470
11271,42470,42470
11272,42470,42470
11273,42470,42470
11274,42470,42470
11275,42470,42470
11276,42470,42470
11277,42470,42470
11278,42470,42470
11279,42470,42470
11280,42470,42470
11281,42470,42470
11282,42470,42470
11283,42470,42470
11284,42470,42470
11285,42470,42470
11286,42470,42470
11287,42470,42470
11288,42470,42470
11289,42470,42470
11290,42470,42470
11291,42470,42470
11292,42470,42470
11293,42470,42470
11294,42470,42470
11295,42470,42470
11296,42470,42470
11297,42470,42470
11298,42470,42470
11299,42470,42470
11300,42470,42470
11301,42470,42470
11302,42470,42470
11303,42470,42470
11304,42470,42470
11305,42470,42470
11306,42470,42470
11307,42470,42470
11308,42470,42470
11309,42470,42470
11310,42470,42470
11311,42470,42470
11312,42470,42470
11313,42470,42470
11314,42470,42470
11315,42470,42470
11316,42470,42470
11317,42470,42470
11318,42470,42470
11319,42470,42470
11320,42470,42470
11321,42470,42470
11322,42470,42470
11323,42470,42470
11324,42470,42470
11325,42470,42470
11326,42470,42470
11327,42470,42470
11328,42470,42470
11329,42470,42470
11330,42470,42470
11331,42470,42470
11332,42470,42470
11333,42470,42470
11334,42470,42470
11335,42470,42470
11336,42470,42470
11337,42470,42470
11338,42470,42470
11339,42470,42470
11340,42470,42470
11341,42470,42470
11342,42470,42470
11343,42470,42470
11344,42470,42470
11345,42470,42470
11346,42470,42470
11347,42470,42470
11348,42470,42470
11349,42470,42470
11350,42470,42470
11351,42470,42470
11352,42470,42470
11353,42470,42470
11354,42470,42470
11355,42470,42470
11356,42470,42470
11357,42470,42470
11358,42470,42470
11359,42470,42470
11360,42470,42470
11361,42470,42470
11362,42470,42470
11363,42470,42470
11364,42470,42470
11365,42470,42470
11366,42470,42470
11367,42470,42470
11368,42470,42470
11369,42470,42470
11370,42470,42470
11371,42470,42470
11372,42470,42470
11373,42470,42470
11374,42470,42470
11375,42470,42470
11376,42470,42470
11377,42470,42470
11378,42470,42470
11379,42470,42470
11380,42470,42470
11381,42470,42470
11382,42470,42470
11383,42470,42470
11384,42470,42470
11385,42471,42471
11386,42471,42471
11387,42471,42471
11388,42471,42471
11389,42471,42471
11390,42471,42471
11391,42471,42471
11392,42471,42471
11393,42471,42471
11394,42471,42471
11395,42471,42471
11396,42471,42471
11397,42471,42471
11398,42471,42471
11399,42471,42471
11400,42471,42471
11401,42471,42471
11402,42471,42471
11403,42471,42471
11404,42471,42471
11405,42471,42471
11406,42471,42471
11407,42471,42471
11408,42471,42471
11409,42471,42471
11410,42471,42471
11411,42471,42471
11412,42471,42471
11413,42471,42471
11414,42471,42471
11415,42471,42471
11416,42471,42471
11417,42471,42471
11418,42471,42471
11419,42471,42471
11420,42471,42471
11421,42471,42471
11422,42471,42471
11423,42471,42471
11424,42471,42471
11425,42471,42471
11426,42471,42471
11427,42471,42471
11428,42471,42471
11429,42471,42471
11430,42471,42471
11431,42471,42471
11432,42471,42471
11433,42471,42471
11434,42471,42471
11435,42471,42471
11436,42471,42471
11437,42471,42471
11438,42471,42471
11439,42471,42471
11440,42471,42471
11441,42471,42471
11442,42471,42471
11443,42471,42471
11444,42471,42471
11445,42471,42471
11446,42471,42471
11447,42471,42471
11448,42471,42471
11449,42471,42471
11450,42471,42471
11451,42471,42471
11452,42471,42471
11453,42471,42471
11454,42471,42471
11455,42471,42471
11456,42471,42471
11457,42471,42471
11458,42471,42471
11459,42471,42471
11460,42471,42471
11461,42471,42471
11462,42471,42471
11463,42471,42471
11464,42471,42471
11465,42471,42471
11466,42471,42471
11467,42471,42471
11468,42471,42471
11469,42471,42471
11470,42471,42471
11471,42471,42471
11472,42471,42471
11473,42471,42471
11474,42471,42471
11475,42471,42471
11476,42471,42471
11477,42471,42471
11478,42471,42471
11479,42471,42471
11480,42471,42471
11481,42471,42471
11482,42471,42471
11483,42471,42471
11484,42471,42471
11485,42471,42471
11486,42471,42471
11487,42471,42471
11488,42471,42471
11489,42471,42471
11490,42471,42471
11491,42471,42471
11492,42471,42471
11493,42471,42471
11494,42471,42471
11495,42471,42471
11496,42471,42471
11497,42471,42471
11498,42471,42471
11499,42471,42471
11500,42471,42471
11501,42471,42471
11502,42471,42471
11503,42471,42471
11504,42471,42471
11505,42471,42471
11506,42471,42471
11507,42471,42471
11508,42471,42471
11509,42471,42471
11510,42471,42471
11511,42471,42471
11512,42471,42471
11513,42471,42471
11514,42471,42471
11515,42471,42471
11516,42471,42471
11517,42471,42471
11518,42471,42471
11519,42471,42471
11520,42471,42471
11521,42471,42471
11522,42471,42471
11523,42471,42471
11524,42471,42471
11525,42471,42471
11526,42471,42471
11527,42471,42471
11528,42471,42471
11529,42471,42471
11530,42471,42471
11531,42471,42471
11532,42471,42471
11533,42471,42471
11534,42471,42471
11535,42471,42471
11536,42471,42471
11537,42471,42471
11538,42471,42471
11539,42471,42471
11540,42471,42471
11541,42471,42471
11542,42471,42471
11543,42471,42471
11544,42471,42471
11545,42471,42471
11546,42471,42471
11547,42471,42471
11548,42471,42471
11549,42471,42471
11550,42471,42471
11551,42471,42471
11552,42471,42471
11553,42471,42471
11554,42471,42471
11555,42471,42471
11556,42471,42471
11557,42471,42471
11558,42471,42471
11559,42471,42471
11560,42471,42471
11561,42471,42471
11562,42471,42471
11563,42471,42471
11564,42471,42471
11565,42471,42471
11566,42471,42471
11567,42471,42471
11568,42471,42471
11569,42471,42471
11570,42471,42471
11571,42471,42471
11572,42471,42471
11573,42471,42471
11574,42471,42471
11575,42471,42471
11576,42471,42471
11577,42471,42471
11578,42471,42471
11579,42471,42471
11580,42471,42471
11581,42471,42471
11582,42471,42471
11583,42471,42471
11584,42471,42471
11585,42471,42471
11586,42471,42471
11587,42471,42471
11588,42471,42471
11589,42471,42471
11590,42471,42471
11591,42471,42471
11592,42472,42472
11593,42472,42472
11594,42472,42472
11595,42472,42472
11596,42472,42472
11597,42472,42472
11598,42472,42472
11599,42472,42472
11600,42472,42472
11601,42472,42472
11602,42472,42472
11603,42472,42472
11604,42472,42472
11605,42472,42472
11606,42472,42472
11607,42472,42472
11608,42472,42472
11609,42472,42472
11610,42472,42472
11611,42472,42472
11612,42472,42472
11613,42472,42472
11614,42472,42472
11615,42472,42472
11616,42472,42472
11617,42472,42472
11618,42472,42472
11619,42472,42472
11620,42472,42472
11621,42472,42472
11622,42472,42472
11623,42472,42472
11624,42472,42472
11625,42472,42472
11626,42472,42472
11627,42472,42472
11628,42472,42472
11629,42472,42472
11630,42472,42472
11631,42472,42472
11632,42472,42472
11633,42472,42472
11634,42472,42472
11635,42472,42472
11636,42472,42472
11637,42472,42472
11638,42472,42472
11639,42472,42472
11640,42472,42472
11641,42472,42472
11642,42472,42472
11643,42472,42472
11644,42472,42472
11645,42472,42472
11646,42472,42472
11647,42472,42472
11648,42472,42472
11649,42472,42472
11650,42472,42472
11651,42472,42472
11652,42472,42472
11653,42472,42472
11654,42472,42472
11655,42472,42472
11656,42472,42472
11657,42472,42472
11658,42472,42472
11659,42472,42472
11660,42472,42472
11661,42472,42472
11662,42472,42472
11663,42472,42472
11664,42472,42472
11665,42472,42472
11666,42472,42472
11667,42472,42472
11668,42472,42472
11669,42472,42472
11670,42472,42472
11671,42472,42472
11672,42472,42472
11673,42472,42472
11674,42472,42472
11675,42472,42472
11676,42472,42472
11677,42472,42472
11678,42472,42472
11679,42472,42472
11680,42472,42472
11681,42472,42472
11682,42472,42472
11683,42472,42472
11684,42472,42472
11685,42472,42472
11686,42472,42472
11687,42472,42472
11688,42472,42472
11689,42472,42472
11690,42472,42472
11691,42472,42472
11692,42472,42472
11693,42472,42472
11694,42472,42472
11695,42472,42472
11696,42472,42472
11697,42472,42472
11698,42472,42472
11699,42472,42472
11700,42472,42472
11701,42472,42472
11702,42472,42472
11703,42472,42472
11704,42472,42472
11705,42472,42472
11706,42472,42472
11707,42472,42472
11708,42472,42472
11709,42472,42472
11710,42472,42472
11711,42472,42472
11712,42472,42472
11713,42472,42472
11714,42472,42472
11715,42472,42472
11716,42472,42472
11717,42472,42472
11718,42472,42472
11719,42472,42472
11720,42472,42472
11721,42472,42472
11722,42472,42472
11723,42472,42472
11724,42472,42472
11725,42472,42472
11726,42472,42472
11727,42472,42472
11728,42472,42472
11729,42472,42472
11730,42472,42472
11731,42472,42472
11732,42472,42472
11733,42472,42472
11734,42472,42472
11735,42472,42472
11736,42472,42472
11737,42472,42472
11738,42472,42472
11739,42472,42472
11740,42472,42472
11741,42472,42472
11742,42472,42472
11743,42472,42472
11744,42472,42472
11745,42472,42472
11746,42472,42472
11747,42472,42472
11748,42472,42472
11749,42472,42472
11750,42472,42472
11751,42472,42472
11752,42472,42472
11753,42472,42472
11754,42472,42472
11755,42472,42472
11756,42472,42472
11757,42472,42472
11758,42472,42472
11759,42472,42472
11760,42472,42472
11761,42472,42472
11762,42472,42472
11763,42472,42472
11764,42472,42472
11765,42472,42472
11766,42472,42472
11767,42472,42472
11768,42472,42472
11769,42472,42472
11770,42472,42472
11771,42472,42472
11772,42472,42472
11773,42472,42472
11774,42472,42472
11775,42472,42472
11776,42472,42472
11777,42472,42472
11778,42472,42472
11779,42472,42472
11780,42472,42472
11781,42472,42472
11782,42472,42472
11783,42472,42472
11784,42472,42472
11785,42472,42472
11786,42472,42472
11787,42472,42472
11788,42472,42472
11789,42472,42472
11790,42472,42472
11791,42472,42472
11792,42472,42472
11793,42472,42472
11794,42472,42472
11795,42472,42472
11796,42472,42472
11797,42472,42472
11798,42472,42472
11799,42473,42473
11800,42473,42473
11801,42473,42473
11802,42473,42473
11803,42473,42473
11804,42473,42473
11805,42473,42473
11806,42473,42473
11807,42473,42473
11808,42473,42473
11809,42473,42473
11810,42473,42473
11811,42473,42473
11812,42473,42473
11813,42473,42473
11814,42473,42473
11815,42473,42473
11816,42473,42473
11817,42473,42473
11818,42473,42473
11819,42473,42473
11820,42473,42473
11821,42473,42473
11822,42473,42473
11823,42473,42473
11824,42473,42473
11825,42473,42473
11826,42473,42473
11827,42473,42473
11828,42473,42473
11829,42473,42473
11830,42473,42473
11831,42473,42473
11832,42473,42473
11833,42473,42473
11834,42473,42473
11835,42473,42473
11836,42473,42473
11837,42473,42473
11838,42473,42473
11839,42473,42473
11840,42473,42473
11841,42473,42473
11842,42473,42473
11843,42473,42473
11844,42473,42473
11845,42473,42473
11846,42473,42473
11847,42473,42473
11848,42473,42473
11849,42473,42473
11850,42473,42473
11851,42473,42473
11852,42473,42473
11853,42473,42473
11854,42473,42473
11855,42473,42473
11856,42473,42473
11857,42473,42473
11858,42473,42473
11859,42473,42473
11860,42473,42473
11861,42473,42473
11862,42473,42473
11863,42473,42473
11864,42473,42473
11865,42473,42473
11866,42473,42473
11867,42473,42473
11868,42473,42473
11869,42473,42473
11870,42473,42473
11871,42473,42473
11872,42473,42473
11873,42473,42473
11874,42473,42473
11875,42473,42473
11876,42473,42473
11877,42473,42473
11878,42473,42473
11879,42473,42473
11880,42473,42473
11881,42473,42473
11882,42473,42473
11883,42473,42473
11884,42473,42473
11885,42473,42473
11886,42473,42473
11887,42473,42473
11888,42473,42473
11889,42473,42473
11890,42473,42473
11891,42473,42473
11892,42473,42473
11893,42473,42473
11894,42473,42473
11895,42473,42473
11896,42473,42473
11897,42473,42473
11898,42473,42473
11899,42473,42473
11900,42473,42473
11901,42473,42473
11902,42473,42473
11903,42473,42473
11904,42473,42473
11905,42473,42473
11906,42473,42473
11907,42473,42473
11908,42473,42473
11909,42473,42473
11910,42473,42473
11911,42473,42473
11912,42473,42473
11913,42473,42473
11914,42473,42473
11915,42473,42473
11916,42473,42473
11917,42473,42473
11918,42473,42473
11919,42473,42473
11920,42473,42473
11921,42473,42473
11922,42473,42473
11923,42473,42473
11924,42473,42473
11925,42473,42473
11926,42473,42473
11927,42473,42473
11928,42473,42473
11929,42473,42473
11930,42473,42473
11931,42473,42473
11932,42473,42473
11933,42473,42473
11934,42473,42473
11935,42473,42473
11936,42473,42473
11937,42473,42473
11938,42473,42473
11939,42473,42473
11940,42473,42473
11941,42473,42473
11942,42473,42473
11943,42473,42473
11944,42473,42473
11945,42473,42473
11946,42473,42473
11947,42473,42473
11948,42473,42473
11949,42473,42473
11950,42473,42473
11951,42473,42473
11952,42473,42473
11953,42473,42473
11954,42473,42473
11955,42473,42473
11956,42473,42473
11957,42473,42473
11958,42473,42473
11959,42473,42473
11960,42473,42473
11961,42473,42473
11962,42473,42473
11963,42473,42473
11964,42473,42473
11965,42473,42473
11966,42473,42473
11967,42473,42473
11968,42473,42473
11969,42473,42473
11970,42473,42473
11971,42473,42473
11972,42473,42473
11973,42473,42473
11974,42473,42473
11975,42473,42473
11976,42473,42473
11977,42473,42473
11978,42473,42473
11979,42473,42473
11980,42473,42473
11981,42473,42473
11982,42473,42473
11983,42473,42473
11984,42473,42473
11985,42473,42473
11986,42473,42473
11987,42473,42473
11988,42473,42473
11989,42473,42473
11990,42473,42473
11991,42473,42473
11992,42473,42473
11993,42473,42473
11994,42473,42473
11995,42473,42473
11996,42473,42473
11997,42473,42473
11998,42473,42473
11999,42473,42473
12000,42473,42473
12001,42473,42473
12002,42473,42473
12003,42473,42473
12004,42473,42473
12005,42473,42473
12006,42474,42474
12007,42474,42474
12008,42474,42474
12009,42474,42474
12010,42474,42474
12011,42474,42474
12012,42474,42474
12013,42474,42474
12014,42474,42474
12015,42474,42474
12016,42474,42474
12017,42474,42474
12018,42474,42474
12019,42474,42474
12020,42474,42474
12021,42474,42474
12022,42474,42474
12023,42474,42474
12024,42474,42474
12025,42474,42474
12026,42474,42474
12027,42474,42474
12028,42474,42474
12029,42474,42474
12030,42474,42474
12031,42474,42474
12032,42474,42474
12033,42474,42474
12034,42474,42474
12035,42474,42474
12036,42474,42474
12037,42474,42474
12038,42474,42474
12039,42474,42474
12040,42474,42474
12041,42474,42474
12042,42474,42474
12043,42474,42474
12044,42474,42474
12045,42474,42474
12046,42474,42474
12047,42474,42474
12048,42474,42474
12049,42474,42474
12050,42474,42474
12051,42474,42474
12052,42474,42474
12053,42474,42474
12054,42474,42474
12055,42474,42474
12056,42474,42474
12057,42474,42474
12058,42474,42474
12059,42474,42474
12060,42474,42474
12061,42474,42474
12062,42474,42474
12063,42474,42474
12064,42474,42474
12065,42474,42474
12066,42474,42474
12067,42474,42474
12068,42474,42474
12069,42474,42474
12070,42474,42474
12071,42474,42474
12072,42474,42474
12073,42474,42474
12074,42474,42474
12075,42474,42474
12076,42474,42474
12077,42474,42474
12078,42474,42474
12079,42474,42474
12080,42474,42474
12081,42474,42474
12082,42474,42474
12083,42474,42474
12084,42474,42474
12085,42474,42474
12086,42474,42474
12087,42474,42474
12088,42474,42474
12089,42474,42474
12090,42474,42474
12091,42474,42474
12092,42474,42474
12093,42474,42474
12094,42474,42474
12095,42474,42474
12096,42474,42474
12097,42474,42474
12098,42474,42474
12099,42474,42474
12100,42474,42474
12101,42474,42474
12102,42474,42474
12103,42474,42474
12104,42474,42474
12105,42474,42474
12106,42474,42474
12107,42474,42474
12108,42474,42474
12109,42474,42474
12110,42474,42474
12111,42474,42474
12112,42474,42474
12113,42474,42474
12114,42474,42474
12115,42474,42474
12116,42474,42474
12117,42474,42474
12118,42474,42474
12119,42474,42474
12120,42474,42474
12121,42474,42474
12122,42474,42474
12123,42474,42474
12124,42474,42474
12125,42474,42474
12126,42474,42474
12127,42474,42474
12128,42474,42474
12129,42474,42474
12130,42474,42474
12131,42474,42474
12132,42474,42474
12133,42474,42474
12134,42474,42474
12135,42474,42474
12136,42474,42474
12137,42474,42474
12138,42474,42474
12139,42474,42474
12140,42474,42474
12141,42474,42474
12142,42474,42474
12143,42474,42474
12144,42474,42474
12145,42474,42474
12146,42474,42474
12147,42474,42474
12148,42474,42474
12149,42474,42474
12150,42474,42474
12151,42474,42474
12152,42474,42474
12153,42474,42474
12154,42474,42474
12155,42474,42474
12156,42474,42474
12157,42474,42474
12158,42474,42474
12159,42474,42474
12160,42474,42474
12161,42474,42474
12162,42474,42474
12163,42474,42474
12164,42474,42474
12165,42474,42474
12166,42474,42474
12167,42474,42474
12168,42474,42474
12169,42474,42474
12170,42474,42474
12171,42474,42474
12172,42474,42474
12173,42474,42474
12174,42474,42474
12175,42474,42474
12176,42474,42474
12177,42474,42474
12178,42474,42474
12179,42474,42474
12180,42474,42474
12181,42474,42474
12182,42474,42474
12183,42474,42474
12184,42474,42474
12185,42474,42474
12186,42474,42474
12187,42474,42474
12188,42474,42474
12189,42474,42474
12190,42474,42474
12191,42474,42474
12192,42474,42474
12193,42474,42474
12194,42474,42474
12195,42474,42474
12196,42474,42474
12197,42474,42474
12198,42474,42474
12199,42474,42474
12200,42474,42474
12201,42474,42474
12202,42474,42474
12203,42474,42474
12204,42474,42474
12205,42474,42474
12206,42474,42474
12207,42474,42474
12208,42474,42474
12209,42474,42474
12210,42474,42474
12211,42474,42474
12212,42474,42474
12213,42475,42475
12214,42475,42475
12215,42475,42475
12216,42475,42475
12217,42475,42475
12218,42475,42475
12219,42475,42475
12220,42475,42475
12221,42475,42475
12222,42475,42475
12223,42475,42475
12224,42475,42475
12225,42475,42475
12226,42475,42475
12227,42475,42475
12228,42475,42475
12229,42475,42475
12230,42475,42475
12231,42475,42475
12232,42475,42475
12233,42475,42475
12234,42475,42475
12235,42475,42475
12236,42475,42475
12237,42475,42475
12238,42475,42475
12239,42475,42475
12240,42475,42475
12241,42475,42475
12242,42475,42475
12243,42475,42475
12244,42475,42475
12245,42475,42475
12246,42475,42475
12247,42475,42475
12248,42475,42475
12249,42475,42475
12250,42475,42475
12251,42475,42475
12252,42475,42475
12253,42475,42475
12254,42475,42475
12255,42475,42475
12256,42475,42475
12257,42475,42475
12258,42475,42475
12259,42475,42475
12260,42475,42475
12261,42475,42475
12262,42475,42475
12263,42475,42475
12264,42475,42475
12265,42475,42475
12266,42475,42475
12267,42475,42475
12268,42475,42475
12269,42475,42475
12270,42475,42475
12271,42475,42475
12272,42475,42475
12273,42475,42475
12274,42475,42475
12275,42475,42475
12276,42475,42475
12277,42475,42475
12278,42475,42475
12279,42475,42475
12280,42475,42475
12281,42475,42475
12282,42475,42475
12283,42475,42475
12284,42475,42475
12285,42475,42475
12286,42475,42475
12287,42475,42475
12288,42475,42475
12289,42475,42475
12290,42475,42475
12291,42475,42475
12292,42475,42475
12293,42475,42475
12294,42475,42475
12295,42475,42475
12296,42475,42475
12297,42475,42475
12298,42475,42475
12299,42475,42475
12300,42475,42475
12301,42475,42475
12302,42475,42475
12303,42475,42475
12304,42475,42475
12305,42475,42475
12306,42475,42475
12307,42475,42475
12308,42475,42475
12309,42475,42475
12310,42475,42475
12311,42475,42475
12312,42475,42475
12313,42475,42475
12314,42475,42475
12315,42475,42475
12316,42475,42475
12317,42475,42475
12318,42475,42475
12319,42475,42475
12320,42475,42475
12321,42475,42475
12322,42475,42475
12323,42475,42475
12324,42475,42475
12325,42475,42475
12326,42475,42475
12327,42475,42475
12328,42475,42475
12329,42475,42475
12330,42475,42475
12331,42475,42475
12332,42475,42475
12333,42475,42475
12334,42475,42475
12335,42475,42475
12336,42475,42475
12337,42475,42475
12338,42475,42475
12339,42475,42475
12340,42475,42475
12341,42475,42475
12342,42475,42475
12343,42475,42475
12344,42475,42475
12345,42475,42475
12346,42475,42475
12347,42475,42475
12348,42475,42475
12349,42475,42475
12350,42475,42475
12351,42475,42475
12352,42475,42475
12353,42475,42475
12354,42475,42475
12355,42475,42475
12356,42475,42475
12357,42475,42475
12358,42475,42475
12359,42475,42475
12360,42475,42475
12361,42475,42475
12362,42475,42475
12363,42475,42475
12364,42475,42475
12365,42475,42475
12366,42475,42475
12367,42475,42475
12368,42475,42475
12369,42475,42475
12370,42475,42475
12371,42475,42475
12372,42475,42475
12373,42475,42475
12374,42475,42475
12375,42475,42475
12376,42475,42475
12377,42475,42475
12378,42475,42475
12379,42475,42475
12380,42475,42475
12381,42475,42475
12382,42475,42475
12383,42475,42475
12384,42475,42475
12385,42475,42475
12386,42475,42475
12387,42475,42475
12388,42475,42475
12389,42475,42475
12390,42475,42475
12391,42475,42475
12392,42475,42475
12393,42475,42475
12394,42475,42475
12395,42475,42475
12396,42475,42475
12397,42475,42475
12398,42475,42475
12399,42475,42475
12400,42475,42475
12401,42475,42475
12402,42475,42475
12403,42475,42475
12404,42475,42475
12405,42475,42475
12406,42475,42475
12407,42475,42475
12408,42475,42475
12409,42475,42475
12410,42475,42475
12411,42475,42475
12412,42475,42475
12413,42475,42475
12414,42475,42475
12415,42475,42475
12416,42475,42475
12417,42475,42475
12418,42475,42475
12419,42475,42475
12420,42476,42476
12421,42476,42476
12422,42476,42476
12423,42476,42476
12424,42476,42476
12425,42476,42476
12426,42476,42476
12427,42476,42476
12428,42476,42476
12429,42476,42476
12430,42476,42476
12431,42476,42476
12432,42476,42476
12433,42476,42476
12434,42476,42476
12435,42476,42476
12436,42476,42476
12437,42476,42476
12438,42476,42476
12439,42476,42476
12440,42476,42476
12441,42476,42476
12442,42476,42476
12443,42476,42476
12444,42476,42476
12445,42476,42476
12446,42476,42476
12447,42476,42476
12448,42476,42476
12449,42476,42476
12450,42476,42476
12451,42476,42476
12452,42476,42476
12453,42476,42476
12454,42476,42476
12455,42476,42476
12456,42476,42476
12457,42476,42476
12458,42476,42476
12459,42476,42476
12460,42476,42476
12461,42476,42476
12462,42476,42476
12463,42476,42476
12464,42476,42476
12465,42476,42476
12466,42476,42476
12467,42476,42476
12468,42476,42476
12469,42476,42476
12470,42476,42476
12471,42476,42476
12472,42476,42476
12473,42476,42476
12474,42476,42476
12475,42476,42476
12476,42476,42476
12477,42476,42476
12478,42476,42476
12479,42476,42476
12480,42476,42476
12481,42476,42476
12482,42476,42476
12483,42476,42476
12484,42476,42476
12485,42476,42476
12486,42476,42476
12487,42476,42476
12488,42476,42476
12489,42476,42476
12490,42476,42476
12491,42476,42476
12492,42476,42476
12493,42476,42476
12494,42476,42476
12495,42476,42476
12496,42476,42476
12497,42476,42476
12498,42476,42476
12499,42476,42476
12500,42476,42476
12501,42476,42476
12502,42476,42476
12503,42476,42476
12504,42476,42476
12505,42476,42476
12506,42476,42476
12507,42476,42476
12508,42476,42476
12509,42476,42476
12510,42476,42476
12511,42476,42476
12512,42476,42476
12513,42476,42476
12514,42476,42476
12515,42476,42476
12516,42476,42476
12517,42476,42476
12518,42476,42476
12519,42476,42476
12520,42476,42476
12521,42476,42476
12522,42476,42476
12523,42476,42476
12524,42476,42476
12525,42476,42476
12526,42476,42476
12527,42476,42476
12528,42476,42476
12529,42476,42476
12530,42476,42476
12531,42476,42476
12532,42476,42476
12533,42476,42476
12534,42476,42476
12535,42476,42476
12536,42476,42476
12537,42476,42476
12538,42476,42476
12539,42476,42476
12540,42476,42476
12541,42476,42476
12542,42476,42476
12543,42476,42476
12544,42476,42476
12545,42476,42476
12546,42476,42476
12547,42476,42476
12548,42476,42476
12549,42476,42476
12550,42476,42476
12551,42476,42476
12552,42476,42476
12553,42476,42476
12554,42476,42476
12555,42476,42476
12556,42476,42476
12557,42476,42476
12558,42476,42476
12559,42476,42476
12560,42476,42476
12561,42476,42476
12562,42476,42476
12563,42476,42476
12564,42476,42476
12565,42476,42476
12566,42476,42476
12567,42476,42476
12568,42476,42476
12569,42476,42476
12570,42476,42476
12571,42476,42476
12572,42476,42476
12573,42476,42476
12574,42476,42476
12575,42476,42476
12576,42476,42476
12577,42476,42476
12578,42476,42476
12579,42476,42476
12580,42476,42476
12581,42476,42476
12582,42476,42476
12583,42476,42476
12584,42476,42476
12585,42476,42476
12586,42476,42476
12587,42476,42476
12588,42476,42476
12589,42476,42476
12590,42476,42476
12591,42476,42476
12592,42476,42476
12593,42476,42476
12594,42476,42476
12595,42476,42476
12596,42476,42476
12597,42476,42476
12598,42476,42476
12599,42476,42476
12600,42476,42476
12601,42476,42476
12602,42476,42476
12603,42476,42476
12604,42476,42476
12605,42476,42476
12606,42476,42476
12607,42476,42476
12608,42476,42476
12609,42476,42476
12610,42476,42476
12611,42476,42476
12612,42476,42476
12613,42476,42476
12614,42476,42476
12615,42476,42476
12616,42476,42476
12617,42476,42476
12618,42476,42476
12619,42476,42476
12620,42476,42476
12621,42476,42476
12622,42476,42476
12623,42476,42476
12624,42476,42476
12625,42476,42476
12626,42476,42476
12627,42477,42477
12628,42477,42477
12629,42477,42477
12630,42477,42477
12631,42477,42477
12632,42477,42477
12633,42477,42477
12634,42477,42477
12635,42477,42477
12636,42477,42477
12637,42477,42477
12638,42477,42477
12639,42477,42477
12640,42477,42477
12641,42477,42477
12642,42477,42477
12643,42477,42477
12644,42477,42477
12645,42477,42477
12646,42477,42477
12647,42477,42477
12648,42477,42477
12649,42477,42477
12650,42477,42477
12651,42477,42477
12652,42477,42477
12653,42477,42477
12654,42477,42477
12655,42477,42477
12656,42477,42477
12657,42477,42477
12658,42477,42477
12659,42477,42477
12660,42477,42477
12661,42477,42477
12662,42477,42477
12663,42477,42477
12664,42477,42477
12665,42477,42477
12666,42477,42477
12667,42477,42477
12668,42477,42477
12669,42477,42477
12670,42477,42477
12671,42477,42477
12672,42477,42477
12673,42477,42477
12674,42477,42477
12675,42477,42477
12676,42477,42477
12677,42477,42477
12678,42477,42477
12679,42477,42477
12680,42477,42477
12681,42477,42477
12682,42477,42477
12683,42477,42477
12684,42477,42477
12685,42477,42477
12686,42477,42477
12687,42477,42477
12688,42477,42477
12689,42477,42477
12690,42477,42477
12691,42477,42477
12692,42477,42477
12693,42477,42477
12694,42477,42477
12695,42477,42477
12696,42477,42477
12697,42477,42477
12698,42477,42477
12699,42477,42477
12700,42477,42477
12701,42477,42477
12702,42477,42477
12703,42477,42477
12704,42477,42477
12705,42477,42477
12706,42477,42477
12707,42477,42477
12708,42477,42477
12709,42477,42477
12710,42477,42477
12711,42477,42477
12712,42477,42477
12713,42477,42477
12714,42477,42477
12715,42477,42477
12716,42477,42477
12717,42477,42477
12718,42477,42477
12719,42477,42477
12720,42477,42477
12721,42477,42477
12722,42477,42477
12723,42477,42477
12724,42477,42477
12725,42477,42477
12726,42477,42477
12727,42477,42477
12728,42477,42477
12729,42477,42477
12730,42477,42477
12731,42477,42477
12732,42477,42477
12733,42477,42477
12734,42477,42477
12735,42477,42477
12736,42477,42477
12737,42477,42477
12738,42477,42477
12739,42477,42477
12740,42477,42477
12741,42477,42477
12742,42477,42477
12743,42477,42477
12744,42477,42477
12745,42477,42477
12746,42477,42477
12747,42477,42477
12748,42477,42477
12749,42477,42477
12750,42477,42477
12751,42477,42477
12752,42477,42477
12753,42477,42477
12754,42477,42477
12755,42477,42477
12756,42477,42477
12757,42477,42477
12758,42477,42477
12759,42477,42477
12760,42477,42477
12761,42477,42477
12762,42477,42477
12763,42477,42477
12764,42477,42477
12765,42477,42477
12766,42477,42477
12767,42477,42477
12768,42477,42477
12769,42477,42477
12770,42477,42477
12771,42477,42477
12772,42477,42477
12773,42477,42477
12774,42477,42477
12775,42477,42477
12776,42477,42477
12777,42477,42477
12778,42477,42477
12779,42477,42477
12780,42477,42477
12781,42477,42477
12782,42477,42477
12783,42477,42477
12784,42477,42477
12785,42477,42477
12786,42477,42477
12787,42477,42477
12788,42477,42477
12789,42477,42477
12790,42477,42477
12791,42477,42477
12792,42477,42477
12793,42477,42477
12794,42477,42477
12795,42477,42477
12796,42477,42477
12797,42477,42477
12798,42477,42477
12799,42477,42477
12800,42477,42477
12801,42477,42477
12802,42477,42477
12803,42477,42477
12804,42477,42477
12805,42477,42477
12806,42477,42477
12807,42477,42477
12808,42477,42477
12809,42477,42477
12810,42477,42477
12811,42477,42477
12812,42477,42477
12813,42477,42477
12814,42477,42477
12815,42477,42477
12816,42477,42477
12817,42477,42477
12818,42477,42477
12819,42477,42477
12820,42477,42477
12821,42477,42477
12822,42477,42477
12823,42477,42477
12824,42477,42477
12825,42477,42477
12826,42477,42477
12827,42477,42477
12828,42477,42477
12829,42477,42477
12830,42477,42477
12831,42477,42477
12832,42477,42477
12833,42477,42477
12834,42478,42478
12835,42478,42478
12836,42478,42478
12837,42478,42478
12838,42478,42478
12839,42478,42478
12840,42478,42478
12841,42478,42478
12842,42478,42478
12843,42478,42478
12844,42478,42478
12845,42478,42478
12846,42478,42478
12847,42478,42478
12848,42478,42478
12849,42478,42478
12850,42478,42478
12851,42478,42478
12852,42478,42478
12853,42478,42478
12854,42478,42478
12855,42478,42478
12856,42478,42478
12857,42478,42478
12858,42478,42478
12859,42478,42478
12860,42478,42478
12861,42478,42478
12862,42478,42478
12863,42478,42478
12864,42478,42478
12865,42478,42478
12866,42478,42478
12867,42478,42478
12868,42478,42478
12869,42478,42478
12870,42478,42478
12871,42478,42478
12872,42478,42478
12873,42478,42478
12874,42478,42478
12875,42478,42478
12876,42478,42478
12877,42478,42478
12878,42478,42478
12879,42478,42478
12880,42478,42478
12881,42478,42478
12882,42478,42478
12883,42478,42478
12884,42478,42478
12885,42478,42478
12886,42478,42478
12887,42478,42478
12888,42478,42478
12889,42478,42478
12890,42478,42478
12891,42478,42478
12892,42478,42478
12893,42478,42478
12894,42478,42478
12895,42478,42478
12896,42478,42478
12897,42478,42478
12898,42478,42478
12899,42478,42478
12900,42478,42478
12901,42478,42478
12902,42478,42478
12903,42478,42478
12904,42478,42478
12905,42478,42478
12906,42478,42478
12907,42478,42478
12908,42478,42478
12909,42478,42478
12910,42478,42478
12911,42478,42478
12912,42478,42478
12913,42478,42478
12914,42478,42478
12915,42478,42478
12916,42478,42478
12917,42478,42478
12918,42478,42478
12919,42478,42478
12920,42478,42478
12921,42478,42478
12922,42478,42478
12923,42478,42478
12924,42478,42478
12925,42478,42478
12926,42478,42478
12927,42478,42478
12928,42478,42478
12929,42478,42478
12930,42478,42478
12931,42478,42478
12932,42478,42478
12933,42478,42478
12934,42478,42478
12935,42478,42478
12936,42478,42478
12937,42478,42478
12938,42478,42478
12939,42478,42478
12940,42478,42478
12941,42478,42478
12942,42478,42478
12943,42478,42478
12944,42478,42478
12945,42478,42478
12946,42478,42478
12947,42478,42478
12948,42478,42478
12949,42478,42478
12950,42478,42478
12951,42478,42478
12952,42478,42478
12953,42478,42478
12954,42478,42478
12955,42478,42478
12956,42478,42478
12957,42478,42478
12958,42478,42478
12959,42478,42478
12960,42478,42478
12961,42478,42478
12962,42478,42478
12963,42478,42478
12964,42478,42478
12965,42478,42478
12966,42478,42478
12967,42478,42478
12968,42478,42478
12969,42478,42478
12970,42478,42478
12971,42478,42478
12972,42478,42478
12973,42478,42478
12974,42478,42478
12975,42478,42478
12976,42478,42478
12977,42478,42478
12978,42478,42478
12979,42478,42478
12980,42478,42478
12981,42478,42478
12982,42478,42478
12983,42478,42478
12984,42478,42478
12985,42478,42478
12986,42478,42478
12987,42478,42478
12988,42478,42478
12989,42478,42478
12990,42478,42478
12991,42478,42478
12992,42478,42478
12993,42478,42478
12994,42478,42478
12995,42478,42478
12996,42478,42478
12997,42478,42478
12998,42478,42478
12999,42478,42478
13000,42478,42478
13001,42478,42478
13002,42478,42478
13003,42478,42478
13004,42478,42478
13005,42478,42478
13006,42478,42478
13007,42478,42478
13008,42478,42478
13009,42478,42478
13010,42478,42478
13011,42478,42478
13012,42478,42478
13013,42478,42478
13014,42478,42478
13015,42478,42478
13016,42478,42478
13017,42478,42478
13018,42478,42478
13019,42478,42478
13020,42478,42478
13021,42478,42478
13022,42478,42478
13023,42478,42478
13024,42478,42478
13025,42478,42478
13026,42478,42478
13027,42478,42478
13028,42478,42478
13029,42478,42478
13030,42478,42478
13031,42478,42478
13032,42478,42478
13033,42478,42478
13034,42478,42478
13035,42478,42478
13036,42478,42478
13037,42478,42478
13038,42478,42478
13039,42478,42478
13040,42478,42478
13041,42479,42479
13042,42479,42479
13043,42479,42479
13044,42479,42479
13045,42479,42479
13046,42479,42479
13047,42479,42479
13048,42479,42479
13049,42479,42479
13050,42479,42479
13051,42479,42479
13052,42479,42479
13053,42479,42479
13054,42479,42479
13055,42479,42479
13056,42479,42479
13057,42479,42479
13058,42479,42479
13059,42479,42479
13060,42479,42479
13061,42479,42479
13062,42479,42479
13063,42479,42479
13064,42479,42479
13065,42479,42479
13066,42479,42479
13067,42479,42479
13068,42479,42479
13069,42479,42479
13070,42479,42479
13071,42479,42479
13072,42479,42479
13073,42479,42479
13074,42479,42479
13075,42479,42479
13076,42479,42479
13077,42479,42479
13078,42479,42479
13079,42479,42479
13080,42479,42479
13081,42479,42479
13082,42479,42479
13083,42479,42479
13084,42479,42479
13085,42479,42479
13086,42479,42479
13087,42479,42479
13088,42479,42479
13089,42479,42479
13090,42479,42479
13091,42479,42479
13092,42479,42479
13093,42479,42479
13094,42479,42479
13095,42479,42479
13096,42479,42479
13097,42479,42479
13098,42479,42479
13099,42479,42479
13100,42479,42479
13101,42479,42479
13102,42479,42479
13103,42479,42479
13104,42479,42479
13105,42479,42479
13106,42479,42479
13107,42479,42479
13108,42479,42479
13109,42479,42479
13110,42479,42479
13111,42479,42479
13112,42479,42479
13113,42479,42479
13114,42479,42479
13115,42479,42479
13116,42479,42479
13117,42479,42479
13118,42479,42479
13119,42479,42479
13120,42479,42479
13121,42479,42479
13122,42479,42479
13123,42479,42479
13124,42479,42479
13125,42479,42479
13126,42479,42479
13127,42479,42479
13128,42479,42479
13129,42479,42479
13130,42479,42479
13131,42479,42479
13132,42479,42479
13133,42479,42479
13134,42479,42479
13135,42479,42479
13136,42479,42479
13137,42479,42479
13138,42479,42479
13139,42479,42479
13140,42479,42479
13141,42479,42479
13142,42479,42479
13143,42479,42479
13144,42479,42479
13145,42479,42479
13146,42479,42479
13147,42479,42479
13148,42479,42479
13149,42479,42479
13150,42479,42479
13151,42479,42479
13152,42479,42479
13153,42479,42479
13154,42479,42479
13155,42479,42479
13156,42479,42479
13157,42479,42479
13158,42479,42479
13159,42479,42479
13160,42479,42479
13161,42479,42479
13162,42479,42479
13163,42479,42479
13164,42479,42479
13165,42479,42479
13166,42479,42479
13167,42479,42479
13168,42479,42479
13169,42479,42479
13170,42479,42479
13171,42479,42479
13172,42479,42479
13173,42479,42479
13174,42479,42479
13175,42479,42479
13176,42479,42479
13177,42479,42479
13178,42479,42479
13179,42479,42479
13180,42479,42479
13181,42479,42479
13182,42479,42479
13183,42479,42479
13184,42479,42479
13185,42479,42479
13186,42479,42479
13187,42479,42479
13188,42479,42479
13189,42479,42479
13190,42479,42479
13191,42479,42479
13192,42479,42479
13193,42479,42479
13194,42479,42479
13195,42479,42479
13196,42479,42479
13197,42479,42479
13198,42479,42479
13199,42479,42479
13200,42479,42479
13201,42479,42479
13202,42479,42479
13203,42479,42479
13204,42479,42479
13205,42479,42479
13206,42479,42479
13207,42479,42479
13208,42479,42479
13209,42479,42479
13210,42479,42479
13211,42479,42479
13212,42479,42479
13213,42479,42479
13214,42479,42479
13215,42479,42479
13216,42479,42479
13217,42479,42479
13218,42479,42479
13219,42479,42479
13220,42479,42479
13221,42479,42479
13222,42479,42479
13223,42479,42479
13224,42479,42479
13225,42479,42479
13226,42479,42479
13227,42479,42479
13228,42479,42479
13229,42479,42479
13230,42479,42479
13231,42479,42479
13232,42479,42479
13233,42479,42479
13234,42479,42479
13235,42479,42479
13236,42479,42479
13237,42479,42479
13238,42479,42479
13239,42479,42479
13240,42479,42479
13241,42479,42479
13242,42479,42479
13243,42479,42479
13244,42479,42479
13245,42479,42479
13246,42479,42479
13247,42479,42479
13248,42480,42480
13249,42480,42480
13250,42480,42480
13251,42480,42480
13252,42480,42480
13253,42480,42480
13254,42480,42480
13255,42480,42480
13256,42480,42480
13257,42480,42480
13258,42480,42480
13259,42480,42480
13260,42480,42480
13261,42480,42480
13262,42480,42480
13263,42480,42480
13264,42480,42480
13265,42480,42480
13266,42480,42480
13267,42480,42480
13268,42480,42480
13269,42480,42480
13270,42480,42480
13271,42480,42480
13272,42480,42480
13273,42480,42480
13274,42480,42480
13275,42480,42480
13276,42480,42480
13277,42480,42480
13278,42480,42480
13279,42480,42480
13280,42480,42480
13281,42480,42480
13282,42480,42480
13283,42480,42480
13284,42480,42480
13285,42480,42480
13286,42480,42480
13287,42480,42480
13288,42480,42480
13289,42480,42480
13290,42480,42480
13291,42480,42480
13292,42480,42480
13293,42480,42480
13294,42480,42480
13295,42480,42480
13296,42480,42480
13297,42480,42480
13298,42480,42480
13299,42480,42480
13300,42480,42480
13301,42480,42480
13302,42480,42480
13303,42480,42480
13304,42480,42480
13305,42480,42480
13306,42480,42480
13307,42480,42480
13308,42480,42480
13309,42480,42480
13310,42480,42480
13311,42480,42480
13312,42480,42480
13313,42480,42480
13314,42480,42480
13315,42480,42480
13316,42480,42480
13317,42480,42480
13318,42480,42480
13319,42480,42480
13320,42480,42480
13321,42480,42480
13322,42480,42480
13323,42480,42480
13324,42480,42480
13325,42480,42480
13326,42480,42480
13327,42480,42480
13328,42480,42480
13329,42480,42480
13330,42480,42480
13331,42480,42480
13332,42480,42480
13333,42480,42480
13334,42480,42480
13335,42480,42480
13336,42480,42480
13337,42480,42480
13338,42480,42480
13339,42480,42480
13340,42480,42480
13341,42480,42480
13342,42480,42480
13343,42480,42480
13344,42480,42480
13345,42480,42480
13346,42480,42480
13347,42480,42480
13348,42480,42480
13349,42480,42480
13350,42480,42480
13351,42480,42480
13352,42480,42480
13353,42480,42480
13354,42480,42480
13355,42480,42480
13356,42480,42480
13357,42480,42480
13358,42480,42480
13359,42480,42480
13360,42480,42480
13361,42480,42480
13362,42480,42480
13363,42480,42480
13364,42480,42480
13365,42480,42480
13366,42480,42480
13367,42480,42480
13368,42480,42480
13369,42480,42480
13370,42480,42480
13371,42480,42480
13372,42480,42480
13373,42480,42480
13374,42480,42480
13375,42480,42480
13376,42480,42480
13377,42480,42480
13378,42480,42480
13379,42480,42480
13380,42480,42480
13381,42480,42480
13382,42480,42480
13383,42480,42480
13384,42480,42480
13385,42480,42480
13386,42480,42480
13387,42480,42480
13388,42480,42480
13389,42480,42480
13390,42480,42480
13391,42480,42480
13392,42480,42480
13393,42480,42480
13394,42480,42480
13395,42480,42480
13396,42480,42480
13397,42480,42480
13398,42480,42480
13399,42480,42480
13400,42480,42480
13401,42480,42480
13402,42480,42480
13403,42480,42480
13404,42480,42480
13405,42480,42480
13406,42480,42480
13407,42480,42480
13408,42480,42480
13409,42480,42480
13410,42480,42480
13411,42480,42480
13412,42480,42480
13413,42480,42480
13414,42480,42480
13415,42480,42480
13416,42480,42480
13417,42480,42480
13418,42480,42480
13419,42480,42480
13420,42480,42480
13421,42480,42480
13422,42480,42480
13423,42480,42480
13424,42480,42480
13425,42480,42480
13426,42480,42480
13427,42480,42480
13428,42480,42480
13429,42480,42480
13430,42480,42480
13431,42480,42480
13432,42480,42480
13433,42480,42480
13434,42480,42480
13435,42480,42480
13436,42480,42480
13437,42480,42480
13438,42480,42480
13439,42480,42480
13440,42480,42480
13441,42480,42480
13442,42480,42480
13443,42480,42480
13444,42480,42480
13445,42480,42480
13446,42480,42480
13447,42480,42480
13448,42480,42480
13449,42480,42480
13450,42480,42480
13451,42480,42480
13452,42480,42480
13453,42480,42480
13454,42480,42480
13455,42481,42481
13456,42481,42481
13457,42481,42481
13458,42481,42481
13459,42481,42481
13460,42481,42481
13461,42481,42481
13462,42481,42481
13463,42481,42481
13464,42481,42481
13465,42481,42481
13466,42481,42481
13467,42481,42481
13468,42481,42481
13469,42481,42481
13470,42481,42481
13471,42481,42481
13472,42481,42481
13473,42481,42481
13474,42481,42481
13475,42481,42481
13476,42481,42481
13477,42481,42481
13478,42481,42481
13479,42481,42481
13480,42481,42481
13481,42481,42481
13482,42481,42481
13483,42481,42481
13484,42481,42481
13485,42481,42481
13486,42481,42481
13487,42481,42481
13488,42481,42481
13489,42481,42481
13490,42481,42481
13491,42481,42481
13492,42481,42481
13493,42481,42481
13494,42481,42481
13495,42481,42481
13496,42481,42481
13497,42481,42481
13498,42481,42481
13499,42481,42481
13500,42481,42481
13501,42481,42481
13502,42481,42481
13503,42481,42481
13504,42481,42481
13505,42481,42481
13506,42481,42481
13507,42481,42481
13508,42481,42481
13509,42481,42481
13510,42481,42481
13511,42481,42481
13512,42481,42481
13513,42481,42481
13514,42481,42481
13515,42481,42481
13516,42481,42481
13517,42481,42481
13518,42481,42481
13519,42481,42481
13520,42481,42481
13521,42481,42481
13522,42481,42481
13523,42481,42481
13524,42481,42481
13525,42481,42481
13526,42481,42481
13527,42481,42481
13528,42481,42481
13529,42481,42481
13530,42481,42481
13531,42481,42481
13532,42481,42481
13533,42481,42481
13534,42481,42481
13535,42481,42481
13536,42481,42481
13537,42481,42481
13538,42481,42481
13539,42481,42481
13540,42481,42481
13541,42481,42481
13542,42481,42481
13543,42481,42481
13544,42481,42481
13545,42481,42481
13546,42481,42481
13547,42481,42481
13548,42481,42481
13549,42481,42481
13550,42481,42481
13551,42481,42481
13552,42481,42481
13553,42481,42481
13554,42481,42481
13555,42481,42481
13556,42481,42481
13557,42481,42481
13558,42481,42481
13559,42481,42481
13560,42481,42481
13561,42481,42481
13562,42481,42481
13563,42481,42481
13564,42481,42481
13565,42481,42481
13566,42481,42481
13567,42481,42481
13568,42481,42481
13569,42481,42481
13570,42481,42481
13571,42481,42481
13572,42481,42481
13573,42481,42481
13574,42481,42481
13575,42481,42481
13576,42481,42481
13577,42481,42481
13578,42481,42481
13579,42481,42481
13580,42481,42481
13581,42481,42481
13582,42481,42481
13583,42481,42481
13584,42481,42481
13585,42481,42481
13586,42481,42481
13587,42481,42481
13588,42481,42481
13589,42481,42481
13590,42481,42481
13591,42481,42481
13592,42481,42481
13593,42481,42481
13594,42481,42481
13595,42481,42481
13596,42481,42481
13597,42481,42481
13598,42481,42481
13599,42481,42481
13600,42481,42481
13601,42481,42481
13602,42481,42481
13603,42481,42481
13604,42481,42481
13605,42481,42481
13606,42481,42481
13607,42481,42481
13608,42481,42481
13609,42481,42481
13610,42481,42481
13611,42481,42481
13612,42481,42481
13613,42481,42481
13614,42481,42481
13615,42481,42481
13616,42481,42481
13617,42481,42481
13618,42481,42481
13619,42481,42481
13620,42481,42481
13621,42481,42481
13622,42481,42481
13623,42481,42481
13624,42481,42481
13625,42481,42481
13626,42481,42481
13627,42481,42481
13628,42481,42481
13629,42481,42481
13630,42481,42481
13631,42481,42481
13632,42481,42481
13633,42481,42481
13634,42481,42481
13635,42481,42481
13636,42481,42481
13637,42481,42481
13638,42481,42481
13639,42481,42481
13640,42481,42481
13641,42481,42481
13642,42481,42481
13643,42481,42481
13644,42481,42481
13645,42481,42481
13646,42481,42481
13647,42481,42481
13648,42481,42481
13649,42481,42481
13650,42481,42481
13651,42481,42481
13652,42481,42481
13653,42481,42481
13654,42481,42481
13655,42481,42481
13656,42481,42481
13657,42481,42481
13658,42481,42481
13659,42481,42481
13660,42481,42481
13661,42481,42481
13662,42482,42482
13663,42482,42482
13664,42482,42482
13665,42482,42482
13666,42482,42482
13667,42482,42482
13668,42482,42482
13669,42482,42482
13670,42482,42482
13671,42482,42482
13672,42482,42482
13673,42482,42482
13674,42482,42482
13675,42482,42482
13676,42482,42482
13677,42482,42482
13678,42482,42482
13679,42482,42482
13680,42482,42482
13681,42482,42482
13682,42482,42482
13683,42482,42482
13684,42482,42482
13685,42482,42482
13686,42482,42482
13687,42482,42482
13688,42482,42482
13689,42482,42482
13690,42482,42482
13691,42482,42482
13692,42482,42482
13693,42482,42482
13694,42482,42482
13695,42482,42482
13696,42482,42482
13697,42482,42482
13698,42482,42482
13699,42482,42482
13700,42482,42482
13701,42482,42482
13702,42482,42482
13703,42482,42482
13704,42482,42482
13705,42482,42482
13706,42482,42482
13707,42482,42482
13708,42482,42482
13709,42482,42482
13710,42482,42482
13711,42482,42482
13712,42482,42482
13713,42482,42482
13714,42482,42482
13715,42482,42482
13716,42482,42482
13717,42482,42482
13718,42482,42482
13719,42482,42482
13720,42482,42482
13721,42482,42482
13722,42482,42482
13723,42482,42482
13724,42482,42482
13725,42482,42482
13726,42482,42482
13727,42482,42482
13728,42482,42482
13729,42482,42482
13730,42482,42482
13731,42482,42482
13732,42482,42482
13733,42482,42482
13734,42482,42482
13735,42482,42482
13736,42482,42482
13737,42482,42482
13738,42482,42482
13739,42482,42482
13740,42482,42482
13741,42482,42482
13742,42482,42482
13743,42482,42482
13744,42482,42482
13745,42482,42482
13746,42482,42482
13747,42482,42482
13748,42482,42482
13749,42482,42482
13750,42482,42482
13751,42482,42482
13752,42482,42482
13753,42482,42482
13754,42482,42482
13755,42482,42482
13756,42482,42482
13757,42482,42482
13758,42482,42482
13759,42482,42482
13760,42482,42482
13761,42482,42482
13762,42482,42482
13763,42482,42482
13764,42482,42482
13765,42482,42482
13766,42482,42482
13767,42482,42482
13768,42482,42482
13769,42482,42482
13770,42482,42482
13771,42482,42482
13772,42482,42482
13773,42482,42482
13774,42482,42482
13775,42482,42482
13776,42482,42482
13777,42482,42482
13778,42482,42482
13779,42482,42482
13780,42482,42482
13781,42482,42482
13782,42482,42482
13783,42482,42482
13784,42482,42482
13785,42482,42482
13786,42482,42482
13787,42482,42482
13788,42482,42482
13789,42482,42482
13790,42482,42482
13791,42482,42482
13792,42482,42482
13793,42482,42482
13794,42482,42482
13795,42482,42482
13796,42482,42482
13797,42482,42482
13798,42482,42482
13799,42482,42482
13800,42482,42482
13801,42482,42482
13802,42482,42482
13803,42482,42482
13804,42482,42482
13805,42482,42482
13806,42482,42482
13807,42482,42482
13808,42482,42482
13809,42482,42482
13810,42482,42482
13811,42482,42482
13812,42482,42482
13813,42482,42482
13814,42482,42482
13815,42482,42482
13816,42482,42482
13817,42482,42482
13818,42482,42482
13819,42482,42482
13820,42482,42482
13821,42482,42482
13822,42482,42482
13823,42482,42482
13824,42482,42482
13825,42482,42482
13826,42482,42482
13827,42482,42482
13828,42482,42482
13829,42482,42482
13830,42482,42482
13831,42482,42482
13832,42482,42482
13833,42482,42482
13834,42482,42482
13835,42482,42482
13836,42482,42482
13837,42482,42482
13838,42482,42482
13839,42482,42482
13840,42482,42482
13841,42482,42482
13842,42482,42482
13843,42482,42482
13844,42482,42482
13845,42482,42482
13846,42482,42482
13847,42482,42482
13848,42482,42482
13849,42482,42482
13850,42482,42482
13851,42482,42482
13852,42482,42482
13853,42482,42482
13854,42482,42482
13855,42482,42482
13856,42482,42482
13857,42482,42482
13858,42482,42482
13859,42482,42482
13860,42482,42482
13861,42482,42482
13862,42482,42482
13863,42482,42482
13864,42482,42482
13865,42482,42482
13866,42482,42482
13867,42482,42482
13868,42482,42482
13869,42483,42483
13870,42483,42483
13871,42483,42483
13872,42483,42483
13873,42483,42483
13874,42483,42483
13875,42483,42483
13876,42483,42483
13877,42483,42483
13878,42483,42483
13879,42483,42483
13880,42483,42483
13881,42483,42483
13882,42483,42483
13883,42483,42483
13884,42483,42483
13885,42483,42483
13886,42483,42483
13887,42483,42483
13888,42483,42483
13889,42483,42483
13890,42483,42483
13891,42483,42483
13892,42483,42483
13893,42483,42483
13894,42483,42483
13895,42483,42483
13896,42483,42483
13897,42483,42483
13898,42483,42483
13899,42483,42483
13900,42483,42483
13901,42483,42483
13902,42483,42483
13903,42483,42483
13904,42483,42483
13905,42483,42483
13906,42483,42483
13907,42483,42483
13908,42483,42483
13909,42483,42483
13910,42483,42483
13911,42483,42483
13912,42483,42483
13913,42483,42483
13914,42483,42483
13915,42483,42483
13916,42483,42483
13917,42483,42483
13918,42483,42483
13919,42483,42483
13920,42483,42483
13921,42483,42483
13922,42483,42483
13923,42483,42483
13924,42483,42483
13925,42483,42483
13926,42483,42483
13927,42483,42483
13928,42483,42483
13929,42483,42483
13930,42483,42483
13931,42483,42483
13932,42483,42483
13933,42483,42483
13934,42483,42483
13935,42483,42483
13936,42483,42483
13937,42483,42483
13938,42483,42483
13939,42483,42483
13940,42483,42483
13941,42483,42483
13942,42483,42483
13943,42483,42483
13944,42483,42483
13945,42483,42483
13946,42483,42483
13947,42483,42483
13948,42483,42483
13949,42483,42483
13950,42483,42483
13951,42483,42483
13952,42483,42483
13953,42483,42483
13954,42483,42483
13955,42483,42483
13956,42483,42483
13957,42483,42483
13958,42483,42483
13959,42483,42483
13960,42483,42483
13961,42483,42483
13962,42483,42483
13963,42483,42483
13964,42483,42483
13965,42483,42483
13966,42483,42483
13967,42483,42483
13968,42483,42483
13969,42483,42483
13970,42483,42483
13971,42483,42483
13972,42483,42483
13973,42483,42483
13974,42483,42483
13975,42483,42483
13976,42483,42483
13977,42483,42483
13978,42483,42483
13979,42483,42483
13980,42483,42483
13981,42483,42483
13982,42483,42483
13983,42483,42483
13984,42483,42483
13985,42483,42483
13986,42483,42483
13987,42483,42483
13988,42483,42483
13989,42483,42483
13990,42483,42483
13991,42483,42483
13992,42483,42483
13993,42483,42483
13994,42483,42483
13995,42483,42483
13996,42483,42483
13997,42483,42483
13998,42483,42483
13999,42483,42483
14000,42483,42483
14001,42483,42483
14002,42483,42483
14003,42483,42483
14004,42483,42483
14005,42483,42483
14006,42483,42483
14007,42483,42483
14008,42483,42483
14009,42483,42483
14010,42483,42483
14011,42483,42483
14012,42483,42483
14013,42483,42483
14014,42483,42483
14015,42483,42483
14016,42483,42483
14017,42483,42483
14018,42483,42483
14019,42483,42483
14020,42483,42483
14021,42483,42483
14022,42483,42483
14023,42483,42483
14024,42483,42483
14025,42483,42483
14026,42483,42483
14027,42483,42483
14028,42483,42483
14029,42483,42483
14030,42483,42483
14031,42483,42483
14032,42483,42483
14033,42483,42483
14034,42483,42483
14035,42483,42483
14036,42483,42483
14037,42483,42483
14038,42483,42483
14039,42483,42483
14040,42483,42483
14041,42483,42483
14042,42483,42483
14043,42483,42483
14044,42483,42483
14045,42483,42483
14046,42483,42483
14047,42483,42483
14048,42483,42483
14049,42483,42483
14050,42483,42483
14051,42483,42483
14052,42483,42483
14053,42483,42483
14054,42483,42483
14055,42483,42483
14056,42483,42483
14057,42483,42483
14058,42483,42483
14059,42483,42483
14060,42483,42483
14061,42483,42483
14062,42483,42483
14063,42483,42483
14064,42483,42483
14065,42483,42483
14066,42483,42483
14067,42483,42483
14068,42483,42483
14069,42483,42483
14070,42483,42483
14071,42483,42483
14072,42483,42483
14073,42483,42483
14074,42483,42483
14075,42483,42483
14076,42484,42484
14077,42484,42484
14078,42484,42484
14079,42484,42484
14080,42484,42484
14081,42484,42484
14082,42484,42484
14083,42484,42484
14084,42484,42484
14085,42484,42484
14086,42484,42484
14087,42484,42484
14088,42484,42484
14089,42484,42484
14090,42484,42484
14091,42484,42484
14092,42484,42484
14093,42484,42484
14094,42484,42484
14095,42484,42484
14096,42484,42484
14097,42484,42484
14098,42484,42484
14099,42484,42484
14100,42484,42484
14101,42484,42484
14102,42484,42484
14103,42484,42484
14104,42484,42484
14105,42484,42484
14106,42484,42484
14107,42484,42484
14108,42484,42484
14109,42484,42484
14110,42484,42484
14111,42484,42484
14112,42484,42484
14113,42484,42484
14114,42484,42484
14115,42484,42484
14116,42484,42484
14117,42484,42484
14118,42484,42484
14119,42484,42484
14120,42484,42484
14121,42484,42484
14122,42484,42484
14123,42484,42484
14124,42484,42484
14125,42484,42484
14126,42484,42484
14127,42484,42484
14128,42484,42484
14129,42484,42484
14130,42484,42484
14131,42484,42484
14132,42484,42484
14133,42484,42484
14134,42484,42484
14135,42484,42484
14136,42484,42484
14137,42484,42484
14138,42484,42484
14139,42484,42484
14140,42484,42484
14141,42484,42484
14142,42484,42484
14143,42484,42484
14144,42484,42484
14145,42484,42484
14146,42484,42484
14147,42484,42484
14148,42484,42484
14149,42484,42484
14150,42484,42484
14151,42484,42484
14152,42484,42484
14153,42484,42484
14154,42484,42484
14155,42484,42484
14156,42484,42484
14157,42484,42484
14158,42484,42484
14159,42484,42484
14160,42484,42484
14161,42484,42484
14162,42484,42484
14163,42484,42484
14164,42484,42484
14165,42484,42484
14166,42484,42484
14167,42484,42484
14168,42484,42484
14169,42484,42484
14170,42484,42484
14171,42484,42484
14172,42484,42484
14173,42484,42484
14174,42484,42484
14175,42484,42484
14176,42484,42484
14177,42484,42484
14178,42484,42484
14179,42484,42484
14180,42484,42484
14181,42484,42484
14182,42484,42484
14183,42484,42484
14184,42484,42484
14185,42484,42484
14186,42484,42484
14187,42484,42484
14188,42484,42484
14189,42484,42484
14190,42484,42484
14191,42484,42484
14192,42484,42484
14193,42484,42484
14194,42484,42484
14195,42484,42484
14196,42484,42484
14197,42484,42484
14198,42484,42484
14199,42484,42484
14200,42484,42484
14201,42484,42484
14202,42484,42484
14203,42484,42484
14204,42484,42484
14205,42484,42484
14206,42484,42484
14207,42484,42484
14208,42484,42484
14209,42484,42484
14210,42484,42484
14211,42484,42484
14212,42484,42484
14213,42484,42484
14214,42484,42484
14215,42484,42484
14216,42484,42484
14217,42484,42484
14218,42484,42484
14219,42484,42484
14220,42484,42484
14221,42484,42484
14222,42484,42484
14223,42484,42484
14224,42484,42484
14225,42484,42484
14226,42484,42484
14227,42484,42484
14228,42484,42484
14229,42484,42484
14230,42484,42484
14231,42484,42484
14232,42484,42484
14233,42484,42484
14234,42484,42484
14235,42484,42484
14236,42484,42484
14237,42484,42484
14238,42484,42484
14239,42484,42484
14240,42484,42484
14241,42484,42484
14242,42484,42484
14243,42484,42484
14244,42484,42484
14245,42484,42484
14246,42484,42484
14247,42484,42484
14248,42484,42484
14249,42484,42484
14250,42484,42484
14251,42484,42484
14252,42484,42484
14253,42484,42484
14254,42484,42484
14255,42484,42484
14256,42484,42484
14257,42484,42484
14258,42484,42484
14259,42484,42484
14260,42484,42484
14261,42484,42484
14262,42484,42484
14263,42484,42484
14264,42484,42484
14265,42484,42484
14266,42484,42484
14267,42484,42484
14268,42484,42484
14269,42484,42484
14270,42484,42484
14271,42484,42484
14272,42484,42484
14273,42484,42484
14274,42484,42484
14275,42484,42484
14276,42484,42484
14277,42484,42484
14278,42484,42484
14279,42484,42484
14280,42484,42484
14281,42484,42484
14282,42484,42484
14283,42485,42485
14284,42485,42485
14285,42485,42485
14286,42485,42485
14287,42485,42485
14288,42485,42485
14289,42485,42485
14290,42485,42485
14291,42485,42485
14292,42485,42485
14293,42485,42485
14294,42485,42485
14295,42485,42485
14296,42485,42485
14297,42485,42485
14298,42485,42485
14299,42485,42485
14300,42485,42485
14301,42485,42485
14302,42485,42485
14303,42485,42485
14304,42485,42485
14305,42485,42485
14306,42485,42485
14307,42485,42485
14308,42485,42485
14309,42485,42485
14310,42485,42485
14311,42485,42485
14312,42485,42485
14313,42485,42485
14314,42485,42485
14315,42485,42485
14316,42485,42485
14317,42485,42485
14318,42485,42485
14319,42485,42485
14320,42485,42485
14321,42485,42485
14322,42485,42485
14323,42485,42485
14324,42485,42485
14325,42485,42485
14326,42485,42485
14327,42485,42485
14328,42485,42485
14329,42485,42485
14330,42485,42485
14331,42485,42485
14332,42485,42485
14333,42485,42485
14334,42485,42485
14335,42485,42485
14336,42485,42485
14337,42485,42485
14338,42485,42485
14339,42485,42485
14340,42485,42485
14341,42485,42485
14342,42485,42485
14343,42485,42485
14344,42485,42485
14345,42485,42485
14346,42485,42485
14347,42485,42485
14348,42485,42485
14349,42485,42485
14350,42485,42485
14351,42485,42485
14352,42485,42485
14353,42485,42485
14354,42485,42485
14355,42485,42485
14356,42485,42485
14357,42485,42485
14358,42485,42485
14359,42485,42485
14360,42485,42485
14361,42485,42485
14362,42485,42485
14363,42485,42485
14364,42485,42485
14365,42485,42485
14366,42485,42485
14367,42485,42485
14368,42485,42485
14369,42485,42485
14370,42485,42485
14371,42485,42485
14372,42485,42485
14373,42485,42485
14374,42485,42485
14375,42485,42485
14376,42485,42485
14377,42485,42485
14378,42485,42485
14379,42485,42485
14380,42485,42485
14381,42485,42485
14382,42485,42485
14383,42485,42485
14384,42485,42485
14385,42485,42485
14386,42485,42485
14387,42485,42485
14388,42485,42485
14389,42485,42485
14390,42485,42485
14391,42485,42485
14392,42485,42485
14393,42485,42485
14394,42485,42485
14395,42485,42485
14396,42485,42485
14397,42485,42485
14398,42485,42485
14399,42485,42485
14400,42485,42485
14401,42485,42485
14402,42485,42485
14403,42485,42485
14404,42485,42485
14405,42485,42485
14406,42485,42485
14407,42485,42485
14408,42485,42485
14409,42485,42485
14410,42485,42485
14411,42485,42485
14412,42485,42485
14413,42485,42485
14414,42485,42485
14415,42485,42485
14416,42485,42485
14417,42485,42485
14418,42485,42485
14419,42485,42485
14420,42485,42485
14421,42485,42485
14422,42485,42485
14423,42485,42485
14424,42485,42485
14425,42485,42485
14426,42485,42485
14427,42485,42485
14428,42485,42485
14429,42485,42485
14430,42485,42485
14431,42485,42485
14432,42485,42485
14433,42485,42485
14434,42485,42485
14435,42485,42485
14436,42485,42485
14437,42485,42485
14438,42485,42485
14439,42485,42485
14440,42485,42485
14441,42485,42485
14442,42485,42485
14443,42485,42485
14444,42485,42485
14445,42485,42485
14446,42485,42485
14447,42485,42485
14448,42485,42485
14449,42485,42485
14450,42485,42485
14451,42485,42485
14452,42485,42485
14453,42485,42485
14454,42485,42485
14455,42485,42485
14456,42485,42485
14457,42485,42485
14458,42485,42485
14459,42485,42485
14460,42485,42485
14461,42485,42485
14462,42485,42485
14463,42485,42485
14464,42485,42485
14465,42485,42485
14466,42485,42485
14467,42485,42485
14468,42485,42485
14469,42485,42485
14470,42485,42485
14471,42485,42485
14472,42485,42485
14473,42485,42485
14474,42485,42485
14475,42485,42485
14476,42485,42485
14477,42485,42485
14478,42485,42485
14479,42485,42485
14480,42485,42485
14481,42485,42485
14482,42485,42485
14483,42485,42485
14484,42485,42485
14485,42485,42485
14486,42485,42485
14487,42485,42485
14488,42485,42485
14489,42485,42485
14490,42486,42486
14491,42486,42486
14492,42486,42486
14493,42486,42486
14494,42486,42486
14495,42486,42486
14496,42486,42486
14497,42486,42486
14498,42486,42486
14499,42486,42486
14500,42486,42486
14501,42486,42486
14502,42486,42486
14503,42486,42486
14504,42486,42486
14505,42486,42486
14506,42486,42486
14507,42486,42486
14508,42486,42486
14509,42486,42486
14510,42486,42486
14511,42486,42486
14512,42486,42486
14513,42486,42486
14514,42486,42486
14515,42486,42486
14516,42486,42486
14517,42486,42486
14518,42486,42486
14519,42486,42486
14520,42486,42486
14521,42486,42486
14522,42486,42486
14523,42486,42486
14524,42486,42486
14525,42486,42486
14526,42486,42486
14527,42486,42486
14528,42486,42486
14529,42486,42486
14530,42486,42486
14531,42486,42486
14532,42486,42486
14533,42486,42486
14534,42486,42486
14535,42486,42486
14536,42486,42486
14537,42486,42486
14538,42486,42486
14539,42486,42486
14540,42486,42486
14541,42486,42486
14542,42486,42486
14543,42486,42486
14544,42486,42486
14545,42486,42486
14546,42486,42486
14547,42486,42486
14548,42486,42486
14549,42486,42486
14550,42486,42486
14551,42486,42486
14552,42486,42486
14553,42486,42486
14554,42486,42486
14555,42486,42486
14556,42486,42486
14557,42486,42486
14558,42486,42486
14559,42486,42486
14560,42486,42486
14561,42486,42486
14562,42486,42486
14563,42486,42486
14564,42486,42486
14565,42486,42486
14566,42486,42486
14567,42486,42486
14568,42486,42486
14569,42486,42486
14570,42486,42486
14571,42486,42486
14572,42486,42486
14573,42486,42486
14574,42486,42486
14575,42486,42486
14576,42486,42486
14577,42486,42486
14578,42486,42486
14579,42486,42486
14580,42486,42486
14581,42486,42486
14582,42486,42486
14583,42486,42486
14584,42486,42486
14585,42486,42486
14586,42486,42486
14587,42486,42486
14588,42486,42486
14589,42486,42486
14590,42486,42486
14591,42486,42486
14592,42486,42486
14593,42486,42486
14594,42486,42486
14595,42486,42486
14596,42486,42486
14597,42486,42486
14598,42486,42486
14599,42486,42486
14600,42486,42486
14601,42486,42486
14602,42486,42486
14603,42486,42486
14604,42486,42486
14605,42486,42486
14606,42486,42486
14607,42486,42486
14608,42486,42486
14609,42486,42486
14610,42486,42486
14611,42486,42486
14612,42486,42486
14613,42486,42486
14614,42486,42486
14615,42486,42486
14616,42486,42486
14617,42486,42486
14618,42486,42486
14619,42486,42486
14620,42486,42486
14621,42486,42486
14622,42486,42486
14623,42486,42486
14624,42486,42486
14625,42486,42486
14626,42486,42486
14627,42486,42486
14628,42486,42486
14629,42486,42486
14630,42486,42486
14631,42486,42486
14632,42486,42486
14633,42486,42486
14634,42486,42486
14635,42486,42486
14636,42486,42486
14637,42486,42486
14638,42486,42486
14639,42486,42486
14640,42486,42486
14641,42486,42486
14642,42486,42486
14643,42486,42486
14644,42486,42486
14645,42486,42486
14646,42486,42486
14647,42486,42486
14648,42486,42486
14649,42486,42486
14650,42486,42486
14651,42486,42486
14652,42486,42486
14653,42486,42486
14654,42486,42486
14655,42486,42486
14656,42486,42486
14657,42486,42486
14658,42486,42486
14659,42486,42486
14660,42486,42486
14661,42486,42486
14662,42486,42486
14663,42486,42486
14664,42486,42486
14665,42486,42486
14666,42486,42486
14667,42486,42486
14668,42486,42486
14669,42486,42486
14670,42486,42486
14671,42486,42486
14672,42486,42486
14673,42486,42486
14674,42486,42486
14675,42486,42486
14676,42486,42486
14677,42486,42486
14678,42486,42486
14679,42486,42486
14680,42486,42486
14681,42486,42486
14682,42486,42486
14683,42486,42486
14684,42486,42486
14685,42486,42486
14686,42486,42486
14687,42486,42486
14688,42486,42486
14689,42486,42486
14690,42486,42486
14691,42486,42486
14692,42486,42486
14693,42486,42486
14694,42486,42486
14695,42486,42486
14696,42486,42486
14697,42487,42487
14698,42487,42487
14699,42487,42487
14700,42487,42487
14701,42487,42487
14702,42487,42487
14703,42487,42487
14704,42487,42487
14705,42487,42487
14706,42487,42487
14707,42487,42487
14708,42487,42487
14709,42487,42487
14710,42487,42487
14711,42487,42487
14712,42487,42487
14713,42487,42487
14714,42487,42487
14715,42487,42487
14716,42487,42487
14717,42487,42487
14718,42487,42487
14719,42487,42487
14720,42487,42487
14721,42487,42487
14722,42487,42487
14723,42487,42487
14724,42487,42487
14725,42487,42487
14726,42487,42487
14727,42487,42487
14728,42487,42487
14729,42487,42487
14730,42487,42487
14731,42487,42487
14732,42487,42487
14733,42487,42487
14734,42487,42487
14735,42487,42487
14736,42487,42487
14737,42487,42487
14738,42487,42487
14739,42487,42487
14740,42487,42487
14741,42487,42487
14742,42487,42487
14743,42487,42487
14744,42487,42487
14745,42487,42487
14746,42487,42487
14747,42487,42487
14748,42487,42487
14749,42487,42487
14750,42487,42487
14751,42487,42487
14752,42487,42487
14753,42487,42487
14754,42487,42487
14755,42487,42487
14756,42487,42487
14757,42487,42487
14758,42487,42487
14759,42487,42487
14760,42487,42487
14761,42487,42487
14762,42487,42487
14763,42487,42487
14764,42487,42487
14765,42487,42487
14766,42487,42487
14767,42487,42487
14768,42487,42487
14769,42487,42487
14770,42487,42487
14771,42487,42487
14772,42487,42487
14773,42487,42487
14774,42487,42487
14775,42487,42487
14776,42487,42487
14777,42487,42487
14778,42487,42487
14779,42487,42487
14780,42487,42487
14781,42487,42487
14782,42487,42487
14783,42487,42487
14784,42487,42487
14785,42487,42487
14786,42487,42487
14787,42487,42487
14788,42487,42487
14789,42487,42487
14790,42487,42487
14791,42487,42487
14792,42487,42487
14793,42487,42487
14794,42487,42487
14795,42487,42487
14796,42487,42487
14797,42487,42487
14798,42487,42487
14799,42487,42487
14800,42487,42487
14801,42487,42487
14802,42487,42487
14803,42487,42487
14804,42487,42487
14805,42487,42487
14806,42487,42487
14807,42487,42487
14808,42487,42487
14809,42487,42487
14810,42487,42487
14811,42487,42487
14812,42487,42487
14813,42487,42487
14814,42487,42487
14815,42487,42487
14816,42487,42487
14817,42487,42487
14818,42487,42487
14819,42487,42487
14820,42487,42487
14821,42487,42487
14822,42487,42487
14823,42487,42487
14824,42487,42487
14825,42487,42487
14826,42487,42487
14827,42487,42487
14828,42487,42487
14829,42487,42487
14830,42487,42487
14831,42487,42487
14832,42487,42487
14833,42487,42487
14834,42487,42487
14835,42487,42487
14836,42487,42487
14837,42487,42487
14838,42487,42487
14839,42487,42487
14840,42487,42487
14841,42487,42487
14842,42487,42487
14843,42487,42487
14844,42487,42487
14845,42487,42487
14846,42487,42487
14847,42487,42487
14848,42487,42487
14849,42487,42487
14850,42487,42487
14851,42487,42487
14852,42487,42487
14853,42487,42487
14854,42487,42487
14855,42487,42487
14856,42487,42487
14857,42487,42487
14858,42487,42487
14859,42487,42487
14860,42487,42487
14861,42487,42487
14862,42487,42487
14863,42487,42487
14864,42487,42487
14865,42487,42487
14866,42487,42487
14867,42487,42487
14868,42487,42487
14869,42487,42487
14870,42487,42487
14871,42487,42487
14872,42487,42487
14873,42487,42487
14874,42487,42487
14875,42487,42487
14876,42487,42487
14877,42487,42487
14878,42487,42487
14879,42487,42487
14880,42487,42487
14881,42487,42487
14882,42487,42487
14883,42487,42487
14884,42487,42487
14885,42487,42487
14886,42487,42487
14887,42487,42487
14888,42487,42487
14889,42487,42487
14890,42487,42487
14891,42487,42487
14892,42487,42487
14893,42487,42487
14894,42487,42487
14895,42487,42487
14896,42487,42487
14897,42487,42487
14898,42487,42487
14899,42487,42487
14900,42487,42487
14901,42487,42487
14902,42487,42487
14903,42487,42487
14904,42488,42488
14905,42488,42488
14906,42488,42488
14907,42488,42488
14908,42488,42488
14909,42488,42488
14910,42488,42488
14911,42488,42488
14912,42488,42488
14913,42488,42488
14914,42488,42488
14915,42488,42488
14916,42488,42488
14917,42488,42488
14918,42488,42488
14919,42488,42488
14920,42488,42488
14921,42488,42488
14922,42488,42488
14923,42488,42488
14924,42488,42488
14925,42488,42488
14926,42488,42488
14927,42488,42488
14928,42488,42488
14929,42488,42488
14930,42488,42488
14931,42488,42488
14932,42488,42488
14933,42488,42488
14934,42488,42488
14935,42488,42488
14936,42488,42488
14937,42488,42488
14938,42488,42488
14939,42488,42488
14940,42488,42488
14941,42488,42488
14942,42488,42488
14943,42488,42488
14944,42488,42488
14945,42488,42488
14946,42488,42488
14947,42488,42488
14948,42488,42488
14949,42488,42488
14950,42488,42488
14951,42488,42488
14952,42488,42488
14953,42488,42488
14954,42488,42488
14955,42488,42488
14956,42488,42488
14957,42488,42488
14958,42488,42488
14959,42488,42488
14960,42488,42488
14961,42488,42488
14962,42488,42488
14963,42488,42488
14964,42488,42488
14965,42488,42488
14966,42488,42488
14967,42488,42488
14968,42488,42488
14969,42488,42488
14970,42488,42488
14971,42488,42488
14972,42488,42488
14973,42488,42488
14974,42488,42488
14975,42488,42488
14976,42488,42488
14977,42488,42488
14978,42488,42488
14979,42488,42488
14980,42488,42488
14981,42488,42488
14982,42488,42488
14983,42488,42488
14984,42488,42488
14985,42488,42488
14986,42488,42488
14987,42488,42488
14988,42488,42488
14989,42488,42488
14990,42488,42488
14991,42488,42488
14992,42488,42488
14993,42488,42488
14994,42488,42488
14995,42488,42488
14996,42488,42488
14997,42488,42488
14998,42488,42488
14999,42488,42488
15000,42488,42488
15001,42488,42488
15002,42488,42488
15003,42488,42488
15004,42488,42488
15005,42488,42488
15006,42488,42488
15007,42488,42488
15008,42488,42488
15009,42488,42488
15010,42488,42488
15011,42488,42488
15012,42488,42488
15013,42488,42488
15014,42488,42488
15015,42488,42488
15016,42488,42488
15017,42488,42488
15018,42488,42488
15019,42488,42488
15020,42488,42488
15021,42488,42488
15022,42488,42488
15023,42488,42488
15024,42488,42488
15025,42488,42488
15026,42488,42488
15027,42488,42488
15028,42488,42488
15029,42488,42488
15030,42488,42488
15031,42488,42488
15032,42488,42488
15033,42488,42488
15034,42488,42488
15035,42488,42488
15036,42488,42488
15037,42488,42488
15038,42488,42488
15039,42488,42488
15040,42488,42488
15041,42488,42488
15042,42488,42488
15043,42488,42488
15044,42488,42488
15045,42488,42488
15046,42488,42488
15047,42488,42488
15048,42488,42488
15049,42488,42488
15050,42488,42488
15051,42488,42488
15052,42488,42488
15053,42488,42488
15054,42488,42488
15055,42488,42488
15056,42488,42488
15057,42488,42488
15058,42488,42488
15059,42488,42488
15060,42488,42488
15061,42488,42488
15062,42488,42488
15063,42488,42488
15064,42488,42488
15065,42488,42488
15066,42488,42488
15067,42488,42488
15068,42488,42488
15069,42488,42488
15070,42488,42488
15071,42488,42488
15072,42488,42488
15073,42488,42488
15074,42488,42488
15075,42488,42488
15076,42488,42488
15077,42488,42488
15078,42488,42488
15079,42488,42488
15080,42488,42488
15081,42488,42488
15082,42488,42488
15083,42488,42488
15084,42488,42488
15085,42488,42488
15086,42488,42488
15087,42488,42488
15088,42488,42488
15089,42488,42488
15090,42488,42488
15091,42488,42488
15092,42488,42488
15093,42488,42488
15094,42488,42488
15095,42488,42488
15096,42488,42488
15097,42488,42488
15098,42488,42488
15099,42488,42488
15100,42488,42488
15101,42488,42488
15102,42488,42488
15103,42488,42488
15104,42488,42488
15105,42488,42488
15106,42488,42488
15107,42488,42488
15108,42488,42488
15109,42488,42488
15110,42488,42488
15111,42489,42489
15112,42489,42489
15113,42489,42489
15114,42489,42489
15115,42489,42489
15116,42489,42489
15117,42489,42489
15118,42489,42489
15119,42489,42489
15120,42489,42489
15121,42489,42489
15122,42489,42489
15123,42489,42489
15124,42489,42489
15125,42489,42489
15126,42489,42489
15127,42489,42489
15128,42489,42489
15129,42489,42489
15130,42489,42489
15131,42489,42489
15132,42489,42489
15133,42489,42489
15134,42489,42489
15135,42489,42489
15136,42489,42489
15137,42489,42489
15138,42489,42489
15139,42489,42489
15140,42489,42489
15141,42489,42489
15142,42489,42489
15143,42489,42489
15144,42489,42489
15145,42489,42489
15146,42489,42489
15147,42489,42489
15148,42489,42489
15149,42489,42489
15150,42489,42489
15151,42489,42489
15152,42489,42489
15153,42489,42489
15154,42489,42489
15155,42489,42489
15156,42489,42489
15157,42489,42489
15158,42489,42489
15159,42489,42489
15160,42489,42489
15161,42489,42489
15162,42489,42489
15163,42489,42489
15164,42489,42489
15165,42489,42489
15166,42489,42489
15167,42489,42489
15168,42489,42489
15169,42489,42489
15170,42489,42489
15171,42489,42489
15172,42489,42489
15173,42489,42489
15174,42489,42489
15175,42489,42489
15176,42489,42489
15177,42489,42489
15178,42489,42489
15179,42489,42489
15180,42489,42489
15181,42489,42489
15182,42489,42489
15183,42489,42489
15184,42489,42489
15185,42489,42489
15186,42489,42489
15187,42489,42489
15188,42489,42489
15189,42489,42489
15190,42489,42489
15191,42489,42489
15192,42489,42489
15193,42489,42489
15194,42489,42489
15195,42489,42489
15196,42489,42489
15197,42489,42489
15198,42489,42489
15199,42489,42489
15200,42489,42489
15201,42489,42489
15202,42489,42489
15203,42489,42489
15204,42489,42489
15205,42489,42489
15206,42489,42489
15207,42489,42489
15208,42489,42489
15209,42489,42489
15210,42489,42489
15211,42489,42489
15212,42489,42489
15213,42489,42489
15214,42489,42489
15215,42489,42489
15216,42489,42489
15217,42489,42489
15218,42489,42489
15219,42489,42489
15220,42489,42489
15221,42489,42489
15222,42489,42489
15223,42489,42489
15224,42489,42489
15225,42489,42489
15226,42489,42489
15227,42489,42489
15228,42489,42489
15229,42489,42489
15230,42489,42489
15231,42489,42489
15232,42489,42489
15233,42489,42489
15234,42489,42489
15235,42489,42489
15236,42489,42489
15237,42489,42489
15238,42489,42489
15239,42489,42489
15240,42489,42489
15241,42489,42489
15242,42489,42489
15243,42489,42489
15244,42489,42489
15245,42489,42489
15246,42489,42489
15247,42489,42489
15248,42489,42489
15249,42489,42489
15250,42489,42489
15251,42489,42489
15252,42489,42489
15253,42489,42489
15254,42489,42489
15255,42489,42489
15256,42489,42489
15257,42489,42489
15258,42489,42489
15259,42489,42489
15260,42489,42489
15261,42489,42489
15262,42489,42489
15263,42489,42489
15264,42489,42489
15265,42489,42489
15266,42489,42489
15267,42489,42489
15268,42489,42489
15269,42489,42489
15270,42489,42489
15271,42489,42489
15272,42489,42489
15273,42489,42489
15274,42489,42489
15275,42489,42489
15276,42489,42489
15277,42489,42489
15278,42489,42489
15279,42489,42489
15280,42489,42489
15281,42489,42489
15282,42489,42489
15283,42489,42489
15284,42489,42489
15285,42489,42489
15286,42489,42489
15287,42489,42489
15288,42489,42489
15289,42489,42489
15290,42489,42489
15291,42489,42489
15292,42489,42489
15293,42489,42489
15294,42489,42489
15295,42489,42489
15296,42489,42489
15297,42489,42489
15298,42489,42489
15299,42489,42489
15300,42489,42489
15301,42489,42489
15302,42489,42489
15303,42489,42489
15304,42489,42489
15305,42489,42489
15306,42489,42489
15307,42489,42489
15308,42489,42489
15309,42489,42489
15310,42489,42489
15311,42489,42489
15312,42489,42489
15313,42489,42489
15314,42489,42489
15315,42489,42489
15316,42489,42489
15317,42489,42489
15318,42490,42490
15319,42490,42490
15320,42490,42490
15321,42490,42490
15322,42490,42490
15323,42490,42490
15324,42490,42490
15325,42490,42490
15326,42490,42490
15327,42490,42490
15328,42490,42490
15329,42490,42490
15330,42490,42490
15331,42490,42490
15332,42490,42490
15333,42490,42490
15334,42490,42490
15335,42490,42490
15336,42490,42490
15337,42490,42490
15338,42490,42490
15339,42490,42490
15340,42490,42490
15341,42490,42490
15342,42490,42490
15343,42490,42490
15344,42490,42490
15345,42490,42490
15346,42490,42490
15347,42490,42490
15348,42490,42490
15349,42490,42490
15350,42490,42490
15351,42490,42490
15352,42490,42490
15353,42490,42490
15354,42490,42490
15355,42490,42490
15356,42490,42490
15357,42490,42490
15358,42490,42490
15359,42490,42490
15360,42490,42490
15361,42490,42490
15362,42490,42490
15363,42490,42490
15364,42490,42490
15365,42490,42490
15366,42490,42490
15367,42490,42490
15368,42490,42490
15369,42490,42490
15370,42490,42490
15371,42490,42490
15372,42490,42490
15373,42490,42490
15374,42490,42490
15375,42490,42490
15376,42490,42490
15377,42490,42490
15378,42490,42490
15379,42490,42490
15380,42490,42490
15381,42490,42490
15382,42490,42490
15383,42490,42490
15384,42490,42490
15385,42490,42490
15386,42490,42490
15387,42490,42490
15388,42490,42490
15389,42490,42490
15390,42490,42490
15391,42490,42490
15392,42490,42490
15393,42490,42490
15394,42490,42490
15395,42490,42490
15396,42490,42490
15397,42490,42490
15398,42490,42490
15399,42490,42490
15400,42490,42490
15401,42490,42490
15402,42490,42490
15403,42490,42490
15404,42490,42490
15405,42490,42490
15406,42490,42490
15407,42490,42490
15408,42490,42490
15409,42490,42490
15410,42490,42490
15411,42490,42490
15412,42490,42490
15413,42490,42490
15414,42490,42490
15415,42490,42490
15416,42490,42490
15417,42490,42490
15418,42490,42490
15419,42490,42490
15420,42490,42490
15421,42490,42490
15422,42490,42490
15423,42490,42490
15424,42490,42490
15425,42490,42490
15426,42490,42490
15427,42490,42490
15428,42490,42490
15429,42490,42490
15430,42490,42490
15431,42490,42490
15432,42490,42490
15433,42490,42490
15434,42490,42490
15435,42490,42490
15436,42490,42490
15437,42490,42490
15438,42490,42490
15439,42490,42490
15440,42490,42490
15441,42490,42490
15442,42490,42490
15443,42490,42490
15444,42490,42490
15445,42490,42490
15446,42490,42490
15447,42490,42490
15448,42490,42490
15449,42490,42490
15450,42490,42490
15451,42490,42490
15452,42490,42490
15453,42490,42490
15454,42490,42490
15455,42490,42490
15456,42490,42490
15457,42490,42490
15458,42490,42490
15459,42490,42490
15460,42490,42490
15461,42490,42490
15462,42490,42490
15463,42490,42490
15464,42490,42490
15465,42490,42490
15466,42490,42490
15467,42490,42490
15468,42490,42490
15469,42490,42490
15470,42490,42490
15471,42490,42490
15472,42490,42490
15473,42490,42490
15474,42490,42490
15475,42490,42490
15476,42490,42490
15477,42490,42490
15478,42490,42490
15479,42490,42490
15480,42490,42490
15481,42490,42490
15482,42490,42490
15483,42490,42490
15484,42490,42490
15485,42490,42490
15486,42490,42490
15487,42490,42490
15488,42490,42490
15489,42490,42490
15490,42490,42490
15491,42490,42490
15492,42490,42490
15493,42490,42490
15494,42490,42490
15495,42490,42490
15496,42490,42490
15497,42490,42490
15498,42490,42490
15499,42490,42490
15500,42490,42490
15501,42490,42490
15502,42490,42490
15503,42490,42490
15504,42490,42490
15505,42490,42490
15506,42490,42490
15507,42490,42490
15508,42490,42490
15509,42490,42490
15510,42490,42490
15511,42490,42490
15512,42490,42490
15513,42490,42490
15514,42490,42490
15515,42490,42490
15516,42490,42490
15517,42490,42490
15518,42490,42490
15519,42490,42490
15520,42490,42490
15521,42490,42490
15522,42490,42490
15523,42490,42490
15524,42490,42490
15525,42491,42491
15526,42491,42491
15527,42491,42491
15528,42491,42491
15529,42491,42491
15530,42491,42491
15531,42491,42491
15532,42491,42491
15533,42491,42491
15534,42491,42491
15535,42491,42491
15536,42491,42491
15537,42491,42491
15538,42491,42491
15539,42491,42491
15540,42491,42491
15541,42491,42491
15542,42491,42491
15543,42491,42491
15544,42491,42491
15545,42491,42491
15546,42491,42491
15547,42491,42491
15548,42491,42491
15549,42491,42491
15550,42491,42491
15551,42491,42491
15552,42491,42491
15553,42491,42491
15554,42491,42491
15555,42491,42491
15556,42491,42491
15557,42491,42491
15558,42491,42491
15559,42491,42491
15560,42491,42491
15561,42491,42491
15562,42491,42491
15563,42491,42491
15564,42491,42491
15565,42491,42491
15566,42491,42491
15567,42491,42491
15568,42491,42491
15569,42491,42491
15570,42491,42491
15571,42491,42491
15572,42491,42491
15573,42491,42491
15574,42491,42491
15575,42491,42491
15576,42491,42491
15577,42491,42491
15578,42491,42491
15579,42491,42491
15580,42491,42491
15581,42491,42491
15582,42491,42491
15583,42491,42491
15584,42491,42491
15585,42491,42491
15586,42491,42491
15587,42491,42491
15588,42491,42491
15589,42491,42491
15590,42491,42491
15591,42491,42491
15592,42491,42491
15593,42491,42491
15594,42491,42491
15595,42491,42491
15596,42491,42491
15597,42491,42491
15598,42491,42491
15599,42491,42491
15600,42491,42491
15601,42491,42491
15602,42491,42491
15603,42491,42491
15604,42491,42491
15605,42491,42491
15606,42491,42491
15607,42491,42491
15608,42491,42491
15609,42491,42491
15610,42491,42491
15611,42491,42491
15612,42491,42491
15613,42491,42491
15614,42491,42491
15615,42491,42491
15616,42491,42491
15617,42491,42491
15618,42491,42491
15619,42491,42491
15620,42491,42491
15621,42491,42491
15622,42491,42491
15623,42491,42491
15624,42491,42491
15625,42491,42491
15626,42491,42491
15627,42491,42491
15628,42491,42491
15629,42491,42491
15630,42491,42491
15631,42491,42491
15632,42491,42491
15633,42491,42491
15634,42491,42491
15635,42491,42491
15636,42491,42491
15637,42491,42491
15638,42491,42491
15639,42491,42491
15640,42491,42491
15641,42491,42491
15642,42491,42491
15643,42491,42491
15644,42491,42491
15645,42491,42491
15646,42491,42491
15647,42491,42491
15648,42491,42491
15649,42491,42491
15650,42491,42491
15651,42491,42491
15652,42491,42491
15653,42491,42491
15654,42491,42491
15655,42491,42491
15656,42491,42491
15657,42491,42491
15658,42491,42491
15659,42491,42491
15660,42491,42491
15661,42491,42491
15662,42491,42491
15663,42491,42491
15664,42491,42491
15665,42491,42491
15666,42491,42491
15667,42491,42491
15668,42491,42491
15669,42491,42491
15670,42491,42491
15671,42491,42491
15672,42491,42491
15673,42491,42491
15674,42491,42491
15675,42491,42491
15676,42491,42491
15677,42491,42491
15678,42491,42491
15679,42491,42491
15680,42491,42491
15681,42491,42491
15682,42491,42491
15683,42491,42491
15684,42491,42491
15685,42491,42491
15686,42491,42491
15687,42491,42491
15688,42491,42491
15689,42491,42491
15690,42491,42491
15691,42491,42491
15692,42491,42491
15693,42491,42491
15694,42491,42491
15695,42491,42491
15696,42491,42491
15697,42491,42491
15698,42491,42491
15699,42491,42491
15700,42491,42491
15701,42491,42491
15702,42491,42491
15703,42491,42491
15704,42491,42491
15705,42491,42491
15706,42491,42491
15707,42491,42491
15708,42491,42491
15709,42491,42491
15710,42491,42491
15711,42491,42491
15712,42491,42491
15713,42491,42491
15714,42491,42491
15715,42491,42491
15716,42491,42491
15717,42491,42491
15718,42491,42491
15719,42491,42491
15720,42491,42491
15721,42491,42491
15722,42491,42491
15723,42491,42491
15724,42491,42491
15725,42491,42491
15726,42491,42491
15727,42491,42491
15728,42491,42491
15729,42491,42491
15730,42491,42491
15731,42491,42491
15732,42492,42492
15733,42492,42492
15734,42492,42492
15735,42492,42492
15736,42492,42492
15737,42492,42492
15738,42492,42492
15739,42492,42492
15740,42492,42492
15741,42492,42492
15742,42492,42492
15743,42492,42492
15744,42492,42492
15745,42492,42492
15746,42492,42492
15747,42492,42492
15748,42492,42492
15749,42492,42492
15750,42492,42492
15751,42492,42492
15752,42492,42492
15753,42492,42492
15754,42492,42492
15755,42492,42492
15756,42492,42492
15757,42492,42492
15758,42492,42492
15759,42492,42492
15760,42492,42492
15761,42492,42492
15762,42492,42492
15763,42492,42492
15764,42492,42492
15765,42492,42492
15766,42492,42492
15767,42492,42492
15768,42492,42492
15769,42492,42492
15770,42492,42492
15771,42492,42492
15772,42492,42492
15773,42492,42492
15774,42492,42492
15775,42492,42492
15776,42492,42492
15777,42492,42492
15778,42492,42492
15779,42492,42492
15780,42492,42492
15781,42492,42492
15782,42492,42492
15783,42492,42492
15784,42492,42492
15785,42492,42492
15786,42492,42492
15787,42492,42492
15788,42492,42492
15789,42492,42492
15790,42492,42492
15791,42492,42492
15792,42492,42492
15793,42492,42492
15794,42492,42492
15795,42492,42492
15796,42492,42492
15797,42492,42492
15798,42492,42492
15799,42492,42492
15800,42492,42492
15801,42492,42492
15802,42492,42492
15803,42492,42492
15804,42492,42492
15805,42492,42492
15806,42492,42492
15807,42492,42492
15808,42492,42492
15809,42492,42492
15810,42492,42492
15811,42492,42492
15812,42492,42492
15813,42492,42492
15814,42492,42492
15815,42492,42492
15816,42492,42492
15817,42492,42492
15818,42492,42492
15819,42492,42492
15820,42492,42492
15821,42492,42492
15822,42492,42492
15823,42492,42492
15824,42492,42492
15825,42492,42492
15826,42492,42492
15827,42492,42492
15828,42492,42492
15829,42492,42492
15830,42492,42492
15831,42492,42492
15832,42492,42492
15833,42492,42492
15834,42492,42492
15835,42492,42492
15836,42492,42492
15837,42492,42492
15838,42492,42492
15839,42492,42492
15840,42492,42492
15841,42492,42492
15842,42492,42492
15843,42492,42492
15844,42492,42492
15845,42492,42492
15846,42492,42492
15847,42492,42492
15848,42492,42492
15849,42492,42492
15850,42492,42492
15851,42492,42492
15852,42492,42492
15853,42492,42492
15854,42492,42492
15855,42492,42492
15856,42492,42492
15857,42492,42492
15858,42492,42492
15859,42492,42492
15860,42492,42492
15861,42492,42492
15862,42492,42492
15863,42492,42492
15864,42492,42492
15865,42492,42492
15866,42492,42492
15867,42492,42492
15868,42492,42492
15869,42492,42492
15870,42492,42492
15871,42492,42492
15872,42492,42492
15873,42492,42492
15874,42492,42492
15875,42492,42492
15876,42492,42492
15877,42492,42492
15878,42492,42492
15879,42492,42492
15880,42492,42492
15881,42492,42492
15882,42492,42492
15883,42492,42492
15884,42492,42492
15885,42492,42492
15886,42492,42492
15887,42492,42492
15888,42492,42492
15889,42492,42492
15890,42492,42492
15891,42492,42492
15892,42492,42492
15893,42492,42492
15894,42492,42492
15895,42492,42492
15896,42492,42492
15897,42492,42492
15898,42492,42492
15899,42492,42492
15900,42492,42492
15901,42492,42492
15902,42492,42492
15903,42492,42492
15904,42492,42492
15905,42492,42492
15906,42492,42492
15907,42492,42492
15908,42492,42492
15909,42492,42492
15910,42492,42492
15911,42492,42492
15912,42492,42492
15913,42492,42492
15914,42492,42492
15915,42492,42492
15916,42492,42492
15917,42492,42492
15918,42492,42492
15919,42492,42492
15920,42492,42492
15921,42492,42492
15922,42492,42492
15923,42492,42492
15924,42492,42492
15925,42492,42492
15926,42492,42492
15927,42492,42492
15928,42492,42492
15929,42492,42492
15930,42492,42492
15931,42492,42492
15932,42492,42492
15933,42492,42492
15934,42492,42492
15935,42492,42492
15936,42492,42492
15937,42492,42492
15938,42492,42492
15939,42493,42493
15940,42493,42493
15941,42493,42493
15942,42493,42493
15943,42493,42493
15944,42493,42493
15945,42493,42493
15946,42493,42493
15947,42493,42493
15948,42493,42493
15949,42493,42493
15950,42493,42493
15951,42493,42493
15952,42493,42493
15953,42493,42493
15954,42493,42493
15955,42493,42493
15956,42493,42493
15957,42493,42493
15958,42493,42493
15959,42493,42493
15960,42493,42493
15961,42493,42493
15962,42493,42493
15963,42493,42493
15964,42493,42493
15965,42493,42493
15966,42493,42493
15967,42493,42493
15968,42493,42493
15969,42493,42493
15970,42493,42493
15971,42493,42493
15972,42493,42493
15973,42493,42493
15974,42493,42493
15975,42493,42493
15976,42493,42493
15977,42493,42493
15978,42493,42493
15979,42493,42493
15980,42493,42493
15981,42493,42493
15982,42493,42493
15983,42493,42493
15984,42493,42493
15985,42493,42493
15986,42493,42493
15987,42493,42493
15988,42493,42493
15989,42493,42493
15990,42493,42493
15991,42493,42493
15992,42493,42493
15993,42493,42493
15994,42493,42493
15995,42493,42493
15996,42493,42493
15997,42493,42493
15998,42493,42493
15999,42493,42493
16000,42493,42493
16001,42493,42493
16002,42493,42493
16003,42493,42493
16004,42493,42493
16005,42493,42493
16006,42493,42493
16007,42493,42493
16008,42493,42493
16009,42493,42493
16010,42493,42493
16011,42493,42493
16012,42493,42493
16013,42493,42493
16014,42493,42493
16015,42493,42493
16016,42493,42493
16017,42493,42493
16018,42493,42493
16019,42493,42493
16020,42493,42493
16021,42493,42493
16022,42493,42493
16023,42493,42493
16024,42493,42493
16025,42493,42493
16026,42493,42493
16027,42493,42493
16028,42493,42493
16029,42493,42493
16030,42493,42493
16031,42493,42493
16032,42493,42493
16033,42493,42493
16034,42493,42493
16035,42493,42493
16036,42493,42493
16037,42493,42493
16038,42493,42493
16039,42493,42493
16040,42493,42493
16041,42493,42493
16042,42493,42493
16043,42493,42493
16044,42493,42493
16045,42493,42493
16046,42493,42493
16047,42493,42493
16048,42493,42493
16049,42493,42493
16050,42493,42493
16051,42493,42493
16052,42493,42493
16053,42493,42493
16054,42493,42493
16055,42493,42493
16056,42493,42493
16057,42493,42493
16058,42493,42493
16059,42493,42493
16060,42493,42493
16061,42493,42493
16062,42493,42493
16063,42493,42493
16064,42493,42493
16065,42493,42493
16066,42493,42493
16067,42493,42493
16068,42493,42493
16069,42493,42493
16070,42493,42493
16071,42493,42493
16072,42493,42493
16073,42493,42493
16074,42493,42493
16075,42493,42493
16076,42493,42493
16077,42493,42493
16078,42493,42493
16079,42493,42493
16080,42493,42493
16081,42493,42493
16082,42493,42493
16083,42493,42493
16084,42493,42493
16085,42493,42493
16086,42493,42493
16087,42493,42493
16088,42493,42493
16089,42493,42493
16090,42493,42493
16091,42493,42493
16092,42493,42493
16093,42493,42493
16094,42493,42493
16095,42493,42493
16096,42493,42493
16097,42493,42493
16098,42493,42493
16099,42493,42493
16100,42493,42493
16101,42493,42493
16102,42493,42493
16103,42493,42493
16104,42493,42493
16105,42493,42493
16106,42493,42493
16107,42493,42493
16108,42493,42493
16109,42493,42493
16110,42493,42493
16111,42493,42493
16112,42493,42493
16113,42493,42493
16114,42493,42493
16115,42493,42493
16116,42493,42493
16117,42493,42493
16118,42493,42493
16119,42493,42493
16120,42493,42493
16121,42493,42493
16122,42493,42493
16123,42493,42493
16124,42493,42493
16125,42493,42493
16126,42493,42493
16127,42493,42493
16128,42493,42493
16129,42493,42493
16130,42493,42493
16131,42493,42493
16132,42493,42493
16133,42493,42493
16134,42493,42493
16135,42493,42493
16136,42493,42493
16137,42493,42493
16138,42493,42493
16139,42493,42493
16140,42493,42493
16141,42493,42493
16142,42493,42493
16143,42493,42493
16144,42493,42493
16145,42493,42493
16146,42494,42494
16147,42494,42494
16148,42494,42494
16149,42494,42494
16150,42494,42494
16151,42494,42494
16152,42494,42494
16153,42494,42494
16154,42494,42494
16155,42494,42494
16156,42494,42494
16157,42494,42494
16158,42494,42494
16159,42494,42494
16160,42494,42494
16161,42494,42494
16162,42494,42494
16163,42494,42494
16164,42494,42494
16165,42494,42494
16166,42494,42494
16167,42494,42494
16168,42494,42494
16169,42494,42494
16170,42494,42494
16171,42494,42494
16172,42494,42494
16173,42494,42494
16174,42494,42494
16175,42494,42494
16176,42494,42494
16177,42494,42494
16178,42494,42494
16179,42494,42494
16180,42494,42494
16181,42494,42494
16182,42494,42494
16183,42494,42494
16184,42494,42494
16185,42494,42494
16186,42494,42494
16187,42494,42494
16188,42494,42494
16189,42494,42494
16190,42494,42494
16191,42494,42494
16192,42494,42494
16193,42494,42494
16194,42494,42494
16195,42494,42494
16196,42494,42494
16197,42494,42494
16198,42494,42494
16199,42494,42494
16200,42494,42494
16201,42494,42494
16202,42494,42494
16203,42494,42494
16204,42494,42494
16205,42494,42494
16206,42494,42494
16207,42494,42494
16208,42494,42494
16209,42494,42494
16210,42494,42494
16211,42494,42494
16212,42494,42494
16213,42494,42494
16214,42494,42494
16215,42494,42494
16216,42494,42494
16217,42494,42494
16218,42494,42494
16219,42494,42494
16220,42494,42494
16221,42494,42494
16222,42494,42494
16223,42494,42494
16224,42494,42494
16225,42494,42494
16226,42494,42494
16227,42494,42494
16228,42494,42494
16229,42494,42494
16230,42494,42494
16231,42494,42494
16232,42494,42494
16233,42494,42494
16234,42494,42494
16235,42494,42494
16236,42494,42494
16237,42494,42494
16238,42494,42494
16239,42494,42494
16240,42494,42494
16241,42494,42494
16242,42494,42494
16243,42494,42494
16244,42494,42494
16245,42494,42494
16246,42494,42494
16247,42494,42494
16248,42494,42494
16249,42494,42494
16250,42494,42494
16251,42494,42494
16252,42494,42494
16253,42494,42494
16254,42494,42494
16255,42494,42494
16256,42494,42494
16257,42494,42494
16258,42494,42494
16259,42494,42494
16260,42494,42494
16261,42494,42494
16262,42494,42494
16263,42494,42494
16264,42494,42494
16265,42494,42494
16266,42494,42494
16267,42494,42494
16268,42494,42494
16269,42494,42494
16270,42494,42494
16271,42494,42494
16272,42494,42494
16273,42494,42494
16274,42494,42494
16275,42494,42494
16276,42494,42494
16277,42494,42494
16278,42494,42494
16279,42494,42494
16280,42494,42494
16281,42494,42494
16282,42494,42494
16283,42494,42494
16284,42494,42494
16285,42494,42494
16286,42494,42494
16287,42494,42494
16288,42494,42494
16289,42494,42494
16290,42494,42494
16291,42494,42494
16292,42494,42494
16293,42494,42494
16294,42494,42494
16295,42494,42494
16296,42494,42494
16297,42494,42494
16298,42494,42494
16299,42494,42494
16300,42494,42494
16301,42494,42494
16302,42494,42494
16303,42494,42494
16304,42494,42494
16305,42494,42494
16306,42494,42494
16307,42494,42494
16308,42494,42494
16309,42494,42494
16310,42494,42494
16311,42494,42494
16312,42494,42494
16313,42494,42494
16314,42494,42494
16315,42494,42494
16316,42494,42494
16317,42494,42494
16318,42494,42494
16319,42494,42494
16320,42494,42494
16321,42494,42494
16322,42494,42494
16323,42494,42494
16324,42494,42494
16325,42494,42494
16326,42494,42494
16327,42494,42494
16328,42494,42494
16329,42494,42494
16330,42494,42494
16331,42494,42494
16332,42494,42494
16333,42494,42494
16334,42494,42494
16335,42494,42494
16336,42494,42494
16337,42494,42494
16338,42494,42494
16339,42494,42494
16340,42494,42494
16341,42494,42494
16342,42494,42494
16343,42494,42494
16344,42494,42494
16345,42494,42494
16346,42494,42494
16347,42494,42494
16348,42494,42494
16349,42494,42494
16350,42494,42494
16351,42494,42494
16352,42494,42494
16353,42495,42495
16354,42495,42495
16355,42495,42495
16356,42495,42495
16357,42495,42495
16358,42495,42495
16359,42495,42495
16360,42495,42495
16361,42495,42495
16362,42495,42495
16363,42495,42495
16364,42495,42495
16365,42495,42495
16366,42495,42495
16367,42495,42495
16368,42495,42495
16369,42495,42495
16370,42495,42495
16371,42495,42495
16372,42495,42495
16373,42495,42495
16374,42495,42495
16375,42495,42495
16376,42495,42495
16377,42495,42495
16378,42495,42495
16379,42495,42495
16380,42495,42495
16381,42495,42495
16382,42495,42495
16383,42495,42495
16384,42495,42495
16385,42495,42495
16386,42495,42495
16387,42495,42495
16388,42495,42495
16389,42495,42495
16390,42495,42495
16391,42495,42495
16392,42495,42495
16393,42495,42495
16394,42495,42495
16395,42495,42495
16396,42495,42495
16397,42495,42495
16398,42495,42495
16399,42495,42495
16400,42495,42495
16401,42495,42495
16402,42495,42495
16403,42495,42495
16404,42495,42495
16405,42495,42495
16406,42495,42495
16407,42495,42495
16408,42495,42495
16409,42495,42495
16410,42495,42495
16411,42495,42495
16412,42495,42495
16413,42495,42495
16414,42495,42495
16415,42495,42495
16416,42495,42495
16417,42495,42495
16418,42495,42495
16419,42495,42495
16420,42495,42495
16421,42495,42495
16422,42495,42495
16423,42495,42495
16424,42495,42495
16425,42495,42495
16426,42495,42495
16427,42495,42495
16428,42495,42495
16429,42495,42495
16430,42495,42495
16431,42495,42495
16432,42495,42495
16433,42495,42495
16434,42495,42495
16435,42495,42495
16436,42495,42495
16437,42495,42495
16438,42495,42495
16439,42495,42495
16440,42495,42495
16441,42495,42495
16442,42495,42495
16443,42495,42495
16444,42495,42495
16445,42495,42495
16446,42495,42495
16447,42495,42495
16448,42495,42495
16449,42495,42495
16450,42495,42495
16451,42495,42495
16452,42495,42495
16453,42495,42495
16454,42495,42495
16455,42495,42495
16456,42495,42495
16457,42495,42495
16458,42495,42495
16459,42495,42495
16460,42495,42495
16461,42495,42495
16462,42495,42495
16463,42495,42495
16464,42495,42495
16465,42495,42495
16466,42495,42495
16467,42495,42495
16468,42495,42495
16469,42495,42495
16470,42495,42495
16471,42495,42495
16472,42495,42495
16473,42495,42495
16474,42495,42495
16475,42495,42495
16476,42495,42495
16477,42495,42495
16478,42495,42495
16479,42495,42495
16480,42495,42495
16481,42495,42495
16482,42495,42495
16483,42495,42495
16484,42495,42495
16485,42495,42495
16486,42495,42495
16487,42495,42495
16488,42495,42495
16489,42495,42495
16490,42495,42495
16491,42495,42495
16492,42495,42495
16493,42495,42495
16494,42495,42495
16495,42495,42495
16496,42495,42495
16497,42495,42495
16498,42495,42495
16499,42495,42495
16500,42495,42495
16501,42495,42495
16502,42495,42495
16503,42495,42495
16504,42495,42495
16505,42495,42495
16506,42495,42495
16507,42495,42495
16508,42495,42495
16509,42495,42495
16510,42495,42495
16511,42495,42495
16512,42495,42495
16513,42495,42495
16514,42495,42495
16515,42495,42495
16516,42495,42495
16517,42495,42495
16518,42495,42495
16519,42495,42495
16520,42495,42495
16521,42495,42495
16522,42495,42495
16523,42495,42495
16524,42495,42495
16525,42495,42495
16526,42495,42495
16527,42495,42495
16528,42495,42495
16529,42495,42495
16530,42495,42495
16531,42495,42495
16532,42495,42495
16533,42495,42495
16534,42495,42495
16535,42495,42495
16536,42495,42495
16537,42495,42495
16538,42495,42495
16539,42495,42495
16540,42495,42495
16541,42495,42495
16542,42495,42495
16543,42495,42495
16544,42495,42495
16545,42495,42495
16546,42495,42495
16547,42495,42495
16548,42495,42495
16549,42495,42495
16550,42495,42495
16551,42495,42495
16552,42495,42495
16553,42495,42495
16554,42495,42495
16555,42495,42495
16556,42495,42495
16557,42495,42495
16558,42495,42495
16559,42495,42495
16560,42496,42496
16561,42496,42496
16562,42496,42496
16563,42496,42496
16564,42496,42496
16565,42496,42496
16566,42496,42496
16567,42496,42496
16568,42496,42496
16569,42496,42496
16570,42496,42496
16571,42496,42496
16572,42496,42496
16573,42496,42496
16574,42496,42496
16575,42496,42496
16576,42496,42496
16577,42496,42496
16578,42496,42496
16579,42496,42496
16580,42496,42496
16581,42496,42496
16582,42496,42496
16583,42496,42496
16584,42496,42496
16585,42496,42496
16586,42496,42496
16587,42496,42496
16588,42496,42496
16589,42496,42496
16590,42496,42496
16591,42496,42496
16592,42496,42496
16593,42496,42496
16594,42496,42496
16595,42496,42496
16596,42496,42496
16597,42496,42496
16598,42496,42496
16599,42496,42496
16600,42496,42496
16601,42496,42496
16602,42496,42496
16603,42496,42496
16604,42496,42496
16605,42496,42496
16606,42496,42496
16607,42496,42496
16608,42496,42496
16609,42496,42496
16610,42496,42496
16611,42496,42496
16612,42496,42496
16613,42496,42496
16614,42496,42496
16615,42496,42496
16616,42496,42496
16617,42496,42496
16618,42496,42496
16619,42496,42496
16620,42496,42496
16621,42496,42496
16622,42496,42496
16623,42496,42496
16624,42496,42496
16625,42496,42496
16626,42496,42496
16627,42496,42496
16628,42496,42496
16629,42496,42496
16630,42496,42496
16631,42496,42496
16632,42496,42496
16633,42496,42496
16634,42496,42496
16635,42496,42496
16636,42496,42496
16637,42496,42496
16638,42496,42496
16639,42496,42496
16640,42496,42496
16641,42496,42496
16642,42496,42496
16643,42496,42496
16644,42496,42496
16645,42496,42496
16646,42496,42496
16647,42496,42496
16648,42496,42496
16649,42496,42496
16650,42496,42496
16651,42496,42496
16652,42496,42496
16653,42496,42496
16654,42496,42496
16655,42496,42496
16656,42496,42496
16657,42496,42496
16658,42496,42496
16659,42496,42496
16660,42496,42496
16661,42496,42496
16662,42496,42496
16663,42496,42496
16664,42496,42496
16665,42496,42496
16666,42496,42496
16667,42496,42496
16668,42496,42496
16669,42496,42496
16670,42496,42496
16671,42496,42496
16672,42496,42496
16673,42496,42496
16674,42496,42496
16675,42496,42496
16676,42496,42496
16677,42496,42496
16678,42496,42496
16679,42496,42496
16680,42496,42496
16681,42496,42496
16682,42496,42496
16683,42496,42496
16684,42496,42496
16685,42496,42496
16686,42496,42496
16687,42496,42496
16688,42496,42496
16689,42496,42496
16690,42496,42496
16691,42496,42496
16692,42496,42496
16693,42496,42496
16694,42496,42496
16695,42496,42496
16696,42496,42496
16697,42496,42496
16698,42496,42496
16699,42496,42496
16700,42496,42496
16701,42496,42496
16702,42496,42496
16703,42496,42496
16704,42496,42496
16705,42496,42496
16706,42496,42496
16707,42496,42496
16708,42496,42496
16709,42496,42496
16710,42496,42496
16711,42496,42496
16712,42496,42496
16713,42496,42496
16714,42496,42496
16715,42496,42496
16716,42496,42496
16717,42496,42496
16718,42496,42496
16719,42496,42496
16720,42496,42496
16721,42496,42496
16722,42496,42496
16723,42496,42496
16724,42496,42496
16725,42496,42496
16726,42496,42496
16727,42496,42496
16728,42496,42496
16729,42496,42496
16730,42496,42496
16731,42496,42496
16732,42496,42496
16733,42496,42496
16734,42496,42496
16735,42496,42496
16736,42496,42496
16737,42496,42496
16738,42496,42496
16739,42496,42496
16740,42496,42496
16741,42496,42496
16742,42496,42496
16743,42496,42496
16744,42496,42496
16745,42496,42496
16746,42496,42496
16747,42496,42496
16748,42496,42496
16749,42496,42496
16750,42496,42496
16751,42496,42496
16752,42496,42496
16753,42496,42496
16754,42496,42496
16755,42496,42496
16756,42496,42496
16757,42496,42496
16758,42496,42496
16759,42496,42496
16760,42496,42496
16761,42496,42496
16762,42496,42496
16763,42496,42496
16764,42496,42496
16765,42496,42496
16766,42496,42496
16767,42497,42497
16768,42497,42497
16769,42497,42497
16770,42497,42497
16771,42497,42497
16772,42497,42497
16773,42497,42497
16774,42497,42497
16775,42497,42497
16776,42497,42497
16777,42497,42497
16778,42497,42497
16779,42497,42497
16780,42497,42497
16781,42497,42497
16782,42497,42497
16783,42497,42497
16784,42497,42497
16785,42497,42497
16786,42497,42497
16787,42497,42497
16788,42497,42497
16789,42497,42497
16790,42497,42497
16791,42497,42497
16792,42497,42497
16793,42497,42497
16794,42497,42497
16795,42497,42497
16796,42497,42497
16797,42497,42497
16798,42497,42497
16799,42497,42497
16800,42497,42497
16801,42497,42497
16802,42497,42497
16803,42497,42497
16804,42497,42497
16805,42497,42497
16806,42497,42497
16807,42497,42497
16808,42497,42497
16809,42497,42497
16810,42497,42497
16811,42497,42497
16812,42497,42497
16813,42497,42497
16814,42497,42497
16815,42497,42497
16816,42497,42497
16817,42497,42497
16818,42497,42497
16819,42497,42497
16820,42497,42497
16821,42497,42497
16822,42497,42497
16823,42497,42497
16824,42497,42497
16825,42497,42497
16826,42497,42497
16827,42497,42497
16828,42497,42497
16829,42497,42497
16830,42497,42497
16831,42497,42497
16832,42497,42497
16833,42497,42497
16834,42497,42497
16835,42497,42497
16836,42497,42497
16837,42497,42497
16838,42497,42497
16839,42497,42497
16840,42497,42497
16841,42497,42497
16842,42497,42497
16843,42497,42497
16844,42497,42497
16845,42497,42497
16846,42497,42497
16847,42497,42497
16848,42497,42497
16849,42497,42497
16850,42497,42497
16851,42497,42497
16852,42497,42497
16853,42497,42497
16854,42497,42497
16855,42497,42497
16856,42497,42497
16857,42497,42497
16858,42497,42497
16859,42497,42497
16860,42497,42497
16861,42497,42497
16862,42497,42497
16863,42497,42497
16864,42497,42497
16865,42497,42497
16866,42497,42497
16867,42497,42497
16868,42497,42497
16869,42497,42497
16870,42497,42497
16871,42497,42497
16872,42497,42497
16873,42497,42497
16874,42497,42497
16875,42497,42497
16876,42497,42497
16877,42497,42497
16878,42497,42497
16879,42497,42497
16880,42497,42497
16881,42497,42497
16882,42497,42497
16883,42497,42497
16884,42497,42497
16885,42497,42497
16886,42497,42497
16887,42497,42497
16888,42497,42497
16889,42497,42497
16890,42497,42497
16891,42497,42497
16892,42497,42497
16893,42497,42497
16894,42497,42497
16895,42497,42497
16896,42497,42497
16897,42497,42497
16898,42497,42497
16899,42497,42497
16900,42497,42497
16901,42497,42497
16902,42497,42497
16903,42497,42497
16904,42497,42497
16905,42497,42497
16906,42497,42497
16907,42497,42497
16908,42497,42497
16909,42497,42497
16910,42497,42497
16911,42497,42497
16912,42497,42497
16913,42497,42497
16914,42497,42497
16915,42497,42497
16916,42497,42497
16917,42497,42497
16918,42497,42497
16919,42497,42497
16920,42497,42497
16921,42497,42497
16922,42497,42497
16923,42497,42497
16924,42497,42497
16925,42497,42497
16926,42497,42497
16927,42497,42497
16928,42497,42497
16929,42497,42497
16930,42497,42497
16931,42497,42497
16932,42497,42497
16933,42497,42497
16934,42497,42497
16935,42497,42497
16936,42497,42497
16937,42497,42497
16938,42497,42497
16939,42497,42497
16940,42497,42497
16941,42497,42497
16942,42497,42497
16943,42497,42497
16944,42497,42497
16945,42497,42497
16946,42497,42497
16947,42497,42497
16948,42497,42497
16949,42497,42497
16950,42497,42497
16951,42497,42497
16952,42497,42497
16953,42497,42497
16954,42497,42497
16955,42497,42497
16956,42497,42497
16957,42497,42497
16958,42497,42497
16959,42497,42497
16960,42497,42497
16961,42497,42497
16962,42497,42497
16963,42497,42497
16964,42497,42497
16965,42497,42497
16966,42497,42497
16967,42497,42497
16968,42497,42497
16969,42497,42497
16970,42497,42497
16971,42497,42497
16972,42497,42497
16973,42497,42497
16974,42498,42498
16975,42498,42498
16976,42498,42498
16977,42498,42498
16978,42498,42498
16979,42498,42498
16980,42498,42498
16981,42498,42498
16982,42498,42498
16983,42498,42498
16984,42498,42498
16985,42498,42498
16986,42498,42498
16987,42498,42498
16988,42498,42498
16989,42498,42498
16990,42498,42498
16991,42498,42498
16992,42498,42498
16993,42498,42498
16994,42498,42498
16995,42498,42498
16996,42498,42498
16997,42498,42498
16998,42498,42498
16999,42498,42498
17000,42498,42498
17001,42498,42498
17002,42498,42498
17003,42498,42498
17004,42498,42498
17005,42498,42498
17006,42498,42498
17007,42498,42498
17008,42498,42498
17009,42498,42498
17010,42498,42498
17011,42498,42498
17012,42498,42498
17013,42498,42498
17014,42498,42498
17015,42498,42498
17016,42498,42498
17017,42498,42498
17018,42498,42498
17019,42498,42498
17020,42498,42498
17021,42498,42498
17022,42498,42498
17023,42498,42498
17024,42498,42498
17025,42498,42498
17026,42498,42498
17027,42498,42498
17028,42498,42498
17029,42498,42498
17030,42498,42498
17031,42498,42498
17032,42498,42498
17033,42498,42498
17034,42498,42498
17035,42498,42498
17036,42498,42498
17037,42498,42498
17038,42498,42498
17039,42498,42498
17040,42498,42498
17041,42498,42498
17042,42498,42498
17043,42498,42498
17044,42498,42498
17045,42498,42498
17046,42498,42498
17047,42498,42498
17048,42498,42498
17049,42498,42498
17050,42498,42498
17051,42498,42498
17052,42498,42498
17053,42498,42498
17054,42498,42498
17055,42498,42498
17056,42498,42498
17057,42498,42498
17058,42498,42498
17059,42498,42498
17060,42498,42498
17061,42498,42498
17062,42498,42498
17063,42498,42498
17064,42498,42498
17065,42498,42498
17066,42498,42498
17067,42498,42498
17068,42498,42498
17069,42498,42498
17070,42498,42498
17071,42498,42498
17072,42498,42498
17073,42498,42498
17074,42498,42498
17075,42498,42498
17076,42498,42498
17077,42498,42498
17078,42498,42498
17079,42498,42498
17080,42498,42498
17081,42498,42498
17082,42498,42498
17083,42498,42498
17084,42498,42498
17085,42498,42498
17086,42498,42498
17087,42498,42498
17088,42498,42498
17089,42498,42498
17090,42498,42498
17091,42498,42498
17092,42498,42498
17093,42498,42498
17094,42498,42498
17095,42498,42498
17096,42498,42498
17097,42498,42498
17098,42498,42498
17099,42498,42498
17100,42498,42498
17101,42498,42498
17102,42498,42498
17103,42498,42498
17104,42498,42498
17105,42498,42498
17106,42498,42498
17107,42498,42498
17108,42498,42498
17109,42498,42498
17110,42498,42498
17111,42498,42498
17112,42498,42498
17113,42498,42498
17114,42498,42498
17115,42498,42498
17116,42498,42498
17117,42498,42498
17118,42498,42498
17119,42498,42498
17120,42498,42498
17121,42498,42498
17122,42498,42498
17123,42498,42498
17124,42498,42498
17125,42498,42498
17126,42498,42498
17127,42498,42498
17128,42498,42498
17129,42498,42498
17130,42498,42498
17131,42498,42498
17132,42498,42498
17133,42498,42498
17134,42498,42498
17135,42498,42498
17136,42498,42498
17137,42498,42498
17138,42498,42498
17139,42498,42498
17140,42498,42498
17141,42498,42498
17142,42498,42498
17143,42498,42498
17144,42498,42498
17145,42498,42498
17146,42498,42498
17147,42498,42498
17148,42498,42498
17149,42498,42498
17150,42498,42498
17151,42498,42498
17152,42498,42498
17153,42498,42498
17154,42498,42498
17155,42498,42498
17156,42498,42498
17157,42498,42498
17158,42498,42498
17159,42498,42498
17160,42498,42498
17161,42498,42498
17162,42498,42498
17163,42498,42498
17164,42498,42498
17165,42498,42498
17166,42498,42498
17167,42498,42498
17168,42498,42498
17169,42498,42498
17170,42498,42498
17171,42498,42498
17172,42498,42498
17173,42498,42498
17174,42498,42498
17175,42498,42498
17176,42498,42498
17177,42498,42498
17178,42498,42498
17179,42498,42498
17180,42498,42498
17181,42499,42499
17182,42499,42499
17183,42499,42499
17184,42499,42499
17185,42499,42499
17186,42499,42499
17187,42499,42499
17188,42499,42499
17189,42499,42499
17190,42499,42499
17191,42499,42499
17192,42499,42499
17193,42499,42499
17194,42499,42499
17195,42499,42499
17196,42499,42499
17197,42499,42499
17198,42499,42499
17199,42499,42499
17200,42499,42499
17201,42499,42499
17202,42499,42499
17203,42499,42499
17204,42499,42499
17205,42499,42499
17206,42499,42499
17207,42499,42499
17208,42499,42499
17209,42499,42499
17210,42499,42499
17211,42499,42499
17212,42499,42499
17213,42499,42499
17214,42499,42499
17215,42499,42499
17216,42499,42499
17217,42499,42499
17218,42499,42499
17219,42499,42499
17220,42499,42499
17221,42499,42499
17222,42499,42499
17223,42499,42499
17224,42499,42499
17225,42499,42499
17226,42499,42499
17227,42499,42499
17228,42499,42499
17229,42499,42499
17230,42499,42499
17231,42499,42499
17232,42499,42499
17233,42499,42499
17234,42499,42499
17235,42499,42499
17236,42499,42499
17237,42499,42499
17238,42499,42499
17239,42499,42499
17240,42499,42499
17241,42499,42499
17242,42499,42499
17243,42499,42499
17244,42499,42499
17245,42499,42499
17246,42499,42499
17247,42499,42499
17248,42499,42499
17249,42499,42499
17250,42499,42499
17251,42499,42499
17252,42499,42499
17253,42499,42499
17254,42499,42499
17255,42499,42499
17256,42499,42499
17257,42499,42499
17258,42499,42499
17259,42499,42499
17260,42499,42499
17261,42499,42499
17262,42499,42499
17263,42499,42499
17264,42499,42499
17265,42499,42499
17266,42499,42499
17267,42499,42499
17268,42499,42499
17269,42499,42499
17270,42499,42499
17271,42499,42499
17272,42499,42499
17273,42499,42499
17274,42499,42499
17275,42499,42499
17276,42499,42499
17277,42499,42499
17278,42499,42499
17279,42499,42499
17280,42499,42499
17281,42499,42499
17282,42499,42499
17283,42499,42499
17284,42499,42499
17285,42499,42499
17286,42499,42499
17287,42499,42499
17288,42499,42499
17289,42499,42499
17290,42499,42499
17291,42499,42499
17292,42499,42499
17293,42499,42499
17294,42499,42499
17295,42499,42499
17296,42499,42499
17297,42499,42499
17298,42499,42499
17299,42499,42499
17300,42499,42499
17301,42499,42499
17302,42499,42499
17303,42499,42499
17304,42499,42499
17305,42499,42499
17306,42499,42499
17307,42499,42499
17308,42499,42499
17309,42499,42499
17310,42499,42499
17311,42499,42499
17312,42499,42499
17313,42499,42499
17314,42499,42499
17315,42499,42499
17316,42499,42499
17317,42499,42499
17318,42499,42499
17319,42499,42499
17320,42499,42499
17321,42499,42499
17322,42499,42499
17323,42499,42499
17324,42499,42499
17325,42499,42499
17326,42499,42499
17327,42499,42499
17328,42499,42499
17329,42499,42499
17330,42499,42499
17331,42499,42499
17332,42499,42499
17333,42499,42499
17334,42499,42499
17335,42499,42499
17336,42499,42499
17337,42499,42499
17338,42499,42499
17339,42499,42499
17340,42499,42499
17341,42499,42499
17342,42499,42499
17343,42499,42499
17344,42499,42499
17345,42499,42499
17346,42499,42499
17347,42499,42499
17348,42499,42499
17349,42499,42499
17350,42499,42499
17351,42499,42499
17352,42499,42499
17353,42499,42499
17354,42499,42499
17355,42499,42499
17356,42499,42499
17357,42499,42499
17358,42499,42499
17359,42499,42499
17360,42499,42499
17361,42499,42499
17362,42499,42499
17363,42499,42499
17364,42499,42499
17365,42499,42499
17366,42499,42499
17367,42499,42499
17368,42499,42499
17369,42499,42499
17370,42499,42499
17371,42499,42499
17372,42499,42499
17373,42499,42499
17374,42499,42499
17375,42499,42499
17376,42499,42499
17377,42499,42499
17378,42499,42499
17379,42499,42499
17380,42499,42499
17381,42499,42499
17382,42499,42499
17383,42499,42499
17384,42499,42499
17385,42499,42499
17386,42499,42499
17387,42499,42499
17388,42500,42500
17389,42500,42500
17390,42500,42500
17391,42500,42500
17392,42500,42500
17393,42500,42500
17394,42500,42500
17395,42500,42500
17396,42500,42500
17397,42500,42500
17398,42500,42500
17399,42500,42500
17400,42500,42500
17401,42500,42500
17402,42500,42500
17403,42500,42500
17404,42500,42500
17405,42500,42500
17406,42500,42500
17407,42500,42500
17408,42500,42500
17409,42500,42500
17410,42500,42500
17411,42500,42500
17412,42500,42500
17413,42500,42500
17414,42500,42500
17415,42500,42500
17416,42500,42500
17417,42500,42500
17418,42500,42500
17419,42500,42500
17420,42500,42500
17421,42500,42500
17422,42500,42500
17423,42500,42500
17424,42500,42500
17425,42500,42500
17426,42500,42500
17427,42500,42500
17428,42500,42500
17429,42500,42500
17430,42500,42500
17431,42500,42500
17432,42500,42500
17433,42500,42500
17434,42500,42500
17435,42500,42500
17436,42500,42500
17437,42500,42500
17438,42500,42500
17439,42500,42500
17440,42500,42500
17441,42500,42500
17442,42500,42500
17443,42500,42500
17444,42500,42500
17445,42500,42500
17446,42500,42500
17447,42500,42500
17448,42500,42500
17449,42500,42500
17450,42500,42500
17451,42500,42500
17452,42500,42500
17453,42500,42500
17454,42500,42500
17455,42500,42500
17456,42500,42500
17457,42500,42500
17458,42500,42500
17459,42500,42500
17460,42500,42500
17461,42500,42500
17462,42500,42500
17463,42500,42500
17464,42500,42500
17465,42500,42500
17466,42500,42500
17467,42500,42500
17468,42500,42500
17469,42500,42500
17470,42500,42500
17471,42500,42500
17472,42500,42500
17473,42500,42500
17474,42500,42500
17475,42500,42500
17476,42500,42500
17477,42500,42500
17478,42500,42500
17479,42500,42500
17480,42500,42500
17481,42500,42500
17482,42500,42500
17483,42500,42500
17484,42500,42500
17485,42500,42500
17486,42500,42500
17487,42500,42500
17488,42500,42500
17489,42500,42500
17490,42500,42500
17491,42500,42500
17492,42500,42500
17493,42500,42500
17494,42500,42500
17495,42500,42500
17496,42500,42500
17497,42500,42500
17498,42500,42500
17499,42500,42500
17500,42500,42500
17501,42500,42500
17502,42500,42500
17503,42500,42500
17504,42500,42500
17505,42500,42500
17506,42500,42500
17507,42500,42500
17508,42500,42500
17509,42500,42500
17510,42500,42500
17511,42500,42500
17512,42500,42500
17513,42500,42500
17514,42500,42500
17515,42500,42500
17516,42500,42500
17517,42500,42500
17518,42500,42500
17519,42500,42500
17520,42500,42500
17521,42500,42500
17522,42500,42500
17523,42500,42500
17524,42500,42500
17525,42500,42500
17526,42500,42500
17527,42500,42500
17528,42500,42500
17529,42500,42500
17530,42500,42500
17531,42500,42500
17532,42500,42500
17533,42500,42500
17534,42500,42500
17535,42500,42500
17536,42500,42500
17537,42500,42500
17538,42500,42500
17539,42500,42500
17540,42500,42500
17541,42500,42500
17542,42500,42500
17543,42500,42500
17544,42500,42500
17545,42500,42500
17546,42500,42500
17547,42500,42500
17548,42500,42500
17549,42500,42500
17550,42500,42500
17551,42500,42500
17552,42500,42500
17553,42500,42500
17554,42500,42500
17555,42500,42500
17556,42500,42500
17557,42500,42500
17558,42500,42500
17559,42500,42500
17560,42500,42500
17561,42500,42500
17562,42500,42500
17563,42500,42500
17564,42500,42500
17565,42500,42500
17566,42500,42500
17567,42500,42500
17568,42500,42500
17569,42500,42500
17570,42500,42500
17571,42500,42500
17572,42500,42500
17573,42500,42500
17574,42500,42500
17575,42500,42500
17576,42500,42500
17577,42500,42500
17578,42500,42500
17579,42500,42500
17580,42500,42500
17581,42500,42500
17582,42500,42500
17583,42500,42500
17584,42500,42500
17585,42500,42500
17586,42500,42500
17587,42500,42500
17588,42500,42500
17589,42500,42500
17590,42500,42500
17591,42500,42500
17592,42500,42500
17593,42500,42500
17594,42500,42500
17595,42501,42501
17596,42501,42501
17597,42501,42501
17598,42501,42501
17599,42501,42501
17600,42501,42501
17601,42501,42501
17602,42501,42501
17603,42501,42501
17604,42501,42501
17605,42501,42501
17606,42501,42501
17607,42501,42501
17608,42501,42501
17609,42501,42501
17610,42501,42501
17611,42501,42501
17612,42501,42501
17613,42501,42501
17614,42501,42501
17615,42501,42501
17616,42501,42501
17617,42501,42501
17618,42501,42501
17619,42501,42501
17620,42501,42501
17621,42501,42501
17622,42501,42501
17623,42501,42501
17624,42501,42501
17625,42501,42501
17626,42501,42501
17627,42501,42501
17628,42501,42501
17629,42501,42501
17630,42501,42501
17631,42501,42501
17632,42501,42501
17633,42501,42501
17634,42501,42501
17635,42501,42501
17636,42501,42501
17637,42501,42501
17638,42501,42501
17639,42501,42501
17640,42501,42501
17641,42501,42501
17642,42501,42501
17643,42501,42501
17644,42501,42501
17645,42501,42501
17646,42501,42501
17647,42501,42501
17648,42501,42501
17649,42501,42501
17650,42501,42501
17651,42501,42501
17652,42501,42501
17653,42501,42501
17654,42501,42501
17655,42501,42501
17656,42501,42501
17657,42501,42501
17658,42501,42501
17659,42501,42501
17660,42501,42501
17661,42501,42501
17662,42501,42501
17663,42501,42501
17664,42501,42501
17665,42501,42501
17666,42501,42501
17667,42501,42501
17668,42501,42501
17669,42501,42501
17670,42501,42501
17671,42501,42501
17672,42501,42501
17673,42501,42501
17674,42501,42501
17675,42501,42501
17676,42501,42501
17677,42501,42501
17678,42501,42501
17679,42501,42501
17680,42501,42501
17681,42501,42501
17682,42501,42501
17683,42501,42501
17684,42501,42501
17685,42501,42501
17686,42501,42501
17687,42501,42501
17688,42501,42501
17689,42501,42501
17690,42501,42501
17691,42501,42501
17692,42501,42501
17693,42501,42501
17694,42501,42501
17695,42501,42501
17696,42501,42501
17697,42501,42501
17698,42501,42501
17699,42501,42501
17700,42501,42501
17701,42501,42501
17702,42501,42501
17703,42501,42501
17704,42501,42501
17705,42501,42501
17706,42501,42501
17707,42501,42501
17708,42501,42501
17709,42501,42501
17710,42501,42501
17711,42501,42501
17712,42501,42501
17713,42501,42501
17714,42501,42501
17715,42501,42501
17716,42501,42501
17717,42501,42501
17718,42501,42501
17719,42501,42501
17720,42501,42501
17721,42501,42501
17722,42501,42501
17723,42501,42501
17724,42501,42501
17725,42501,42501
17726,42501,42501
17727,42501,42501
17728,42501,42501
17729,42501,42501
17730,42501,42501
17731,42501,42501
17732,42501,42501
17733,42501,42501
17734,42501,42501
17735,42501,42501
17736,42501,42501
17737,42501,42501
17738,42501,42501
17739,42501,42501
17740,42501,42501
17741,42501,42501
17742,42501,42501
17743,42501,42501
17744,42501,42501
17745,42501,42501
17746,42501,42501
17747,42501,42501
17748,42501,42501
17749,42501,42501
17750,42501,42501
17751,42501,42501
17752,42501,42501
17753,42501,42501
17754,42501,42501
17755,42501,42501
17756,42501,42501
17757,42501,42501
17758,42501,42501
17759,42501,42501
17760,42501,42501
17761,42501,42501
17762,42501,42501
17763,42501,42501
17764,42501,42501
17765,42501,42501
17766,42501,42501
17767,42501,42501
17768,42501,42501
17769,42501,42501
17770,42501,42501
17771,42501,42501
17772,42501,42501
17773,42501,42501
17774,42501,42501
17775,42501,42501
17776,42501,42501
17777,42501,42501
17778,42501,42501
17779,42501,42501
17780,42501,42501
17781,42501,42501
17782,42501,42501
17783,42501,42501
17784,42501,42501
17785,42501,42501
17786,42501,42501
17787,42501,42501
17788,42501,42501
17789,42501,42501
17790,42501,42501
17791,42501,42501
17792,42501,42501
17793,42501,42501
17794,42501,42501
17795,42501,42501
17796,42501,42501
17797,42501,42501
17798,42501,42501
17799,42501,42501
17800,42501,42501
17801,42501,42501
17802,42502,42502
17803,42502,42502
17804,42502,42502
17805,42502,42502
17806,42502,42502
17807,42502,42502
17808,42502,42502
17809,42502,42502
17810,42502,42502
17811,42502,42502
17812,42502,42502
17813,42502,42502
17814,42502,42502
17815,42502,42502
17816,42502,42502
17817,42502,42502
17818,42502,42502
17819,42502,42502
17820,42502,42502
17821,42502,42502
17822,42502,42502
17823,42502,42502
17824,42502,42502
17825,42502,42502
17826,42502,42502
17827,42502,42502
17828,42502,42502
17829,42502,42502
17830,42502,42502
17831,42502,42502
17832,42502,42502
17833,42502,42502
17834,42502,42502
17835,42502,42502
17836,42502,42502
17837,42502,42502
17838,42502,42502
17839,42502,42502
17840,42502,42502
17841,42502,42502
17842,42502,42502
17843,42502,42502
17844,42502,42502
17845,42502,42502
17846,42502,42502
17847,42502,42502
17848,42502,42502
17849,42502,42502
17850,42502,42502
17851,42502,42502
17852,42502,42502
17853,42502,42502
17854,42502,42502
17855,42502,42502
17856,42502,42502
17857,42502,42502
17858,42502,42502
17859,42502,42502
17860,42502,42502
17861,42502,42502
17862,42502,42502
17863,42502,42502
17864,42502,42502
17865,42502,42502
17866,42502,42502
17867,42502,42502
17868,42502,42502
17869,42502,42502
17870,42502,42502
17871,42502,42502
17872,42502,42502
17873,42502,42502
17874,42502,42502
17875,42502,42502
17876,42502,42502
17877,42502,42502
17878,42502,42502
17879,42502,42502
17880,42502,42502
17881,42502,42502
17882,42502,42502
17883,42502,42502
17884,42502,42502
17885,42502,42502
17886,42502,42502
17887,42502,42502
17888,42502,42502
17889,42502,42502
17890,42502,42502
17891,42502,42502
17892,42502,42502
17893,42502,42502
17894,42502,42502
17895,42502,42502
17896,42502,42502
17897,42502,42502
17898,42502,42502
17899,42502,42502
17900,42502,42502
17901,42502,42502
17902,42502,42502
17903,42502,42502
17904,42502,42502
17905,42502,42502
17906,42502,42502
17907,42502,42502
17908,42502,42502
17909,42502,42502
17910,42502,42502
17911,42502,42502
17912,42502,42502
17913,42502,42502
17914,42502,42502
17915,42502,42502
17916,42502,42502
17917,42502,42502
17918,42502,42502
17919,42502,42502
17920,42502,42502
17921,42502,42502
17922,42502,42502
17923,42502,42502
17924,42502,42502
17925,42502,42502
17926,42502,42502
17927,42502,42502
17928,42502,42502
17929,42502,42502
17930,42502,42502
17931,42502,42502
17932,42502,42502
17933,42502,42502
17934,42502,42502
17935,42502,42502
17936,42502,42502
17937,42502,42502
17938,42502,42502
17939,42502,42502
17940,42502,42502
17941,42502,42502
17942,42502,42502
17943,42502,42502
17944,42502,42502
17945,42502,42502
17946,42502,42502
17947,42502,42502
17948,42502,42502
17949,42502,42502
17950,42502,42502
17951,42502,42502
17952,42502,42502
17953,42502,42502
17954,42502,42502
17955,42502,42502
17956,42502,42502
17957,42502,42502
17958,42502,42502
17959,42502,42502
17960,42502,42502
17961,42502,42502
17962,42502,42502
17963,42502,42502
17964,42502,42502
17965,42502,42502
17966,42502,42502
17967,42502,42502
17968,42502,42502
17969,42502,42502
17970,42502,42502
17971,42502,42502
17972,42502,42502
17973,42502,42502
17974,42502,42502
17975,42502,42502
17976,42502,42502
17977,42502,42502
17978,42502,42502
17979,42502,42502
17980,42502,42502
17981,42502,42502
17982,42502,42502
17983,42502,42502
17984,42502,42502
17985,42502,42502
17986,42502,42502
17987,42502,42502
17988,42502,42502
17989,42502,42502
17990,42502,42502
17991,42502,42502
17992,42502,42502
17993,42502,42502
17994,42502,42502
17995,42502,42502
17996,42502,42502
17997,42502,42502
17998,42502,42502
17999,42502,42502
18000,42502,42502
18001,42502,42502
18002,42502,42502
18003,42502,42502
18004,42502,42502
18005,42502,42502
18006,42502,42502
18007,42502,42502
18008,42502,42502
18009,42503,42503
18010,42503,42503
18011,42503,42503
18012,42503,42503
18013,42503,42503
18014,42503,42503
18015,42503,42503
18016,42503,42503
18017,42503,42503
18018,42503,42503
18019,42503,42503
18020,42503,42503
18021,42503,42503
18022,42503,42503
18023,42503,42503
18024,42503,42503
18025,42503,42503
18026,42503,42503
18027,42503,42503
18028,42503,42503
18029,42503,42503
18030,42503,42503
18031,42503,42503
18032,42503,42503
18033,42503,42503
18034,42503,42503
18035,42503,42503
18036,42503,42503
18037,42503,42503
18038,42503,42503
18039,42503,42503
18040,42503,42503
18041,42503,42503
18042,42503,42503
18043,42503,42503
18044,42503,42503
18045,42503,42503
18046,42503,42503
18047,42503,42503
18048,42503,42503
18049,42503,42503
18050,42503,42503
18051,42503,42503
18052,42503,42503
18053,42503,42503
18054,42503,42503
18055,42503,42503
18056,42503,42503
18057,42503,42503
18058,42503,42503
18059,42503,42503
18060,42503,42503
18061,42503,42503
18062,42503,42503
18063,42503,42503
18064,42503,42503
18065,42503,42503
18066,42503,42503
18067,42503,42503
18068,42503,42503
18069,42503,42503
18070,42503,42503
18071,42503,42503
18072,42503,42503
18073,42503,42503
18074,42503,42503
18075,42503,42503
18076,42503,42503
18077,42503,42503
18078,42503,42503
18079,42503,42503
18080,42503,42503
18081,42503,42503
18082,42503,42503
18083,42503,42503
18084,42503,42503
18085,42503,42503
18086,42503,42503
18087,42503,42503
18088,42503,42503
18089,42503,42503
18090,42503,42503
18091,42503,42503
18092,42503,42503
18093,42503,42503
18094,42503,42503
18095,42503,42503
18096,42503,42503
18097,42503,42503
18098,42503,42503
18099,42503,42503
18100,42503,42503
18101,42503,42503
18102,42503,42503
18103,42503,42503
18104,42503,42503
18105,42503,42503
18106,42503,42503
18107,42503,42503
18108,42503,42503
18109,42503,42503
18110,42503,42503
18111,42503,42503
18112,42503,42503
18113,42503,42503
18114,42503,42503
18115,42503,42503
18116,42503,42503
18117,42503,42503
18118,42503,42503
18119,42503,42503
18120,42503,42503
18121,42503,42503
18122,42503,42503
18123,42503,42503
18124,42503,42503
18125,42503,42503
18126,42503,42503
18127,42503,42503
18128,42503,42503
18129,42503,42503
18130,42503,42503
18131,42503,42503
18132,42503,42503
18133,42503,42503
18134,42503,42503
18135,42503,42503
18136,42503,42503
18137,42503,42503
18138,42503,42503
18139,42503,42503
18140,42503,42503
18141,42503,42503
18142,42503,42503
18143,42503,42503
18144,42503,42503
18145,42503,42503
18146,42503,42503
18147,42503,42503
18148,42503,42503
18149,42503,42503
18150,42503,42503
18151,42503,42503
18152,42503,42503
18153,42503,42503
18154,42503,42503
18155,42503,42503
18156,42503,42503
18157,42503,42503
18158,42503,42503
18159,42503,42503
18160,42503,42503
18161,42503,42503
18162,42503,42503
18163,42503,42503
18164,42503,42503
18165,42503,42503
18166,42503,42503
18167,42503,42503
18168,42503,42503
18169,42503,42503
18170,42503,42503
18171,42503,42503
18172,42503,42503
18173,42503,42503
18174,42503,42503
18175,42503,42503
18176,42503,42503
18177,42503,42503
18178,42503,42503
18179,42503,42503
18180,42503,42503
18181,42503,42503
18182,42503,42503
18183,42503,42503
18184,42503,42503
18185,42503,42503
18186,42503,42503
18187,42503,42503
18188,42503,42503
18189,42503,42503
18190,42503,42503
18191,42503,42503
18192,42503,42503
18193,42503,42503
18194,42503,42503
18195,42503,42503
18196,42503,42503
18197,42503,42503
18198,42503,42503
18199,42503,42503
18200,42503,42503
18201,42503,42503
18202,42503,42503
18203,42503,42503
18204,42503,42503
18205,42503,42503
18206,42503,42503
18207,42503,42503
18208,42503,42503
18209,42503,42503
18210,42503,42503
18211,42503,42503
18212,42503,42503
18213,42503,42503
18214,42503,42503
18215,42503,42503
18216,42504,42504
18217,42504,42504
18218,42504,42504
18219,42504,42504
18220,42504,42504
18221,42504,42504
18222,42504,42504
18223,42504,42504
18224,42504,42504
18225,42504,42504
18226,42504,42504
18227,42504,42504
18228,42504,42504
18229,42504,42504
18230,42504,42504
18231,42504,42504
18232,42504,42504
18233,42504,42504
18234,42504,42504
18235,42504,42504
18236,42504,42504
18237,42504,42504
18238,42504,42504
18239,42504,42504
18240,42504,42504
18241,42504,42504
18242,42504,42504
18243,42504,42504
18244,42504,42504
18245,42504,42504
18246,42504,42504
18247,42504,42504
18248,42504,42504
18249,42504,42504
18250,42504,42504
18251,42504,42504
18252,42504,42504
18253,42504,42504
18254,42504,42504
18255,42504,42504
18256,42504,42504
18257,42504,42504
18258,42504,42504
18259,42504,42504
18260,42504,42504
18261,42504,42504
18262,42504,42504
18263,42504,42504
18264,42504,42504
18265,42504,42504
18266,42504,42504
18267,42504,42504
18268,42504,42504
18269,42504,42504
18270,42504,42504
18271,42504,42504
18272,42504,42504
18273,42504,42504
18274,42504,42504
18275,42504,42504
18276,42504,42504
18277,42504,42504
18278,42504,42504
18279,42504,42504
18280,42504,42504
18281,42504,42504
18282,42504,42504
18283,42504,42504
18284,42504,42504
18285,42504,42504
18286,42504,42504
18287,42504,42504
18288,42504,42504
18289,42504,42504
18290,42504,42504
18291,42504,42504
18292,42504,42504
18293,42504,42504
18294,42504,42504
18295,42504,42504
18296,42504,42504
18297,42504,42504
18298,42504,42504
18299,42504,42504
18300,42504,42504
18301,42504,42504
18302,42504,42504
18303,42504,42504
18304,42504,42504
18305,42504,42504
18306,42504,42504
18307,42504,42504
18308,42504,42504
18309,42504,42504
18310,42504,42504
18311,42504,42504
18312,42504,42504
18313,42504,42504
18314,42504,42504
18315,42504,42504
18316,42504,42504
18317,42504,42504
18318,42504,42504
18319,42504,42504
18320,42504,42504
18321,42504,42504
18322,42504,42504
18323,42504,42504
18324,42504,42504
18325,42504,42504
18326,42504,42504
18327,42504,42504
18328,42504,42504
18329,42504,42504
18330,42504,42504
18331,42504,42504
18332,42504,42504
18333,42504,42504
18334,42504,42504
18335,42504,42504
18336,42504,42504
18337,42504,42504
18338,42504,42504
18339,42504,42504
18340,42504,42504
18341,42504,42504
18342,42504,42504
18343,42504,42504
18344,42504,42504
18345,42504,42504
18346,42504,42504
18347,42504,42504
18348,42504,42504
18349,42504,42504
18350,42504,42504
18351,42504,42504
18352,42504,42504
18353,42504,42504
18354,42504,42504
18355,42504,42504
18356,42504,42504
18357,42504,42504
18358,42504,42504
18359,42504,42504
18360,42504,42504
18361,42504,42504
18362,42504,42504
18363,42504,42504
18364,42504,42504
18365,42504,42504
18366,42504,42504
18367,42504,42504
18368,42504,42504
18369,42504,42504
18370,42504,42504
18371,42504,42504
18372,42504,42504
18373,42504,42504
18374,42504,42504
18375,42504,42504
18376,42504,42504
18377,42504,42504
18378,42504,42504
18379,42504,42504
18380,42504,42504
18381,42504,42504
18382,42504,42504
18383,42504,42504
18384,42504,42504
18385,42504,42504
18386,42504,42504
18387,42504,42504
18388,42504,42504
18389,42504,42504
18390,42504,42504
18391,42504,42504
18392,42504,42504
18393,42504,42504
18394,42504,42504
18395,42504,42504
18396,42504,42504
18397,42504,42504
18398,42504,42504
18399,42504,42504
18400,42504,42504
18401,42504,42504
18402,42504,42504
18403,42504,42504
18404,42504,42504
18405,42504,42504
18406,42504,42504
18407,42504,42504
18408,42504,42504
18409,42504,42504
18410,42504,42504
18411,42504,42504
18412,42504,42504
18413,42504,42504
18414,42504,42504
18415,42504,42504
18416,42504,42504
18417,42504,42504
18418,42504,42504
18419,42504,42504
18420,42504,42504
18421,42504,42504
18422,42504,42504
18423,42505,42505
18424,42505,42505
18425,42505,42505
18426,42505,42505
18427,42505,42505
18428,42505,42505
18429,42505,42505
18430,42505,42505
18431,42505,42505
18432,42505,42505
18433,42505,42505
18434,42505,42505
18435,42505,42505
18436,42505,42505
18437,42505,42505
18438,42505,42505
18439,42505,42505
18440,42505,42505
18441,42505,42505
18442,42505,42505
18443,42505,42505
18444,42505,42505
18445,42505,42505
18446,42505,42505
18447,42505,42505
18448,42505,42505
18449,42505,42505
18450,42505,42505
18451,42505,42505
18452,42505,42505
18453,42505,42505
18454,42505,42505
18455,42505,42505
18456,42505,42505
18457,42505,42505
18458,42505,42505
18459,42505,42505
18460,42505,42505
18461,42505,42505
18462,42505,42505
18463,42505,42505
18464,42505,42505
18465,42505,42505
18466,42505,42505
18467,42505,42505
18468,42505,42505
18469,42505,42505
18470,42505,42505
18471,42505,42505
18472,42505,42505
18473,42505,42505
18474,42505,42505
18475,42505,42505
18476,42505,42505
18477,42505,42505
18478,42505,42505
18479,42505,42505
18480,42505,42505
18481,42505,42505
18482,42505,42505
18483,42505,42505
18484,42505,42505
18485,42505,42505
18486,42505,42505
18487,42505,42505
18488,42505,42505
18489,42505,42505
18490,42505,42505
18491,42505,42505
18492,42505,42505
18493,42505,42505
18494,42505,42505
18495,42505,42505
18496,42505,42505
18497,42505,42505
18498,42505,42505
18499,42505,42505
18500,42505,42505
18501,42505,42505
18502,42505,42505
18503,42505,42505
18504,42505,42505
18505,42505,42505
18506,42505,42505
18507,42505,42505
18508,42505,42505
18509,42505,42505
18510,42505,42505
18511,42505,42505
18512,42505,42505
18513,42505,42505
18514,42505,42505
18515,42505,42505
18516,42505,42505
18517,42505,42505
18518,42505,42505
18519,42505,42505
18520,42505,42505
18521,42505,42505
18522,42505,42505
18523,42505,42505
18524,42505,42505
18525,42505,42505
18526,42505,42505
18527,42505,42505
18528,42505,42505
18529,42505,42505
18530,42505,42505
18531,42505,42505
18532,42505,42505
18533,42505,42505
18534,42505,42505
18535,42505,42505
18536,42505,42505
18537,42505,42505
18538,42505,42505
18539,42505,42505
18540,42505,42505
18541,42505,42505
18542,42505,42505
18543,42505,42505
18544,42505,42505
18545,42505,42505
18546,42505,42505
18547,42505,42505
18548,42505,42505
18549,42505,42505
18550,42505,42505
18551,42505,42505
18552,42505,42505
18553,42505,42505
18554,42505,42505
18555,42505,42505
18556,42505,42505
18557,42505,42505
18558,42505,42505
18559,42505,42505
18560,42505,42505
18561,42505,42505
18562,42505,42505
18563,42505,42505
18564,42505,42505
18565,42505,42505
18566,42505,42505
18567,42505,42505
18568,42505,42505
18569,42505,42505
18570,42505,42505
18571,42505,42505
18572,42505,42505
18573,42505,42505
18574,42505,42505
18575,42505,42505
18576,42505,42505
18577,42505,42505
18578,42505,42505
18579,42505,42505
18580,42505,42505
18581,42505,42505
18582,42505,42505
18583,42505,42505
18584,42505,42505
18585,42505,42505
18586,42505,42505
18587,42505,42505
18588,42505,42505
18589,42505,42505
18590,42505,42505
18591,42505,42505
18592,42505,42505
18593,42505,42505
18594,42505,42505
18595,42505,42505
18596,42505,42505
18597,42505,42505
18598,42505,42505
18599,42505,42505
18600,42505,42505
18601,42505,42505
18602,42505,42505
18603,42505,42505
18604,42505,42505
18605,42505,42505
18606,42505,42505
18607,42505,42505
18608,42505,42505
18609,42505,42505
18610,42505,42505
18611,42505,42505
18612,42505,42505
18613,42505,42505
18614,42505,42505
18615,42505,42505
18616,42505,42505
18617,42505,42505
18618,42505,42505
18619,42505,42505
18620,42505,42505
18621,42505,42505
18622,42505,42505
18623,42505,42505
18624,42505,42505
18625,42505,42505
18626,42505,42505
18627,42505,42505
18628,42505,42505
18629,42505,42505
18630,42506,42506
18631,42506,42506
18632,42506,42506
18633,42506,42506
18634,42506,42506
18635,42506,42506
18636,42506,42506
18637,42506,42506
18638,42506,42506
18639,42506,42506
18640,42506,42506
18641,42506,42506
18642,42506,42506
18643,42506,42506
18644,42506,42506
18645,42506,42506
18646,42506,42506
18647,42506,42506
18648,42506,42506
18649,42506,42506
18650,42506,42506
18651,42506,42506
18652,42506,42506
18653,42506,42506
18654,42506,42506
18655,42506,42506
18656,42506,42506
18657,42506,42506
18658,42506,42506
18659,42506,42506
18660,42506,42506
18661,42506,42506
18662,42506,42506
18663,42506,42506
18664,42506,42506
18665,42506,42506
18666,42506,42506
18667,42506,42506
18668,42506,42506
18669,42506,42506
18670,42506,42506
18671,42506,42506
18672,42506,42506
18673,42506,42506
18674,42506,42506
18675,42506,42506
18676,42506,42506
18677,42506,42506
18678,42506,42506
18679,42506,42506
18680,42506,42506
18681,42506,42506
18682,42506,42506
18683,42506,42506
18684,42506,42506
18685,42506,42506
18686,42506,42506
18687,42506,42506
18688,42506,42506
18689,42506,42506
18690,42506,42506
18691,42506,42506
18692,42506,42506
18693,42506,42506
18694,42506,42506
18695,42506,42506
18696,42506,42506
18697,42506,42506
18698,42506,42506
18699,42506,42506
18700,42506,42506
18701,42506,42506
18702,42506,42506
18703,42506,42506
18704,42506,42506
18705,42506,42506
18706,42506,42506
18707,42506,42506
18708,42506,42506
18709,42506,42506
18710,42506,42506
18711,42506,42506
18712,42506,42506
18713,42506,42506
18714,42506,42506
18715,42506,42506
18716,42506,42506
18717,42506,42506
18718,42506,42506
18719,42506,42506
18720,42506,42506
18721,42506,42506
18722,42506,42506
18723,42506,42506
18724,42506,42506
18725,42506,42506
18726,42506,42506
18727,42506,42506
18728,42506,42506
18729,42506,42506
18730,42506,42506
18731,42506,42506
18732,42506,42506
18733,42506,42506
18734,42506,42506
18735,42506,42506
18736,42506,42506
18737,42506,42506
18738,42506,42506
18739,42506,42506
18740,42506,42506
18741,42506,42506
18742,42506,42506
18743,42506,42506
18744,42506,42506
18745,42506,42506
18746,42506,42506
18747,42506,42506
18748,42506,42506
18749,42506,42506
18750,42506,42506
18751,42506,42506
18752,42506,42506
18753,42506,42506
18754,42506,42506
18755,42506,42506
18756,42506,42506
18757,42506,42506
18758,42506,42506
18759,42506,42506
18760,42506,42506
18761,42506,42506
18762,42506,42506
18763,42506,42506
18764,42506,42506
18765,42506,42506
18766,42506,42506
18767,42506,42506
18768,42506,42506
18769,42506,42506
18770,42506,42506
18771,42506,42506
18772,42506,42506
18773,42506,42506
18774,42506,42506
18775,42506,42506
18776,42506,42506
18777,42506,42506
18778,42506,42506
18779,42506,42506
18780,42506,42506
18781,42506,42506
18782,42506,42506
18783,42506,42506
18784,42506,42506
18785,42506,42506
18786,42506,42506
18787,42506,42506
18788,42506,42506
18789,42506,42506
18790,42506,42506
18791,42506,42506
18792,42506,42506
18793,42506,42506
18794,42506,42506
18795,42506,42506
18796,42506,42506
18797,42506,42506
18798,42506,42506
18799,42506,42506
18800,42506,42506
18801,42506,42506
18802,42506,42506
18803,42506,42506
18804,42506,42506
18805,42506,42506
18806,42506,42506
18807,42506,42506
18808,42506,42506
18809,42506,42506
18810,42506,42506
18811,42506,42506
18812,42506,42506
18813,42506,42506
18814,42506,42506
18815,42506,42506
18816,42506,42506
18817,42506,42506
18818,42506,42506
18819,42506,42506
18820,42506,42506
18821,42506,42506
18822,42506,42506
18823,42506,42506
18824,42506,42506
18825,42506,42506
18826,42506,42506
18827,42506,42506
18828,42506,42506
18829,42506,42506
18830,42506,42506
18831,42506,42506
18832,42506,42506
18833,42506,42506
18834,42506,42506
18835,42506,42506
18836,42506,42506
18837,42507,42507
18838,42507,42507
18839,42507,42507
18840,42507,42507
18841,42507,42507
18842,42507,42507
18843,42507,42507
18844,42507,42507
18845,42507,42507
18846,42507,42507
18847,42507,42507
18848,42507,42507
18849,42507,42507
18850,42507,42507
18851,42507,42507
18852,42507,42507
18853,42507,42507
18854,42507,42507
18855,42507,42507
18856,42507,42507
18857,42507,42507
18858,42507,42507
18859,42507,42507
18860,42507,42507
18861,42507,42507
18862,42507,42507
18863,42507,42507
18864,42507,42507
18865,42507,42507
18866,42507,42507
18867,42507,42507
18868,42507,42507
18869,42507,42507
18870,42507,42507
18871,42507,42507
18872,42507,42507
18873,42507,42507
18874,42507,42507
18875,42507,42507
18876,42507,42507
18877,42507,42507
18878,42507,42507
18879,42507,42507
18880,42507,42507
18881,42507,42507
18882,42507,42507
18883,42507,42507
18884,42507,42507
18885,42507,42507
18886,42507,42507
18887,42507,42507
18888,42507,42507
18889,42507,42507
18890,42507,42507
18891,42507,42507
18892,42507,42507
18893,42507,42507
18894,42507,42507
18895,42507,42507
18896,42507,42507
18897,42507,42507
18898,42507,42507
18899,42507,42507
18900,42507,42507
18901,42507,42507
18902,42507,42507
18903,42507,42507
18904,42507,42507
18905,42507,42507
18906,42507,42507
18907,42507,42507
18908,42507,42507
18909,42507,42507
18910,42507,42507
18911,42507,42507
18912,42507,42507
18913,42507,42507
18914,42507,42507
18915,42507,42507
18916,42507,42507
18917,42507,42507
18918,42507,42507
18919,42507,42507
18920,42507,42507
18921,42507,42507
18922,42507,42507
18923,42507,42507
18924,42507,42507
18925,42507,42507
18926,42507,42507
18927,42507,42507
18928,42507,42507
18929,42507,42507
18930,42507,42507
18931,42507,42507
18932,42507,42507
18933,42507,42507
18934,42507,42507
18935,42507,42507
18936,42507,42507
18937,42507,42507
18938,42507,42507
18939,42507,42507
18940,42507,42507
18941,42507,42507
18942,42507,42507
18943,42507,42507
18944,42507,42507
18945,42507,42507
18946,42507,42507
18947,42507,42507
18948,42507,42507
18949,42507,42507
18950,42507,42507
18951,42507,42507
18952,42507,42507
18953,42507,42507
18954,42507,42507
18955,42507,42507
18956,42507,42507
18957,42507,42507
18958,42507,42507
18959,42507,42507
18960,42507,42507
18961,42507,42507
18962,42507,42507
18963,42507,42507
18964,42507,42507
18965,42507,42507
18966,42507,42507
18967,42507,42507
18968,42507,42507
18969,42507,42507
18970,42507,42507
18971,42507,42507
18972,42507,42507
18973,42507,42507
18974,42507,42507
18975,42507,42507
18976,42507,42507
18977,42507,42507
18978,42507,42507
18979,42507,42507
18980,42507,42507
18981,42507,42507
18982,42507,42507
18983,42507,42507
18984,42507,42507
18985,42507,42507
18986,42507,42507
18987,42507,42507
18988,42507,42507
18989,42507,42507
18990,42507,42507
18991,42507,42507
18992,42507,42507
18993,42507,42507
18994,42507,42507
18995,42507,42507
18996,42507,42507
18997,42507,42507
18998,42507,42507
18999,42507,42507
19000,42507,42507
19001,42507,42507
19002,42507,42507
19003,42507,42507
19004,42507,42507
19005,42507,42507
19006,42507,42507
19007,42507,42507
19008,42507,42507
19009,42507,42507
19010,42507,42507
19011,42507,42507
19012,42507,42507
19013,42507,42507
19014,42507,42507
19015,42507,42507
19016,42507,42507
19017,42507,42507
19018,42507,42507
19019,42507,42507
19020,42507,42507
19021,42507,42507
19022,42507,42507
19023,42507,42507
19024,42507,42507
19025,42507,42507
19026,42507,42507
19027,42507,42507
19028,42507,42507
19029,42507,42507
19030,42507,42507
19031,42507,42507
19032,42507,42507
19033,42507,42507
19034,42507,42507
19035,42507,42507
19036,42507,42507
19037,42507,42507
19038,42507,42507
19039,42507,42507
19040,42507,42507
19041,42507,42507
19042,42507,42507
19043,42507,42507
19044,42508,42508
19045,42508,42508
19046,42508,42508
19047,42508,42508
19048,42508,42508
19049,42508,42508
19050,42508,42508
19051,42508,42508
19052,42508,42508
19053,42508,42508
19054,42508,42508
19055,42508,42508
19056,42508,42508
19057,42508,42508
19058,42508,42508
19059,42508,42508
19060,42508,42508
19061,42508,42508
19062,42508,42508
19063,42508,42508
19064,42508,42508
19065,42508,42508
19066,42508,42508
19067,42508,42508
19068,42508,42508
19069,42508,42508
19070,42508,42508
19071,42508,42508
19072,42508,42508
19073,42508,42508
19074,42508,42508
19075,42508,42508
19076,42508,42508
19077,42508,42508
19078,42508,42508
19079,42508,42508
19080,42508,42508
19081,42508,42508
19082,42508,42508
19083,42508,42508
19084,42508,42508
19085,42508,42508
19086,42508,42508
19087,42508,42508
19088,42508,42508
19089,42508,42508
19090,42508,42508
19091,42508,42508
19092,42508,42508
19093,42508,42508
19094,42508,42508
19095,42508,42508
19096,42508,42508
19097,42508,42508
19098,42508,42508
19099,42508,42508
19100,42508,42508
19101,42508,42508
19102,42508,42508
19103,42508,42508
19104,42508,42508
19105,42508,42508
19106,42508,42508
19107,42508,42508
19108,42508,42508
19109,42508,42508
19110,42508,42508
19111,42508,42508
19112,42508,42508
19113,42508,42508
19114,42508,42508
19115,42508,42508
19116,42508,42508
19117,42508,42508
19118,42508,42508
19119,42508,42508
19120,42508,42508
19121,42508,42508
19122,42508,42508
19123,42508,42508
19124,42508,42508
19125,42508,42508
19126,42508,42508
19127,42508,42508
19128,42508,42508
19129,42508,42508
19130,42508,42508
19131,42508,42508
19132,42508,42508
19133,42508,42508
19134,42508,42508
19135,42508,42508
19136,42508,42508
19137,42508,42508
19138,42508,42508
19139,42508,42508
19140,42508,42508
19141,42508,42508
19142,42508,42508
19143,42508,42508
19144,42508,42508
19145,42508,42508
19146,42508,42508
19147,42508,42508
19148,42508,42508
19149,42508,42508
19150,42508,42508
19151,42508,42508
19152,42508,42508
19153,42508,42508
19154,42508,42508
19155,42508,42508
19156,42508,42508
19157,42508,42508
19158,42508,42508
19159,42508,42508
19160,42508,42508
19161,42508,42508
19162,42508,42508
19163,42508,42508
19164,42508,42508
19165,42508,42508
19166,42508,42508
19167,42508,42508
19168,42508,42508
19169,42508,42508
19170,42508,42508
19171,42508,42508
19172,42508,42508
19173,42508,42508
19174,42508,42508
19175,42508,42508
19176,42508,42508
19177,42508,42508
19178,42508,42508
19179,42508,42508
19180,42508,42508
19181,42508,42508
19182,42508,42508
19183,42508,42508
19184,42508,42508
19185,42508,42508
19186,42508,42508
19187,42508,42508
19188,42508,42508
19189,42508,42508
19190,42508,42508
19191,42508,42508
19192,42508,42508
19193,42508,42508
19194,42508,42508
19195,42508,42508
19196,42508,42508
19197,42508,42508
19198,42508,42508
19199,42508,42508
19200,42508,42508
19201,42508,42508
19202,42508,42508
19203,42508,42508
19204,42508,42508
19205,42508,42508
19206,42508,42508
19207,42508,42508
19208,42508,42508
19209,42508,42508
19210,42508,42508
19211,42508,42508
19212,42508,42508
19213,42508,42508
19214,42508,42508
19215,42508,42508
19216,42508,42508
19217,42508,42508
19218,42508,42508
19219,42508,42508
19220,42508,42508
19221,42508,42508
19222,42508,42508
19223,42508,42508
19224,42508,42508
19225,42508,42508
19226,42508,42508
19227,42508,42508
19228,42508,42508
19229,42508,42508
19230,42508,42508
19231,42508,42508
19232,42508,42508
19233,42508,42508
19234,42508,42508
19235,42508,42508
19236,42508,42508
19237,42508,42508
19238,42508,42508
19239,42508,42508
19240,42508,42508
19241,42508,42508
19242,42508,42508
19243,42508,42508
19244,42508,42508
19245,42508,42508
19246,42508,42508
19247,42508,42508
19248,42508,42508
19249,42508,42508
19250,42508,42508
19251,42509,42509
19252,42509,42509
19253,42509,42509
19254,42509,42509
19255,42509,42509
19256,42509,42509
19257,42509,42509
19258,42509,42509
19259,42509,42509
19260,42509,42509
19261,42509,42509
19262,42509,42509
19263,42509,42509
19264,42509,42509
19265,42509,42509
19266,42509,42509
19267,42509,42509
19268,42509,42509
19269,42509,42509
19270,42509,42509
19271,42509,42509
19272,42509,42509
19273,42509,42509
19274,42509,42509
19275,42509,42509
19276,42509,42509
19277,42509,42509
19278,42509,42509
19279,42509,42509
19280,42509,42509
19281,42509,42509
19282,42509,42509
19283,42509,42509
19284,42509,42509
19285,42509,42509
19286,42509,42509
19287,42509,42509
19288,42509,42509
19289,42509,42509
19290,42509,42509
19291,42509,42509
19292,42509,42509
19293,42509,42509
19294,42509,42509
19295,42509,42509
19296,42509,42509
19297,42509,42509
19298,42509,42509
19299,42509,42509
19300,42509,42509
19301,42509,42509
19302,42509,42509
19303,42509,42509
19304,42509,42509
19305,42509,42509
19306,42509,42509
19307,42509,42509
19308,42509,42509
19309,42509,42509
19310,42509,42509
19311,42509,42509
19312,42509,42509
19313,42509,42509
19314,42509,42509
19315,42509,42509
19316,42509,42509
19317,42509,42509
19318,42509,42509
19319,42509,42509
19320,42509,42509
19321,42509,42509
19322,42509,42509
19323,42509,42509
19324,42509,42509
19325,42509,42509
19326,42509,42509
19327,42509,42509
19328,42509,42509
19329,42509,42509
19330,42509,42509
19331,42509,42509
19332,42509,42509
19333,42509,42509
19334,42509,42509
19335,42509,42509
19336,42509,42509
19337,42509,42509
19338,42509,42509
19339,42509,42509
19340,42509,42509
19341,42509,42509
19342,42509,42509
19343,42509,42509
19344,42509,42509
19345,42509,42509
19346,42509,42509
19347,42509,42509
19348,42509,42509
19349,42509,42509
19350,42509,42509
19351,42509,42509
19352,42509,42509
19353,42509,42509
19354,42509,42509
19355,42509,42509
19356,42509,42509
19357,42509,42509
19358,42509,42509
19359,42509,42509
19360,42509,42509
19361,42509,42509
19362,42509,42509
19363,42509,42509
19364,42509,42509
19365,42509,42509
19366,42509,42509
19367,42509,42509
19368,42509,42509
19369,42509,42509
19370,42509,42509
19371,42509,42509
19372,42509,42509
19373,42509,42509
19374,42509,42509
19375,42509,42509
19376,42509,42509
19377,42509,42509
19378,42509,42509
19379,42509,42509
19380,42509,42509
19381,42509,42509
19382,42509,42509
19383,42509,42509
19384,42509,42509
19385,42509,42509
19386,42509,42509
19387,42509,42509
19388,42509,42509
19389,42509,42509
19390,42509,42509
19391,42509,42509
19392,42509,42509
19393,42509,42509
19394,42509,42509
19395,42509,42509
19396,42509,42509
19397,42509,42509
19398,42509,42509
19399,42509,42509
19400,42509,42509
19401,42509,42509
19402,42509,42509
19403,42509,42509
19404,42509,42509
19405,42509,42509
19406,42509,42509
19407,42509,42509
19408,42509,42509
19409,42509,42509
19410,42509,42509
19411,42509,42509
19412,42509,42509
19413,42509,42509
19414,42509,42509
19415,42509,42509
19416,42509,42509
19417,42509,42509
19418,42509,42509
19419,42509,42509
19420,42509,42509
19421,42509,42509
19422,42509,42509
19423,42509,42509
19424,42509,42509
19425,42509,42509
19426,42509,42509
19427,42509,42509
19428,42509,42509
19429,42509,42509
19430,42509,42509
19431,42509,42509
19432,42509,42509
19433,42509,42509
19434,42509,42509
19435,42509,42509
19436,42509,42509
19437,42509,42509
19438,42509,42509
19439,42509,42509
19440,42509,42509
19441,42509,42509
19442,42509,42509
19443,42509,42509
19444,42509,42509
19445,42509,42509
19446,42509,42509
19447,42509,42509
19448,42509,42509
19449,42509,42509
19450,42509,42509
19451,42509,42509
19452,42509,42509
19453,42509,42509
19454,42509,42509
19455,42509,42509
19456,42509,42509
19457,42509,42509
19458,42510,42510
19459,42510,42510
19460,42510,42510
19461,42510,42510
19462,42510,42510
19463,42510,42510
19464,42510,42510
19465,42510,42510
19466,42510,42510
19467,42510,42510
19468,42510,42510
19469,42510,42510
19470,42510,42510
19471,42510,42510
19472,42510,42510
19473,42510,42510
19474,42510,42510
19475,42510,42510
19476,42510,42510
19477,42510,42510
19478,42510,42510
19479,42510,42510
19480,42510,42510
19481,42510,42510
19482,42510,42510
19483,42510,42510
19484,42510,42510
19485,42510,42510
19486,42510,42510
19487,42510,42510
19488,42510,42510
19489,42510,42510
19490,42510,42510
19491,42510,42510
19492,42510,42510
19493,42510,42510
19494,42510,42510
19495,42510,42510
19496,42510,42510
19497,42510,42510
19498,42510,42510
19499,42510,42510
19500,42510,42510
19501,42510,42510
19502,42510,42510
19503,42510,42510
19504,42510,42510
19505,42510,42510
19506,42510,42510
19507,42510,42510
19508,42510,42510
19509,42510,42510
19510,42510,42510
19511,42510,42510
19512,42510,42510
19513,42510,42510
19514,42510,42510
19515,42510,42510
19516,42510,42510
19517,42510,42510
19518,42510,42510
19519,42510,42510
19520,42510,42510
19521,42510,42510
19522,42510,42510
19523,42510,42510
19524,42510,42510
19525,42510,42510
19526,42510,42510
19527,42510,42510
19528,42510,42510
19529,42510,42510
19530,42510,42510
19531,42510,42510
19532,42510,42510
19533,42510,42510
19534,42510,42510
19535,42510,42510
19536,42510,42510
19537,42510,42510
19538,42510,42510
19539,42510,42510
19540,42510,42510
19541,42510,42510
19542,42510,42510
19543,42510,42510
19544,42510,42510
19545,42510,42510
19546,42510,42510
19547,42510,42510
19548,42510,42510
19549,42510,42510
19550,42510,42510
19551,42510,42510
19552,42510,42510
19553,42510,42510
19554,42510,42510
19555,42510,42510
19556,42510,42510
19557,42510,42510
19558,42510,42510
19559,42510,42510
19560,42510,42510
19561,42510,42510
19562,42510,42510
19563,42510,42510
19564,42510,42510
19565,42510,42510
19566,42510,42510
19567,42510,42510
19568,42510,42510
19569,42510,42510
19570,42510,42510
19571,42510,42510
19572,42510,42510
19573,42510,42510
19574,42510,42510
19575,42510,42510
19576,42510,42510
19577,42510,42510
19578,42510,42510
19579,42510,42510
19580,42510,42510
19581,42510,42510
19582,42510,42510
19583,42510,42510
19584,42510,42510
19585,42510,42510
19586,42510,42510
19587,42510,42510
19588,42510,42510
19589,42510,42510
19590,42510,42510
19591,42510,42510
19592,42510,42510
19593,42510,42510
19594,42510,42510
19595,42510,42510
19596,42510,42510
19597,42510,42510
19598,42510,42510
19599,42510,42510
19600,42510,42510
19601,42510,42510
19602,42510,42510
19603,42510,42510
19604,42510,42510
19605,42510,42510
19606,42510,42510
19607,42510,42510
19608,42510,42510
19609,42510,42510
19610,42510,42510
19611,42510,42510
19612,42510,42510
19613,42510,42510
19614,42510,42510
19615,42510,42510
19616,42510,42510
19617,42510,42510
19618,42510,42510
19619,42510,42510
19620,42510,42510
19621,42510,42510
19622,42510,42510
19623,42510,42510
19624,42510,42510
19625,42510,42510
19626,42510,42510
19627,42510,42510
19628,42510,42510
19629,42510,42510
19630,42510,42510
19631,42510,42510
19632,42510,42510
19633,42510,42510
19634,42510,42510
19635,42510,42510
19636,42510,42510
19637,42510,42510
19638,42510,42510
19639,42510,42510
19640,42510,42510
19641,42510,42510
19642,42510,42510
19643,42510,42510
19644,42510,42510
19645,42510,42510
19646,42510,42510
19647,42510,42510
19648,42510,42510
19649,42510,42510
19650,42510,42510
19651,42510,42510
19652,42510,42510
19653,42510,42510
19654,42510,42510
19655,42510,42510
19656,42510,42510
19657,42510,42510
19658,42510,42510
19659,42510,42510
19660,42510,42510
19661,42510,42510
19662,42510,42510
19663,42510,42510
19664,42510,42510
19665,42511,42511
19666,42511,42511
19667,42511,42511
19668,42511,42511
19669,42511,42511
19670,42511,42511
19671,42511,42511
19672,42511,42511
19673,42511,42511
19674,42511,42511
19675,42511,42511
19676,42511,42511
19677,42511,42511
19678,42511,42511
19679,42511,42511
19680,42511,42511
19681,42511,42511
19682,42511,42511
19683,42511,42511
19684,42511,42511
19685,42511,42511
19686,42511,42511
19687,42511,42511
19688,42511,42511
19689,42511,42511
19690,42511,42511
19691,42511,42511
19692,42511,42511
19693,42511,42511
19694,42511,42511
19695,42511,42511
19696,42511,42511
19697,42511,42511
19698,42511,42511
19699,42511,42511
19700,42511,42511
19701,42511,42511
19702,42511,42511
19703,42511,42511
19704,42511,42511
19705,42511,42511
19706,42511,42511
19707,42511,42511
19708,42511,42511
19709,42511,42511
19710,42511,42511
19711,42511,42511
19712,42511,42511
19713,42511,42511
19714,42511,42511
19715,42511,42511
19716,42511,42511
19717,42511,42511
19718,42511,42511
19719,42511,42511
19720,42511,42511
19721,42511,42511
19722,42511,42511
19723,42511,42511
19724,42511,42511
19725,42511,42511
19726,42511,42511
19727,42511,42511
19728,42511,42511
19729,42511,42511
19730,42511,42511
19731,42511,42511
19732,42511,42511
19733,42511,42511
19734,42511,42511
19735,42511,42511
19736,42511,42511
19737,42511,42511
19738,42511,42511
19739,42511,42511
19740,42511,42511
19741,42511,42511
19742,42511,42511
19743,42511,42511
19744,42511,42511
19745,42511,42511
19746,42511,42511
19747,42511,42511
19748,42511,42511
19749,42511,42511
19750,42511,42511
19751,42511,42511
19752,42511,42511
19753,42511,42511
19754,42511,42511
19755,42511,42511
19756,42511,42511
19757,42511,42511
19758,42511,42511
19759,42511,42511
19760,42511,42511
19761,42511,42511
19762,42511,42511
19763,42511,42511
19764,42511,42511
19765,42511,42511
19766,42511,42511
19767,42511,42511
19768,42511,42511
19769,42511,42511
19770,42511,42511
19771,42511,42511
19772,42511,42511
19773,42511,42511
19774,42511,42511
19775,42511,42511
19776,42511,42511
19777,42511,42511
19778,42511,42511
19779,42511,42511
19780,42511,42511
19781,42511,42511
19782,42511,42511
19783,42511,42511
19784,42511,42511
19785,42511,42511
19786,42511,42511
19787,42511,42511
19788,42511,42511
19789,42511,42511
19790,42511,42511
19791,42511,42511
19792,42511,42511
19793,42511,42511
19794,42511,42511
19795,42511,42511
19796,42511,42511
19797,42511,42511
19798,42511,42511
19799,42511,42511
19800,42511,42511
19801,42511,42511
19802,42511,42511
19803,42511,42511
19804,42511,42511
19805,42511,42511
19806,42511,42511
19807,42511,42511
19808,42511,42511
19809,42511,42511
19810,42511,42511
19811,42511,42511
19812,42511,42511
19813,42511,42511
19814,42511,42511
19815,42511,42511
19816,42511,42511
19817,42511,42511
19818,42511,42511
19819,42511,42511
19820,42511,42511
19821,42511,42511
19822,42511,42511
19823,42511,42511
19824,42511,42511
19825,42511,42511
19826,42511,42511
19827,42511,42511
19828,42511,42511
19829,42511,42511
19830,42511,42511
19831,42511,42511
19832,42511,42511
19833,42511,42511
19834,42511,42511
19835,42511,42511
19836,42511,42511
19837,42511,42511
19838,42511,42511
19839,42511,42511
19840,42511,42511
19841,42511,42511
19842,42511,42511
19843,42511,42511
19844,42511,42511
19845,42511,42511
19846,42511,42511
19847,42511,42511
19848,42511,42511
19849,42511,42511
19850,42511,42511
19851,42511,42511
19852,42511,42511
19853,42511,42511
19854,42511,42511
19855,42511,42511
19856,42511,42511
19857,42511,42511
19858,42511,42511
19859,42511,42511
19860,42511,42511
19861,42511,42511
19862,42511,42511
19863,42511,42511
19864,42511,42511
19865,42511,42511
19866,42511,42511
19867,42511,42511
19868,42511,42511
19869,42511,42511
19870,42511,42511
19871,42511,42511
19872,42512,42512
19873,42512,42512
19874,42512,42512
19875,42512,42512
19876,42512,42512
19877,42512,42512
19878,42512,42512
19879,42512,42512
19880,42512,42512
19881,42512,42512
19882,42512,42512
19883,42512,42512
19884,42512,42512
19885,42512,42512
19886,42512,42512
19887,42512,42512
19888,42512,42512
19889,42512,42512
19890,42512,42512
19891,42512,42512
19892,42512,42512
19893,42512,42512
19894,42512,42512
19895,42512,42512
19896,42512,42512
19897,42512,42512
19898,42512,42512
19899,42512,42512
19900,42512,42512
19901,42512,42512
19902,42512,42512
19903,42512,42512
19904,42512,42512
19905,42512,42512
19906,42512,42512
19907,42512,42512
19908,42512,42512
19909,42512,42512
19910,42512,42512
19911,42512,42512
19912,42512,42512
19913,42512,42512
19914,42512,42512
19915,42512,42512
19916,42512,42512
19917,42512,42512
19918,42512,42512
19919,42512,42512
19920,42512,42512
19921,42512,42512
19922,42512,42512
19923,42512,42512
19924,42512,42512
19925,42512,42512
19926,42512,42512
19927,42512,42512
19928,42512,42512
19929,42512,42512
19930,42512,42512
19931,42512,42512
19932,42512,42512
19933,42512,42512
19934,42512,42512
19935,42512,42512
19936,42512,42512
19937,42512,42512
19938,42512,42512
19939,42512,42512
19940,42512,42512
19941,42512,42512
19942,42512,42512
19943,42512,42512
19944,42512,42512
19945,42512,42512
19946,42512,42512
19947,42512,42512
19948,42512,42512
19949,42512,42512
19950,42512,42512
19951,42512,42512
19952,42512,42512
19953,42512,42512
19954,42512,42512
19955,42512,42512
19956,42512,42512
19957,42512,42512
19958,42512,42512
19959,42512,42512
19960,42512,42512
19961,42512,42512
19962,42512,42512
19963,42512,42512
19964,42512,42512
19965,42512,42512
19966,42512,42512
19967,42512,42512
19968,42512,42512
19969,42512,42512
19970,42512,42512
19971,42512,42512
19972,42512,42512
19973,42512,42512
19974,42512,42512
19975,42512,42512
19976,42512,42512
19977,42512,42512
19978,42512,42512
19979,42512,42512
19980,42512,42512
19981,42512,42512
19982,42512,42512
19983,42512,42512
19984,42512,42512
19985,42512,42512
19986,42512,42512
19987,42512,42512
19988,42512,42512
19989,42512,42512
19990,42512,42512
19991,42512,42512
19992,42512,42512
19993,42512,42512
19994,42512,42512
19995,42512,42512
19996,42512,42512
19997,42512,42512
19998,42512,42512
19999,42512,42512
20000,42512,42512
20001,42512,42512
20002,42512,42512
20003,42512,42512
20004,42512,42512
20005,42512,42512
20006,42512,42512
20007,42512,42512
20008,42512,42512
20009,42512,42512
20010,42512,42512
20011,42512,42512
20012,42512,42512
20013,42512,42512
20014,42512,42512
20015,42512,42512
20016,42512,42512
20017,42512,42512
20018,42512,42512
20019,42512,42512
20020,42512,42512
20021,42512,42512
20022,42512,42512
20023,42512,42512
20024,42512,42512
20025,42512,42512
20026,42512,42512
20027,42512,42512
20028,42512,42512
20029,42512,42512
20030,42512,42512
20031,42512,42512
20032,42512,42512
20033,42512,42512
20034,42512,42512
20035,42512,42512
20036,42512,42512
20037,42512,42512
20038,42512,42512
20039,42512,42512
20040,42512,42512
20041,42512,42512
20042,42512,42512
20043,42512,42512
20044,42512,42512
20045,42512,42512
20046,42512,42512
20047,42512,42512
20048,42512,42512
20049,42512,42512
20050,42512,42512
20051,42512,42512
20052,42512,42512
20053,42512,42512
20054,42512,42512
20055,42512,42512
20056,42512,42512
20057,42512,42512
20058,42512,42512
20059,42512,42512
20060,42512,42512
20061,42512,42512
20062,42512,42512
20063,42512,42512
20064,42512,42512
20065,42512,42512
20066,42512,42512
20067,42512,42512
20068,42512,42512
20069,42512,42512
20070,42512,42512
20071,42512,42512
20072,42512,42512
20073,42512,42512
20074,42512,42512
20075,42512,42512
20076,42512,42512
20077,42512,42512
20078,42512,42512
20079,42513,42513
20080,42513,42513
20081,42513,42513
20082,42513,42513
20083,42513,42513
20084,42513,42513
20085,42513,42513
20086,42513,42513
20087,42513,42513
20088,42513,42513
20089,42513,42513
20090,42513,42513
20091,42513,42513
20092,42513,42513
20093,42513,42513
20094,42513,42513
20095,42513,42513
20096,42513,42513
20097,42513,42513
20098,42513,42513
20099,42513,42513
20100,42513,42513
20101,42513,42513
20102,42513,42513
20103,42513,42513
20104,42513,42513
20105,42513,42513
20106,42513,42513
20107,42513,42513
20108,42513,42513
20109,42513,42513
20110,42513,42513
20111,42513,42513
20112,42513,42513
20113,42513,42513
20114,42513,42513
20115,42513,42513
20116,42513,42513
20117,42513,42513
20118,42513,42513
20119,42513,42513
20120,42513,42513
20121,42513,42513
20122,42513,42513
20123,42513,42513
20124,42513,42513
20125,42513,42513
20126,42513,42513
20127,42513,42513
20128,42513,42513
20129,42513,42513
20130,42513,42513
20131,42513,42513
20132,42513,42513
20133,42513,42513
20134,42513,42513
20135,42513,42513
20136,42513,42513
20137,42513,42513
20138,42513,42513
20139,42513,42513
20140,42513,42513
20141,42513,42513
20142,42513,42513
20143,42513,42513
20144,42513,42513
20145,42513,42513
20146,42513,42513
20147,42513,42513
20148,42513,42513
20149,42513,42513
20150,42513,42513
20151,42513,42513
20152,42513,42513
20153,42513,42513
20154,42513,42513
20155,42513,42513
20156,42513,42513
20157,42513,42513
20158,42513,42513
20159,42513,42513
20160,42513,42513
20161,42513,42513
20162,42513,42513
20163,42513,42513
20164,42513,42513
20165,42513,42513
20166,42513,42513
20167,42513,42513
20168,42513,42513
20169,42513,42513
20170,42513,42513
20171,42513,42513
20172,42513,42513
20173,42513,42513
20174,42513,42513
20175,42513,42513
20176,42513,42513
20177,42513,42513
20178,42513,42513
20179,42513,42513
20180,42513,42513
20181,42513,42513
20182,42513,42513
20183,42513,42513
20184,42513,42513
20185,42513,42513
20186,42513,42513
20187,42513,42513
20188,42513,42513
20189,42513,42513
20190,42513,42513
20191,42513,42513
20192,42513,42513
20193,42513,42513
20194,42513,42513
20195,42513,42513
20196,42513,42513
20197,42513,42513
20198,42513,42513
20199,42513,42513
20200,42513,42513
20201,42513,42513
20202,42513,42513
20203,42513,42513
20204,42513,42513
20205,42513,42513
20206,42513,42513
20207,42513,42513
20208,42513,42513
20209,42513,42513
20210,42513,42513
20211,42513,42513
20212,42513,42513
20213,42513,42513
20214,42513,42513
20215,42513,42513
20216,42513,42513
20217,42513,42513
20218,42513,42513
20219,42513,42513
20220,42513,42513
20221,42513,42513
20222,42513,42513
20223,42513,42513
20224,42513,42513
20225,42513,42513
20226,42513,42513
20227,42513,42513
20228,42513,42513
20229,42513,42513
20230,42513,42513
20231,42513,42513
20232,42513,42513
20233,42513,42513
20234,42513,42513
20235,42513,42513
20236,42513,42513
20237,42513,42513
20238,42513,42513
20239,42513,42513
20240,42513,42513
20241,42513,42513
20242,42513,42513
20243,42513,42513
20244,42513,42513
20245,42513,42513
20246,42513,42513
20247,42513,42513
20248,42513,42513
20249,42513,42513
20250,42513,42513
20251,42513,42513
20252,42513,42513
20253,42513,42513
20254,42513,42513
20255,42513,42513
20256,42513,42513
20257,42513,42513
20258,42513,42513
20259,42513,42513
20260,42513,42513
20261,42513,42513
20262,42513,42513
20263,42513,42513
20264,42513,42513
20265,42513,42513
20266,42513,42513
20267,42513,42513
20268,42513,42513
20269,42513,42513
20270,42513,42513
20271,42513,42513
20272,42513,42513
20273,42513,42513
20274,42513,42513
20275,42513,42513
20276,42513,42513
20277,42513,42513
20278,42513,42513
20279,42513,42513
20280,42513,42513
20281,42513,42513
20282,42513,42513
20283,42513,42513
20284,42513,42513
20285,42513,42513
20286,42514,42514
20287,42514,42514
20288,42514,42514
20289,42514,42514
20290,42514,42514
20291,42514,42514
20292,42514,42514
20293,42514,42514
20294,42514,42514
20295,42514,42514
20296,42514,42514
20297,42514,42514
20298,42514,42514
20299,42514,42514
20300,42514,42514
20301,42514,42514
20302,42514,42514
20303,42514,42514
20304,42514,42514
20305,42514,42514
20306,42514,42514
20307,42514,42514
20308,42514,42514
20309,42514,42514
20310,42514,42514
20311,42514,42514
20312,42514,42514
20313,42514,42514
20314,42514,42514
20315,42514,42514
20316,42514,42514
20317,42514,42514
20318,42514,42514
20319,42514,42514
20320,42514,42514
20321,42514,42514
20322,42514,42514
20323,42514,42514
20324,42514,42514
20325,42514,42514
20326,42514,42514
20327,42514,42514
20328,42514,42514
20329,42514,42514
20330,42514,42514
20331,42514,42514
20332,42514,42514
20333,42514,42514
20334,42514,42514
20335,42514,42514
20336,42514,42514
20337,42514,42514
20338,42514,42514
20339,42514,42514
20340,42514,42514
20341,42514,42514
20342,42514,42514
20343,42514,42514
20344,42514,42514
20345,42514,42514
20346,42514,42514
20347,42514,42514
20348,42514,42514
20349,42514,42514
20350,42514,42514
20351,42514,42514
20352,42514,42514
20353,42514,42514
20354,42514,42514
20355,42514,42514
20356,42514,42514
20357,42514,42514
20358,42514,42514
20359,42514,42514
20360,42514,42514
20361,42514,42514
20362,42514,42514
20363,42514,42514
20364,42514,42514
20365,42514,42514
20366,42514,42514
20367,42514,42514
20368,42514,42514
20369,42514,42514
20370,42514,42514
20371,42514,42514
20372,42514,42514
20373,42514,42514
20374,42514,42514
20375,42514,42514
20376,42514,42514
20377,42514,42514
20378,42514,42514
20379,42514,42514
20380,42514,42514
20381,42514,42514
20382,42514,42514
20383,42514,42514
20384,42514,42514
20385,42514,42514
20386,42514,42514
20387,42514,42514
20388,42514,42514
20389,42514,42514
20390,42514,42514
20391,42514,42514
20392,42514,42514
20393,42514,42514
20394,42514,42514
20395,42514,42514
20396,42514,42514
20397,42514,42514
20398,42514,42514
20399,42514,42514
20400,42514,42514
20401,42514,42514
20402,42514,42514
20403,42514,42514
20404,42514,42514
20405,42514,42514
20406,42514,42514
20407,42514,42514
20408,42514,42514
20409,42514,42514
20410,42514,42514
20411,42514,42514
20412,42514,42514
20413,42514,42514
20414,42514,42514
20415,42514,42514
20416,42514,42514
20417,42514,42514
20418,42514,42514
20419,42514,42514
20420,42514,42514
20421,42514,42514
20422,42514,42514
20423,42514,42514
20424,42514,42514
20425,42514,42514
20426,42514,42514
20427,42514,42514
20428,42514,42514
20429,42514,42514
20430,42514,42514
20431,42514,42514
20432,42514,42514
20433,42514,42514
20434,42514,42514
20435,42514,42514
20436,42514,42514
20437,42514,42514
20438,42514,42514
20439,42514,42514
20440,42514,42514
20441,42514,42514
20442,42514,42514
20443,42514,42514
20444,42514,42514
20445,42514,42514
20446,42514,42514
20447,42514,42514
20448,42514,42514
20449,42514,42514
20450,42514,42514
20451,42514,42514
20452,42514,42514
20453,42514,42514
20454,42514,42514
20455,42514,42514
20456,42514,42514
20457,42514,42514
20458,42514,42514
20459,42514,42514
20460,42514,42514
20461,42514,42514
20462,42514,42514
20463,42514,42514
20464,42514,42514
20465,42514,42514
20466,42514,42514
20467,42514,42514
20468,42514,42514
20469,42514,42514
20470,42514,42514
20471,42514,42514
20472,42514,42514
20473,42514,42514
20474,42514,42514
20475,42514,42514
20476,42514,42514
20477,42514,42514
20478,42514,42514
20479,42514,42514
20480,42514,42514
20481,42514,42514
20482,42514,42514
20483,42514,42514
20484,42514,42514
20485,42514,42514
20486,42514,42514
20487,42514,42514
20488,42514,42514
20489,42514,42514
20490,42514,42514
20491,42514,42514
20492,42514,42514
20493,42515,42515
20494,42515,42515
20495,42515,42515
20496,42515,42515
20497,42515,42515
20498,42515,42515
20499,42515,42515
20500,42515,42515
20501,42515,42515
20502,42515,42515
20503,42515,42515
20504,42515,42515
20505,42515,42515
20506,42515,42515
20507,42515,42515
20508,42515,42515
20509,42515,42515
20510,42515,42515
20511,42515,42515
20512,42515,42515
20513,42515,42515
20514,42515,42515
20515,42515,42515
20516,42515,42515
20517,42515,42515
20518,42515,42515
20519,42515,42515
20520,42515,42515
20521,42515,42515
20522,42515,42515
20523,42515,42515
20524,42515,42515
20525,42515,42515
20526,42515,42515
20527,42515,42515
20528,42515,42515
20529,42515,42515
20530,42515,42515
20531,42515,42515
20532,42515,42515
20533,42515,42515
20534,42515,42515
20535,42515,42515
20536,42515,42515
20537,42515,42515
20538,42515,42515
20539,42515,42515
20540,42515,42515
20541,42515,42515
20542,42515,42515
20543,42515,42515
20544,42515,42515
20545,42515,42515
20546,42515,42515
20547,42515,42515
20548,42515,42515
20549,42515,42515
20550,42515,42515
20551,42515,42515
20552,42515,42515
20553,42515,42515
20554,42515,42515
20555,42515,42515
20556,42515,42515
20557,42515,42515
20558,42515,42515
20559,42515,42515
20560,42515,42515
20561,42515,42515
20562,42515,42515
20563,42515,42515
20564,42515,42515
20565,42515,42515
20566,42515,42515
20567,42515,42515
20568,42515,42515
20569,42515,42515
20570,42515,42515
20571,42515,42515
20572,42515,42515
20573,42515,42515
20574,42515,42515
20575,42515,42515
20576,42515,42515
20577,42515,42515
20578,42515,42515
20579,42515,42515
20580,42515,42515
20581,42515,42515
20582,42515,42515
20583,42515,42515
20584,42515,42515
20585,42515,42515
20586,42515,42515
20587,42515,42515
20588,42515,42515
20589,42515,42515
20590,42515,42515
20591,42515,42515
20592,42515,42515
20593,42515,42515
20594,42515,42515
20595,42515,42515
20596,42515,42515
20597,42515,42515
20598,42515,42515
20599,42515,42515
20600,42515,42515
20601,42515,42515
20602,42515,42515
20603,42515,42515
20604,42515,42515
20605,42515,42515
20606,42515,42515
20607,42515,42515
20608,42515,42515
20609,42515,42515
20610,42515,42515
20611,42515,42515
20612,42515,42515
20613,42515,42515
20614,42515,42515
20615,42515,42515
20616,42515,42515
20617,42515,42515
20618,42515,42515
20619,42515,42515
20620,42515,42515
20621,42515,42515
20622,42515,42515
20623,42515,42515
20624,42515,42515
20625,42515,42515
20626,42515,42515
20627,42515,42515
20628,42515,42515
20629,42515,42515
20630,42515,42515
20631,42515,42515
20632,42515,42515
20633,42515,42515
20634,42515,42515
20635,42515,42515
20636,42515,42515
20637,42515,42515
20638,42515,42515
20639,42515,42515
20640,42515,42515
20641,42515,42515
20642,42515,42515
20643,42515,42515
20644,42515,42515
20645,42515,42515
20646,42515,42515
20647,42515,42515
20648,42515,42515
20649,42515,42515
20650,42515,42515
20651,42515,42515
20652,42515,42515
20653,42515,42515
20654,42515,42515
20655,42515,42515
20656,42515,42515
20657,42515,42515
20658,42515,42515
20659,42515,42515
20660,42515,42515
20661,42515,42515
20662,42515,42515
20663,42515,42515
20664,42515,42515
20665,42515,42515
20666,42515,42515
20667,42515,42515
20668,42515,42515
20669,42515,42515
20670,42515,42515
20671,42515,42515
20672,42515,42515
20673,42515,42515
20674,42515,42515
20675,42515,42515
20676,42515,42515
20677,42515,42515
20678,42515,42515
20679,42515,42515
20680,42515,42515
20681,42515,42515
20682,42515,42515
20683,42515,42515
20684,42515,42515
20685,42515,42515
20686,42515,42515
20687,42515,42515
20688,42515,42515
20689,42515,42515
20690,42515,42515
20691,42515,42515
20692,42515,42515
20693,42515,42515
20694,42515,42515
20695,42515,42515
20696,42515,42515
20697,42515,42515
20698,42515,42515
20699,42515,42515
20700,42516,42516
20701,42516,42516
20702,42516,42516
20703,42516,42516
20704,42516,42516
20705,42516,42516
20706,42516,42516
20707,42516,42516
20708,42516,42516
20709,42516,42516
20710,42516,42516
20711,42516,42516
20712,42516,42516
20713,42516,42516
20714,42516,42516
20715,42516,42516
20716,42516,42516
20717,42516,42516
20718,42516,42516
20719,42516,42516
20720,42516,42516
20721,42516,42516
20722,42516,42516
20723,42516,42516
20724,42516,42516
20725,42516,42516
20726,42516,42516
20727,42516,42516
20728,42516,42516
20729,42516,42516
20730,42516,42516
20731,42516,42516
20732,42516,42516
20733,42516,42516
20734,42516,42516
20735,42516,42516
20736,42516,42516
20737,42516,42516
20738,42516,42516
20739,42516,42516
20740,42516,42516
20741,42516,42516
20742,42516,42516
20743,42516,42516
20744,42516,42516
20745,42516,42516
20746,42516,42516
20747,42516,42516
20748,42516,42516
20749,42516,42516
20750,42516,42516
20751,42516,42516
20752,42516,42516
20753,42516,42516
20754,42516,42516
20755,42516,42516
20756,42516,42516
20757,42516,42516
20758,42516,42516
20759,42516,42516
20760,42516,42516
20761,42516,42516
20762,42516,42516
20763,42516,42516
20764,42516,42516
20765,42516,42516
20766,42516,42516
20767,42516,42516
20768,42516,42516
20769,42516,42516
20770,42516,42516
20771,42516,42516
20772,42516,42516
20773,42516,42516
20774,42516,42516
20775,42516,42516
20776,42516,42516
20777,42516,42516
20778,42516,42516
20779,42516,42516
20780,42516,42516
20781,42516,42516
20782,42516,42516
20783,42516,42516
20784,42516,42516
20785,42516,42516
20786,42516,42516
20787,42516,42516
20788,42516,42516
20789,42516,42516
20790,42516,42516
20791,42516,42516
20792,42516,42516
20793,42516,42516
20794,42516,42516
20795,42516,42516
20796,42516,42516
20797,42516,42516
20798,42516,42516
20799,42516,42516
20800,42516,42516
20801,42516,42516
20802,42516,42516
20803,42516,42516
20804,42516,42516
20805,42516,42516
20806,42516,42516
20807,42516,42516
20808,42516,42516
20809,42516,42516
20810,42516,42516
20811,42516,42516
20812,42516,42516
20813,42516,42516
20814,42516,42516
20815,42516,42516
20816,42516,42516
20817,42516,42516
20818,42516,42516
20819,42516,42516
20820,42516,42516
20821,42516,42516
20822,42516,42516
20823,42516,42516
20824,42516,42516
20825,42516,42516
20826,42516,42516
20827,42516,42516
20828,42516,42516
20829,42516,42516
20830,42516,42516
20831,42516,42516
20832,42516,42516
20833,42516,42516
20834,42516,42516
20835,42516,42516
20836,42516,42516
20837,42516,42516
20838,42516,42516
20839,42516,42516
20840,42516,42516
20841,42516,42516
20842,42516,42516
20843,42516,42516
20844,42516,42516
20845,42516,42516
20846,42516,42516
20847,42516,42516
20848,42516,42516
20849,42516,42516
20850,42516,42516
20851,42516,42516
20852,42516,42516
20853,42516,42516
20854,42516,42516
20855,42516,42516
20856,42516,42516
20857,42516,42516
20858,42516,42516
20859,42516,42516
20860,42516,42516
20861,42516,42516
20862,42516,42516
20863,42516,42516
20864,42516,42516
20865,42516,42516
20866,42516,42516
20867,42516,42516
20868,42516,42516
20869,42516,42516
20870,42516,42516
20871,42516,42516
20872,42516,42516
20873,42516,42516
20874,42516,42516
20875,42516,42516
20876,42516,42516
20877,42516,42516
20878,42516,42516
20879,42516,42516
20880,42516,42516
20881,42516,42516
20882,42516,42516
20883,42516,42516
20884,42516,42516
20885,42516,42516
20886,42516,42516
20887,42516,42516
20888,42516,42516
20889,42516,42516
20890,42516,42516
20891,42516,42516
20892,42516,42516
20893,42516,42516
20894,42516,42516
20895,42516,42516
20896,42516,42516
20897,42516,42516
20898,42516,42516
20899,42516,42516
20900,42516,42516
20901,42516,42516
20902,42516,42516
20903,42516,42516
20904,42516,42516
20905,42516,42516
20906,42516,42516
20907,42517,42517
20908,42517,42517
20909,42517,42517
20910,42517,42517
20911,42517,42517
20912,42517,42517
20913,42517,42517
20914,42517,42517
20915,42517,42517
20916,42517,42517
20917,42517,42517
20918,42517,42517
20919,42517,42517
20920,42517,42517
20921,42517,42517
20922,42517,42517
20923,42517,42517
20924,42517,42517
20925,42517,42517
20926,42517,42517
20927,42517,42517
20928,42517,42517
20929,42517,42517
20930,42517,42517
20931,42517,42517
20932,42517,42517
20933,42517,42517
20934,42517,42517
20935,42517,42517
20936,42517,42517
20937,42517,42517
20938,42517,42517
20939,42517,42517
20940,42517,42517
20941,42517,42517
20942,42517,42517
20943,42517,42517
20944,42517,42517
20945,42517,42517
20946,42517,42517
20947,42517,42517
20948,42517,42517
20949,42517,42517
20950,42517,42517
20951,42517,42517
20952,42517,42517
20953,42517,42517
20954,42517,42517
20955,42517,42517
20956,42517,42517
20957,42517,42517
20958,42517,42517
20959,42517,42517
20960,42517,42517
20961,42517,42517
20962,42517,42517
20963,42517,42517
20964,42517,42517
20965,42517,42517
20966,42517,42517
20967,42517,42517
20968,42517,42517
20969,42517,42517
20970,42517,42517
20971,42517,42517
20972,42517,42517
20973,42517,42517
20974,42517,42517
20975,42517,42517
20976,42517,42517
20977,42517,42517
20978,42517,42517
20979,42517,42517
20980,42517,42517
20981,42517,42517
20982,42517,42517
20983,42517,42517
20984,42517,42517
20985,42517,42517
20986,42517,42517
20987,42517,42517
20988,42517,42517
20989,42517,42517
20990,42517,42517
20991,42517,42517
20992,42517,42517
20993,42517,42517
20994,42517,42517
20995,42517,42517
20996,42517,42517
20997,42517,42517
20998,42517,42517
20999,42517,42517
21000,42517,42517
21001,42517,42517
21002,42517,42517
21003,42517,42517
21004,42517,42517
21005,42517,42517
21006,42517,42517
21007,42517,42517
21008,42517,42517
21009,42517,42517
21010,42517,42517
21011,42517,42517
21012,42517,42517
21013,42517,42517
21014,42517,42517
21015,42517,42517
21016,42517,42517
21017,42517,42517
21018,42517,42517
21019,42517,42517
21020,42517,42517
21021,42517,42517
21022,42517,42517
21023,42517,42517
21024,42517,42517
21025,42517,42517
21026,42517,42517
21027,42517,42517
21028,42517,42517
21029,42517,42517
21030,42517,42517
21031,42517,42517
21032,42517,42517
21033,42517,42517
21034,42517,42517
21035,42517,42517
21036,42517,42517
21037,42517,42517
21038,42517,42517
21039,42517,42517
21040,42517,42517
21041,42517,42517
21042,42517,42517
21043,42517,42517
21044,42517,42517
21045,42517,42517
21046,42517,42517
21047,42517,42517
21048,42517,42517
21049,42517,42517
21050,42517,42517
21051,42517,42517
21052,42517,42517
21053,42517,42517
21054,42517,42517
21055,42517,42517
21056,42517,42517
21057,42517,42517
21058,42517,42517
21059,42517,42517
21060,42517,42517
21061,42517,42517
21062,42517,42517
21063,42517,42517
21064,42517,42517
21065,42517,42517
21066,42517,42517
21067,42517,42517
21068,42517,42517
21069,42517,42517
21070,42517,42517
21071,42517,42517
21072,42517,42517
21073,42517,42517
21074,42517,42517
21075,42517,42517
21076,42517,42517
21077,42517,42517
21078,42517,42517
21079,42517,42517
21080,42517,42517
21081,42517,42517
21082,42517,42517
21083,42517,42517
21084,42517,42517
21085,42517,42517
21086,42517,42517
21087,42517,42517
21088,42517,42517
21089,42517,42517
21090,42517,42517
21091,42517,42517
21092,42517,42517
21093,42517,42517
21094,42517,42517
21095,42517,42517
21096,42517,42517
21097,42517,42517
21098,42517,42517
21099,42517,42517
21100,42517,42517
21101,42517,42517
21102,42517,42517
21103,42517,42517
21104,42517,42517
21105,42517,42517
21106,42517,42517
21107,42517,42517
21108,42517,42517
21109,42517,42517
21110,42517,42517
21111,42517,42517
21112,42517,42517
21113,42517,42517
21114,42518,42518
21115,42518,42518
21116,42518,42518
21117,42518,42518
21118,42518,42518
21119,42518,42518
21120,42518,42518
21121,42518,42518
21122,42518,42518
21123,42518,42518
21124,42518,42518
21125,42518,42518
21126,42518,42518
21127,42518,42518
21128,42518,42518
21129,42518,42518
21130,42518,42518
21131,42518,42518
21132,42518,42518
21133,42518,42518
21134,42518,42518
21135,42518,42518
21136,42518,42518
21137,42518,42518
21138,42518,42518
21139,42518,42518
21140,42518,42518
21141,42518,42518
21142,42518,42518
21143,42518,42518
21144,42518,42518
21145,42518,42518
21146,42518,42518
21147,42518,42518
21148,42518,42518
21149,42518,42518
21150,42518,42518
21151,42518,42518
21152,42518,42518
21153,42518,42518
21154,42518,42518
21155,42518,42518
21156,42518,42518
21157,42518,42518
21158,42518,42518
21159,42518,42518
21160,42518,42518
21161,42518,42518
21162,42518,42518
21163,42518,42518
21164,42518,42518
21165,42518,42518
21166,42518,42518
21167,42518,42518
21168,42518,42518
21169,42518,42518
21170,42518,42518
21171,42518,42518
21172,42518,42518
21173,42518,42518
21174,42518,42518
21175,42518,42518
21176,42518,42518
21177,42518,42518
21178,42518,42518
21179,42518,42518
21180,42518,42518
21181,42518,42518
21182,42518,42518
21183,42518,42518
21184,42518,42518
21185,42518,42518
21186,42518,42518
21187,42518,42518
21188,42518,42518
21189,42518,42518
21190,42518,42518
21191,42518,42518
21192,42518,42518
21193,42518,42518
21194,42518,42518
21195,42518,42518
21196,42518,42518
21197,42518,42518
21198,42518,42518
21199,42518,42518
21200,42518,42518
21201,42518,42518
21202,42518,42518
21203,42518,42518
21204,42518,42518
21205,42518,42518
21206,42518,42518
21207,42518,42518
21208,42518,42518
21209,42518,42518
21210,42518,42518
21211,42518,42518
21212,42518,42518
21213,42518,42518
21214,42518,42518
21215,42518,42518
21216,42518,42518
21217,42518,42518
21218,42518,42518
21219,42518,42518
21220,42518,42518
21221,42518,42518
21222,42518,42518
21223,42518,42518
21224,42518,42518
21225,42518,42518
21226,42518,42518
21227,42518,42518
21228,42518,42518
21229,42518,42518
21230,42518,42518
21231,42518,42518
21232,42518,42518
21233,42518,42518
21234,42518,42518
21235,42518,42518
21236,42518,42518
21237,42518,42518
21238,42518,42518
21239,42518,42518
21240,42518,42518
21241,42518,42518
21242,42518,42518
21243,42518,42518
21244,42518,42518
21245,42518,42518
21246,42518,42518
21247,42518,42518
21248,42518,42518
21249,42518,42518
21250,42518,42518
21251,42518,42518
21252,42518,42518
21253,42518,42518
21254,42518,42518
21255,42518,42518
21256,42518,42518
21257,42518,42518
21258,42518,42518
21259,42518,42518
21260,42518,42518
21261,42518,42518
21262,42518,42518
21263,42518,42518
21264,42518,42518
21265,42518,42518
21266,42518,42518
21267,42518,42518
21268,42518,42518
21269,42518,42518
21270,42518,42518
21271,42518,42518
21272,42518,42518
21273,42518,42518
21274,42518,42518
21275,42518,42518
21276,42518,42518
21277,42518,42518
21278,42518,42518
21279,42518,42518
21280,42518,42518
21281,42518,42518
21282,42518,42518
21283,42518,42518
21284,42518,42518
21285,42518,42518
21286,42518,42518
21287,42518,42518
21288,42518,42518
21289,42518,42518
21290,42518,42518
21291,42518,42518
21292,42518,42518
21293,42518,42518
21294,42518,42518
21295,42518,42518
21296,42518,42518
21297,42518,42518
21298,42518,42518
21299,42518,42518
21300,42518,42518
21301,42518,42518
21302,42518,42518
21303,42518,42518
21304,42518,42518
21305,42518,42518
21306,42518,42518
21307,42518,42518
21308,42518,42518
21309,42518,42518
21310,42518,42518
21311,42518,42518
21312,42518,42518
21313,42518,42518
21314,42518,42518
21315,42518,42518
21316,42518,42518
21317,42518,42518
21318,42518,42518
21319,42518,42518
21320,42518,42518
21321,42519,42519
21322,42519,42519
21323,42519,42519
21324,42519,42519
21325,42519,42519
21326,42519,42519
21327,42519,42519
21328,42519,42519
21329,42519,42519
21330,42519,42519
21331,42519,42519
21332,42519,42519
21333,42519,42519
21334,42519,42519
21335,42519,42519
21336,42519,42519
21337,42519,42519
21338,42519,42519
21339,42519,42519
21340,42519,42519
21341,42519,42519
21342,42519,42519
21343,42519,42519
21344,42519,42519
21345,42519,42519
21346,42519,42519
21347,42519,42519
21348,42519,42519
21349,42519,42519
21350,42519,42519
21351,42519,42519
21352,42519,42519
21353,42519,42519
21354,42519,42519
21355,42519,42519
21356,42519,42519
21357,42519,42519
21358,42519,42519
21359,42519,42519
21360,42519,42519
21361,42519,42519
21362,42519,42519
21363,42519,42519
21364,42519,42519
21365,42519,42519
21366,42519,42519
21367,42519,42519
21368,42519,42519
21369,42519,42519
21370,42519,42519
21371,42519,42519
21372,42519,42519
21373,42519,42519
21374,42519,42519
21375,42519,42519
21376,42519,42519
21377,42519,42519
21378,42519,42519
21379,42519,42519
21380,42519,42519
21381,42519,42519
21382,42519,42519
21383,42519,42519
21384,42519,42519
21385,42519,42519
21386,42519,42519
21387,42519,42519
21388,42519,42519
21389,42519,42519
21390,42519,42519
21391,42519,42519
21392,42519,42519
21393,42519,42519
21394,42519,42519
21395,42519,42519
21396,42519,42519
21397,42519,42519
21398,42519,42519
21399,42519,42519
21400,42519,42519
21401,42519,42519
21402,42519,42519
21403,42519,42519
21404,42519,42519
21405,42519,42519
21406,42519,42519
21407,42519,42519
21408,42519,42519
21409,42519,42519
21410,42519,42519
21411,42519,42519
21412,42519,42519
21413,42519,42519
21414,42519,42519
21415,42519,42519
21416,42519,42519
21417,42519,42519
21418,42519,42519
21419,42519,42519
21420,42519,42519
21421,42519,42519
21422,42519,42519
21423,42519,42519
21424,42519,42519
21425,42519,42519
21426,42519,42519
21427,42519,42519
21428,42519,42519
21429,42519,42519
21430,42519,42519
21431,42519,42519
21432,42519,42519
21433,42519,42519
21434,42519,42519
21435,42519,42519
21436,42519,42519
21437,42519,42519
21438,42519,42519
21439,42519,42519
21440,42519,42519
21441,42519,42519
21442,42519,42519
21443,42519,42519
21444,42519,42519
21445,42519,42519
21446,42519,42519
21447,42519,42519
21448,42519,42519
21449,42519,42519
21450,42519,42519
21451,42519,42519
21452,42519,42519
21453,42519,42519
21454,42519,42519
21455,42519,42519
21456,42519,42519
21457,42519,42519
21458,42519,42519
21459,42519,42519
21460,42519,42519
21461,42519,42519
21462,42519,42519
21463,42519,42519
21464,42519,42519
21465,42519,42519
21466,42519,42519
21467,42519,42519
21468,42519,42519
21469,42519,42519
21470,42519,42519
21471,42519,42519
21472,42519,42519
21473,42519,42519
21474,42519,42519
21475,42519,42519
21476,42519,42519
21477,42519,42519
21478,42519,42519
21479,42519,42519
21480,42519,42519
21481,42519,42519
21482,42519,42519
21483,42519,42519
21484,42519,42519
21485,42519,42519
21486,42519,42519
21487,42519,42519
21488,42519,42519
21489,42519,42519
21490,42519,42519
21491,42519,42519
21492,42519,42519
21493,42519,42519
21494,42519,42519
21495,42519,42519
21496,42519,42519
21497,42519,42519
21498,42519,42519
21499,42519,42519
21500,42519,42519
21501,42519,42519
21502,42519,42519
21503,42519,42519
21504,42519,42519
21505,42519,42519
21506,42519,42519
21507,42519,42519
21508,42519,42519
21509,42519,42519
21510,42519,42519
21511,42519,42519
21512,42519,42519
21513,42519,42519
21514,42519,42519
21515,42519,42519
21516,42519,42519
21517,42519,42519
21518,42519,42519
21519,42519,42519
21520,42519,42519
21521,42519,42519
21522,42519,42519
21523,42519,42519
21524,42519,42519
21525,42519,42519
21526,42519,42519
21527,42519,42519
21528,42520,42520
21529,42520,42520
21530,42520,42520
21531,42520,42520
21532,42520,42520
21533,42520,42520
21534,42520,42520
21535,42520,42520
21536,42520,42520
21537,42520,42520
21538,42520,42520
21539,42520,42520
21540,42520,42520
21541,42520,42520
21542,42520,42520
21543,42520,42520
21544,42520,42520
21545,42520,42520
21546,42520,42520
21547,42520,42520
21548,42520,42520
21549,42520,42520
21550,42520,42520
21551,42520,42520
21552,42520,42520
21553,42520,42520
21554,42520,42520
21555,42520,42520
21556,42520,42520
21557,42520,42520
21558,42520,42520
21559,42520,42520
21560,42520,42520
21561,42520,42520
21562,42520,42520
21563,42520,42520
21564,42520,42520
21565,42520,42520
21566,42520,42520
21567,42520,42520
21568,42520,42520
21569,42520,42520
21570,42520,42520
21571,42520,42520
21572,42520,42520
21573,42520,42520
21574,42520,42520
21575,42520,42520
21576,42520,42520
21577,42520,42520
21578,42520,42520
21579,42520,42520
21580,42520,42520
21581,42520,42520
21582,42520,42520
21583,42520,42520
21584,42520,42520
21585,42520,42520
21586,42520,42520
21587,42520,42520
21588,42520,42520
21589,42520,42520
21590,42520,42520
21591,42520,42520
21592,42520,42520
21593,42520,42520
21594,42520,42520
21595,42520,42520
21596,42520,42520
21597,42520,42520
21598,42520,42520
21599,42520,42520
21600,42520,42520
21601,42520,42520
21602,42520,42520
21603,42520,42520
21604,42520,42520
21605,42520,42520
21606,42520,42520
21607,42520,42520
21608,42520,42520
21609,42520,42520
21610,42520,42520
21611,42520,42520
21612,42520,42520
21613,42520,42520
21614,42520,42520
21615,42520,42520
21616,42520,42520
21617,42520,42520
21618,42520,42520
21619,42520,42520
21620,42520,42520
21621,42520,42520
21622,42520,42520
21623,42520,42520
21624,42520,42520
21625,42520,42520
21626,42520,42520
21627,42520,42520
21628,42520,42520
21629,42520,42520
21630,42520,42520
21631,42520,42520
21632,42520,42520
21633,42520,42520
21634,42520,42520
21635,42520,42520
21636,42520,42520
21637,42520,42520
21638,42520,42520
21639,42520,42520
21640,42520,42520
21641,42520,42520
21642,42520,42520
21643,42520,42520
21644,42520,42520
21645,42520,42520
21646,42520,42520
21647,42520,42520
21648,42520,42520
21649,42520,42520
21650,42520,42520
21651,42520,42520
21652,42520,42520
21653,42520,42520
21654,42520,42520
21655,42520,42520
21656,42520,42520
21657,42520,42520
21658,42520,42520
21659,42520,42520
21660,42520,42520
21661,42520,42520
21662,42520,42520
21663,42520,42520
21664,42520,42520
21665,42520,42520
21666,42520,42520
21667,42520,42520
21668,42520,42520
21669,42520,42520
21670,42520,42520
21671,42520,42520
21672,42520,42520
21673,42520,42520
21674,42520,42520
21675,42520,42520
21676,42520,42520
21677,42520,42520
21678,42520,42520
21679,42520,42520
21680,42520,42520
21681,42520,42520
21682,42520,42520
21683,42520,42520
21684,42520,42520
21685,42520,42520
21686,42520,42520
21687,42520,42520
21688,42520,42520
21689,42520,42520
21690,42520,42520
21691,42520,42520
21692,42520,42520
21693,42520,42520
21694,42520,42520
21695,42520,42520
21696,42520,42520
21697,42520,42520
21698,42520,42520
21699,42520,42520
21700,42520,42520
21701,42520,42520
21702,42520,42520
21703,42520,42520
21704,42520,42520
21705,42520,42520
21706,42520,42520
21707,42520,42520
21708,42520,42520
21709,42520,42520
21710,42520,42520
21711,42520,42520
21712,42520,42520
21713,42520,42520
21714,42520,42520
21715,42520,42520
21716,42520,42520
21717,42520,42520
21718,42520,42520
21719,42520,42520
21720,42520,42520
21721,42520,42520
21722,42520,42520
21723,42520,42520
21724,42520,42520
21725,42520,42520
21726,42520,42520
21727,42520,42520
21728,42520,42520
21729,42520,42520
21730,42520,42520
21731,42520,42520
21732,42520,42520
21733,42520,42520
21734,42520,42520
21735,42521,42521
21736,42521,42521
21737,42521,42521
21738,42521,42521
21739,42521,42521
21740,42521,42521
21741,42521,42521
21742,42521,42521
21743,42521,42521
21744,42521,42521
21745,42521,42521
21746,42521,42521
21747,42521,42521
21748,42521,42521
21749,42521,42521
21750,42521,42521
21751,42521,42521
21752,42521,42521
21753,42521,42521
21754,42521,42521
21755,42521,42521
21756,42521,42521
21757,42521,42521
21758,42521,42521
21759,42521,42521
21760,42521,42521
21761,42521,42521
21762,42521,42521
21763,42521,42521
21764,42521,42521
21765,42521,42521
21766,42521,42521
21767,42521,42521
21768,42521,42521
21769,42521,42521
21770,42521,42521
21771,42521,42521
21772,42521,42521
21773,42521,42521
21774,42521,42521
21775,42521,42521
21776,42521,42521
21777,42521,42521
21778,42521,42521
21779,42521,42521
21780,42521,42521
21781,42521,42521
21782,42521,42521
21783,42521,42521
21784,42521,42521
21785,42521,42521
21786,42521,42521
21787,42521,42521
21788,42521,42521
21789,42521,42521
21790,42521,42521
21791,42521,42521
21792,42521,42521
21793,42521,42521
21794,42521,42521
21795,42521,42521
21796,42521,42521
21797,42521,42521
21798,42521,42521
21799,42521,42521
21800,42521,42521
21801,42521,42521
21802,42521,42521
21803,42521,42521
21804,42521,42521
21805,42521,42521
21806,42521,42521
21807,42521,42521
21808,42521,42521
21809,42521,42521
21810,42521,42521
21811,42521,42521
21812,42521,42521
21813,42521,42521
21814,42521,42521
21815,42521,42521
21816,42521,42521
21817,42521,42521
21818,42521,42521
21819,42521,42521
21820,42521,42521
21821,42521,42521
21822,42521,42521
21823,42521,42521
21824,42521,42521
21825,42521,42521
21826,42521,42521
21827,42521,42521
21828,42521,42521
21829,42521,42521
21830,42521,42521
21831,42521,42521
21832,42521,42521
21833,42521,42521
21834,42521,42521
21835,42521,42521
21836,42521,42521
21837,42521,42521
21838,42521,42521
21839,42521,42521
21840,42521,42521
21841,42521,42521
21842,42521,42521
21843,42521,42521
21844,42521,42521
21845,42521,42521
21846,42521,42521
21847,42521,42521
21848,42521,42521
21849,42521,42521
21850,42521,42521
21851,42521,42521
21852,42521,42521
21853,42521,42521
21854,42521,42521
21855,42521,42521
21856,42521,42521
21857,42521,42521
21858,42521,42521
21859,42521,42521
21860,42521,42521
21861,42521,42521
21862,42521,42521
21863,42521,42521
21864,42521,42521
21865,42521,42521
21866,42521,42521
21867,42521,42521
21868,42521,42521
21869,42521,42521
21870,42521,42521
21871,42521,42521
21872,42521,42521
21873,42521,42521
21874,42521,42521
21875,42521,42521
21876,42521,42521
21877,42521,42521
21878,42521,42521
21879,42521,42521
21880,42521,42521
21881,42521,42521
21882,42521,42521
21883,42521,42521
21884,42521,42521
21885,42521,42521
21886,42521,42521
21887,42521,42521
21888,42521,42521
21889,42521,42521
21890,42521,42521
21891,42521,42521
21892,42521,42521
21893,42521,42521
21894,42521,42521
21895,42521,42521
21896,42521,42521
21897,42521,42521
21898,42521,42521
21899,42521,42521
21900,42521,42521
21901,42521,42521
21902,42521,42521
21903,42521,42521
21904,42521,42521
21905,42521,42521
21906,42521,42521
21907,42521,42521
21908,42521,42521
21909,42521,42521
21910,42521,42521
21911,42521,42521
21912,42521,42521
21913,42521,42521
21914,42521,42521
21915,42521,42521
21916,42521,42521
21917,42521,42521
21918,42521,42521
21919,42521,42521
21920,42521,42521
21921,42521,42521
21922,42521,42521
21923,42521,42521
21924,42521,42521
21925,42521,42521
21926,42521,42521
21927,42521,42521
21928,42521,42521
21929,42521,42521
21930,42521,42521
21931,42521,42521
21932,42521,42521
21933,42521,42521
21934,42521,42521
21935,42521,42521
21936,42521,42521
21937,42521,42521
21938,42521,42521
21939,42521,42521
21940,42521,42521
21941,42521,42521
21942,42522,42522
21943,42522,42522
21944,42522,42522
21945,42522,42522
21946,42522,42522
21947,42522,42522
21948,42522,42522
21949,42522,42522
21950,42522,42522
21951,42522,42522
21952,42522,42522
21953,42522,42522
21954,42522,42522
21955,42522,42522
21956,42522,42522
21957,42522,42522
21958,42522,42522
21959,42522,42522
21960,42522,42522
21961,42522,42522
21962,42522,42522
21963,42522,42522
21964,42522,42522
21965,42522,42522
21966,42522,42522
21967,42522,42522
21968,42522,42522
21969,42522,42522
21970,42522,42522
21971,42522,42522
21972,42522,42522
21973,42522,42522
21974,42522,42522
21975,42522,42522
21976,42522,42522
21977,42522,42522
21978,42522,42522
21979,42522,42522
21980,42522,42522
21981,42522,42522
21982,42522,42522
21983,42522,42522
21984,42522,42522
21985,42522,42522
21986,42522,42522
21987,42522,42522
21988,42522,42522
21989,42522,42522
21990,42522,42522
21991,42522,42522
21992,42522,42522
21993,42522,42522
21994,42522,42522
21995,42522,42522
21996,42522,42522
21997,42522,42522
21998,42522,42522
21999,42522,42522
22000,42522,42522
22001,42522,42522
22002,42522,42522
22003,42522,42522
22004,42522,42522
22005,42522,42522
22006,42522,42522
22007,42522,42522
22008,42522,42522
22009,42522,42522
22010,42522,42522
22011,42522,42522
22012,42522,42522
22013,42522,42522
22014,42522,42522
22015,42522,42522
22016,42522,42522
22017,42522,42522
22018,42522,42522
22019,42522,42522
22020,42522,42522
22021,42522,42522
22022,42522,42522
22023,42522,42522
22024,42522,42522
22025,42522,42522
22026,42522,42522
22027,42522,42522
22028,42522,42522
22029,42522,42522
22030,42522,42522
22031,42522,42522
22032,42522,42522
22033,42522,42522
22034,42522,42522
22035,42522,42522
22036,42522,42522
22037,42522,42522
22038,42522,42522
22039,42522,42522
22040,42522,42522
22041,42522,42522
22042,42522,42522
22043,42522,42522
22044,42522,42522
22045,42522,42522
22046,42522,42522
22047,42522,42522
22048,42522,42522
22049,42522,42522
22050,42522,42522
22051,42522,42522
22052,42522,42522
22053,42522,42522
22054,42522,42522
22055,42522,42522
22056,42522,42522
22057,42522,42522
22058,42522,42522
22059,42522,42522
22060,42522,42522
22061,42522,42522
22062,42522,42522
22063,42522,42522
22064,42522,42522
22065,42522,42522
22066,42522,42522
22067,42522,42522
22068,42522,42522
22069,42522,42522
22070,42522,42522
22071,42522,42522
22072,42522,42522
22073,42522,42522
22074,42522,42522
22075,42522,42522
22076,42522,42522
22077,42522,42522
22078,42522,42522
22079,42522,42522
22080,42522,42522
22081,42522,42522
22082,42522,42522
22083,42522,42522
22084,42522,42522
22085,42522,42522
22086,42522,42522
22087,42522,42522
22088,42522,42522
22089,42522,42522
22090,42522,42522
22091,42522,42522
22092,42522,42522
22093,42522,42522
22094,42522,42522
22095,42522,42522
22096,42522,42522
22097,42522,42522
22098,42522,42522
22099,42522,42522
22100,42522,42522
22101,42522,42522
22102,42522,42522
22103,42522,42522
22104,42522,42522
22105,42522,42522
22106,42522,42522
22107,42522,42522
22108,42522,42522
22109,42522,42522
22110,42522,42522
22111,42522,42522
22112,42522,42522
22113,42522,42522
22114,42522,42522
22115,42522,42522
22116,42522,42522
22117,42522,42522
22118,42522,42522
22119,42522,42522
22120,42522,42522
22121,42522,42522
22122,42522,42522
22123,42522,42522
22124,42522,42522
22125,42522,42522
22126,42522,42522
22127,42522,42522
22128,42522,42522
22129,42522,42522
22130,42522,42522
22131,42522,42522
22132,42522,42522
22133,42522,42522
22134,42522,42522
22135,42522,42522
22136,42522,42522
22137,42522,42522
22138,42522,42522
22139,42522,42522
22140,42522,42522
22141,42522,42522
22142,42522,42522
22143,42522,42522
22144,42522,42522
22145,42522,42522
22146,42522,42522
22147,42522,42522
22148,42522,42522
22149,42523,42523
22150,42523,42523
22151,42523,42523
22152,42523,42523
22153,42523,42523
22154,42523,42523
22155,42523,42523
22156,42523,42523
22157,42523,42523
22158,42523,42523
22159,42523,42523
22160,42523,42523
22161,42523,42523
22162,42523,42523
22163,42523,42523
22164,42523,42523
22165,42523,42523
22166,42523,42523
22167,42523,42523
22168,42523,42523
22169,42523,42523
22170,42523,42523
22171,42523,42523
22172,42523,42523
22173,42523,42523
22174,42523,42523
22175,42523,42523
22176,42523,42523
22177,42523,42523
22178,42523,42523
22179,42523,42523
22180,42523,42523
22181,42523,42523
22182,42523,42523
22183,42523,42523
22184,42523,42523
22185,42523,42523
22186,42523,42523
22187,42523,42523
22188,42523,42523
22189,42523,42523
22190,42523,42523
22191,42523,42523
22192,42523,42523
22193,42523,42523
22194,42523,42523
22195,42523,42523
22196,42523,42523
22197,42523,42523
22198,42523,42523
22199,42523,42523
22200,42523,42523
22201,42523,42523
22202,42523,42523
22203,42523,42523
22204,42523,42523
22205,42523,42523
22206,42523,42523
22207,42523,42523
22208,42523,42523
22209,42523,42523
22210,42523,42523
22211,42523,42523
22212,42523,42523
22213,42523,42523
22214,42523,42523
22215,42523,42523
22216,42523,42523
22217,42523,42523
22218,42523,42523
22219,42523,42523
22220,42523,42523
22221,42523,42523
22222,42523,42523
22223,42523,42523
22224,42523,42523
22225,42523,42523
22226,42523,42523
22227,42523,42523
22228,42523,42523
22229,42523,42523
22230,42523,42523
22231,42523,42523
22232,42523,42523
22233,42523,42523
22234,42523,42523
22235,42523,42523
22236,42523,42523
22237,42523,42523
22238,42523,42523
22239,42523,42523
22240,42523,42523
22241,42523,42523
22242,42523,42523
22243,42523,42523
22244,42523,42523
22245,42523,42523
22246,42523,42523
22247,42523,42523
22248,42523,42523
22249,42523,42523
22250,42523,42523
22251,42523,42523
22252,42523,42523
22253,42523,42523
22254,42523,42523
22255,42523,42523
22256,42523,42523
22257,42523,42523
22258,42523,42523
22259,42523,42523
22260,42523,42523
22261,42523,42523
22262,42523,42523
22263,42523,42523
22264,42523,42523
22265,42523,42523
22266,42523,42523
22267,42523,42523
22268,42523,42523
22269,42523,42523
22270,42523,42523
22271,42523,42523
22272,42523,42523
22273,42523,42523
22274,42523,42523
22275,42523,42523
22276,42523,42523
22277,42523,42523
22278,42523,42523
22279,42523,42523
22280,42523,42523
22281,42523,42523
22282,42523,42523
22283,42523,42523
22284,42523,42523
22285,42523,42523
22286,42523,42523
22287,42523,42523
22288,42523,42523
22289,42523,42523
22290,42523,42523
22291,42523,42523
22292,42523,42523
22293,42523,42523
22294,42523,42523
22295,42523,42523
22296,42523,42523
22297,42523,42523
22298,42523,42523
22299,42523,42523
22300,42523,42523
22301,42523,42523
22302,42523,42523
22303,42523,42523
22304,42523,42523
22305,42523,42523
22306,42523,42523
22307,42523,42523
22308,42523,42523
22309,42523,42523
22310,42523,42523
22311,42523,42523
22312,42523,42523
22313,42523,42523
22314,42523,42523
22315,42523,42523
22316,42523,42523
22317,42523,42523
22318,42523,42523
22319,42523,42523
22320,42523,42523
22321,42523,42523
22322,42523,42523
22323,42523,42523
22324,42523,42523
22325,42523,42523
22326,42523,42523
22327,42523,42523
22328,42523,42523
22329,42523,42523
22330,42523,42523
22331,42523,42523
22332,42523,42523
22333,42523,42523
22334,42523,42523
22335,42523,42523
22336,42523,42523
22337,42523,42523
22338,42523,42523
22339,42523,42523
22340,42523,42523
22341,42523,42523
22342,42523,42523
22343,42523,42523
22344,42523,42523
22345,42523,42523
22346,42523,42523
22347,42523,42523
22348,42523,42523
22349,42523,42523
22350,42523,42523
22351,42523,42523
22352,42523,42523
22353,42523,42523
22354,42523,42523
22355,42523,42523
22356,42524,42524
22357,42524,42524
22358,42524,42524
22359,42524,42524
22360,42524,42524
22361,42524,42524
22362,42524,42524
22363,42524,42524
22364,42524,42524
22365,42524,42524
22366,42524,42524
22367,42524,42524
22368,42524,42524
22369,42524,42524
22370,42524,42524
22371,42524,42524
22372,42524,42524
22373,42524,42524
22374,42524,42524
22375,42524,42524
22376,42524,42524
22377,42524,42524
22378,42524,42524
22379,42524,42524
22380,42524,42524
22381,42524,42524
22382,42524,42524
22383,42524,42524
22384,42524,42524
22385,42524,42524
22386,42524,42524
22387,42524,42524
22388,42524,42524
22389,42524,42524
22390,42524,42524
22391,42524,42524
22392,42524,42524
22393,42524,42524
22394,42524,42524
22395,42524,42524
22396,42524,42524
22397,42524,42524
22398,42524,42524
22399,42524,42524
22400,42524,42524
22401,42524,42524
22402,42524,42524
22403,42524,42524
22404,42524,42524
22405,42524,42524
22406,42524,42524
22407,42524,42524
22408,42524,42524
22409,42524,42524
22410,42524,42524
22411,42524,42524
22412,42524,42524
22413,42524,42524
22414,42524,42524
22415,42524,42524
22416,42524,42524
22417,42524,42524
22418,42524,42524
22419,42524,42524
22420,42524,42524
22421,42524,42524
22422,42524,42524
22423,42524,42524
22424,42524,42524
22425,42524,42524
22426,42524,42524
22427,42524,42524
22428,42524,42524
22429,42524,42524
22430,42524,42524
22431,42524,42524
22432,42524,42524
22433,42524,42524
22434,42524,42524
22435,42524,42524
22436,42524,42524
22437,42524,42524
22438,42524,42524
22439,42524,42524
22440,42524,42524
22441,42524,42524
22442,42524,42524
22443,42524,42524
22444,42524,42524
22445,42524,42524
22446,42524,42524
22447,42524,42524
22448,42524,42524
22449,42524,42524
22450,42524,42524
22451,42524,42524
22452,42524,42524
22453,42524,42524
22454,42524,42524
22455,42524,42524
22456,42524,42524
22457,42524,42524
22458,42524,42524
22459,42524,42524
22460,42524,42524
22461,42524,42524
22462,42524,42524
22463,42524,42524
22464,42524,42524
22465,42524,42524
22466,42524,42524
22467,42524,42524
22468,42524,42524
22469,42524,42524
22470,42524,42524
22471,42524,42524
22472,42524,42524
22473,42524,42524
22474,42524,42524
22475,42524,42524
22476,42524,42524
22477,42524,42524
22478,42524,42524
22479,42524,42524
22480,42524,42524
22481,42524,42524
22482,42524,42524
22483,42524,42524
22484,42524,42524
22485,42524,42524
22486,42524,42524
22487,42524,42524
22488,42524,42524
22489,42524,42524
22490,42524,42524
22491,42524,42524
22492,42524,42524
22493,42524,42524
22494,42524,42524
22495,42524,42524
22496,42524,42524
22497,42524,42524
22498,42524,42524
22499,42524,42524
22500,42524,42524
22501,42524,42524
22502,42524,42524
22503,42524,42524
22504,42524,42524
22505,42524,42524
22506,42524,42524
22507,42524,42524
22508,42524,42524
22509,42524,42524
22510,42524,42524
22511,42524,42524
22512,42524,42524
22513,42524,42524
22514,42524,42524
22515,42524,42524
22516,42524,42524
22517,42524,42524
22518,42524,42524
22519,42524,42524
22520,42524,42524
22521,42524,42524
22522,42524,42524
22523,42524,42524
22524,42524,42524
22525,42524,42524
22526,42524,42524
22527,42524,42524
22528,42524,42524
22529,42524,42524
22530,42524,42524
22531,42524,42524
22532,42524,42524
22533,42524,42524
22534,42524,42524
22535,42524,42524
22536,42524,42524
22537,42524,42524
22538,42524,42524
22539,42524,42524
22540,42524,42524
22541,42524,42524
22542,42524,42524
22543,42524,42524
22544,42524,42524
22545,42524,42524
22546,42524,42524
22547,42524,42524
22548,42524,42524
22549,42524,42524
22550,42524,42524
22551,42524,42524
22552,42524,42524
22553,42524,42524
22554,42524,42524
22555,42524,42524
22556,42524,42524
22557,42524,42524
22558,42524,42524
22559,42524,42524
22560,42524,42524
22561,42524,42524
22562,42524,42524
22563,42525,42525
22564,42525,42525
22565,42525,42525
22566,42525,42525
22567,42525,42525
22568,42525,42525
22569,42525,42525
22570,42525,42525
22571,42525,42525
22572,42525,42525
22573,42525,42525
22574,42525,42525
22575,42525,42525
22576,42525,42525
22577,42525,42525
22578,42525,42525
22579,42525,42525
22580,42525,42525
22581,42525,42525
22582,42525,42525
22583,42525,42525
22584,42525,42525
22585,42525,42525
22586,42525,42525
22587,42525,42525
22588,42525,42525
22589,42525,42525
22590,42525,42525
22591,42525,42525
22592,42525,42525
22593,42525,42525
22594,42525,42525
22595,42525,42525
22596,42525,42525
22597,42525,42525
22598,42525,42525
22599,42525,42525
22600,42525,42525
22601,42525,42525
22602,42525,42525
22603,42525,42525
22604,42525,42525
22605,42525,42525
22606,42525,42525
22607,42525,42525
22608,42525,42525
22609,42525,42525
22610,42525,42525
22611,42525,42525
22612,42525,42525
22613,42525,42525
22614,42525,42525
22615,42525,42525
22616,42525,42525
22617,42525,42525
22618,42525,42525
22619,42525,42525
22620,42525,42525
22621,42525,42525
22622,42525,42525
22623,42525,42525
22624,42525,42525
22625,42525,42525
22626,42525,42525
22627,42525,42525
22628,42525,42525
22629,42525,42525
22630,42525,42525
22631,42525,42525
22632,42525,42525
22633,42525,42525
22634,42525,42525
22635,42525,42525
22636,42525,42525
22637,42525,42525
22638,42525,42525
22639,42525,42525
22640,42525,42525
22641,42525,42525
22642,42525,42525
22643,42525,42525
22644,42525,42525
22645,42525,42525
22646,42525,42525
22647,42525,42525
22648,42525,42525
22649,42525,42525
22650,42525,42525
22651,42525,42525
22652,42525,42525
22653,42525,42525
22654,42525,42525
22655,42525,42525
22656,42525,42525
22657,42525,42525
22658,42525,42525
22659,42525,42525
22660,42525,42525
22661,42525,42525
22662,42525,42525
22663,42525,42525
22664,42525,42525
22665,42525,42525
22666,42525,42525
22667,42525,42525
22668,42525,42525
22669,42525,42525
22670,42525,42525
22671,42525,42525
22672,42525,42525
22673,42525,42525
22674,42525,42525
22675,42525,42525
22676,42525,42525
22677,42525,42525
22678,42525,42525
22679,42525,42525
22680,42525,42525
22681,42525,42525
22682,42525,42525
22683,42525,42525
22684,42525,42525
22685,42525,42525
22686,42525,42525
22687,42525,42525
22688,42525,42525
22689,42525,42525
22690,42525,42525
22691,42525,42525
22692,42525,42525
22693,42525,42525
22694,42525,42525
22695,42525,42525
22696,42525,42525
22697,42525,42525
22698,42525,42525
22699,42525,42525
22700,42525,42525
22701,42525,42525
22702,42525,42525
22703,42525,42525
22704,42525,42525
22705,42525,42525
22706,42525,42525
22707,42525,42525
22708,42525,42525
22709,42525,42525
22710,42525,42525
22711,42525,42525
22712,42525,42525
22713,42525,42525
22714,42525,42525
22715,42525,42525
22716,42525,42525
22717,42525,42525
22718,42525,42525
22719,42525,42525
22720,42525,42525
22721,42525,42525
22722,42525,42525
22723,42525,42525
22724,42525,42525
22725,42525,42525
22726,42525,42525
22727,42525,42525
22728,42525,42525
22729,42525,42525
22730,42525,42525
22731,42525,42525
22732,42525,42525
22733,42525,42525
22734,42525,42525
22735,42525,42525
22736,42525,42525
22737,42525,42525
22738,42525,42525
22739,42525,42525
22740,42525,42525
22741,42525,42525
22742,42525,42525
22743,42525,42525
22744,42525,42525
22745,42525,42525
22746,42525,42525
22747,42525,42525
22748,42525,42525
22749,42525,42525
22750,42525,42525
22751,42525,42525
22752,42525,42525
22753,42525,42525
22754,42525,42525
22755,42525,42525
22756,42525,42525
22757,42525,42525
22758,42525,42525
22759,42525,42525
22760,42525,42525
22761,42525,42525
22762,42525,42525
22763,42525,42525
22764,42525,42525
22765,42525,42525
22766,42525,42525
22767,42525,42525
22768,42525,42525
22769,42525,42525
22770,42526,42526
22771,42526,42526
22772,42526,42526
22773,42526,42526
22774,42526,42526
22775,42526,42526
22776,42526,42526
22777,42526,42526
22778,42526,42526
22779,42526,42526
22780,42526,42526
22781,42526,42526
22782,42526,42526
22783,42526,42526
22784,42526,42526
22785,42526,42526
22786,42526,42526
22787,42526,42526
22788,42526,42526
22789,42526,42526
22790,42526,42526
22791,42526,42526
22792,42526,42526
22793,42526,42526
22794,42526,42526
22795,42526,42526
22796,42526,42526
22797,42526,42526
22798,42526,42526
22799,42526,42526
22800,42526,42526
22801,42526,42526
22802,42526,42526
22803,42526,42526
22804,42526,42526
22805,42526,42526
22806,42526,42526
22807,42526,42526
22808,42526,42526
22809,42526,42526
22810,42526,42526
22811,42526,42526
22812,42526,42526
22813,42526,42526
22814,42526,42526
22815,42526,42526
22816,42526,42526
22817,42526,42526
22818,42526,42526
22819,42526,42526
22820,42526,42526
22821,42526,42526
22822,42526,42526
22823,42526,42526
22824,42526,42526
22825,42526,42526
22826,42526,42526
22827,42526,42526
22828,42526,42526
22829,42526,42526
22830,42526,42526
22831,42526,42526
22832,42526,42526
22833,42526,42526
22834,42526,42526
22835,42526,42526
22836,42526,42526
22837,42526,42526
22838,42526,42526
22839,42526,42526
22840,42526,42526
22841,42526,42526
22842,42526,42526
22843,42526,42526
22844,42526,42526
22845,42526,42526
22846,42526,42526
22847,42526,42526
22848,42526,42526
22849,42526,42526
22850,42526,42526
22851,42526,42526
22852,42526,42526
22853,42526,42526
22854,42526,42526
22855,42526,42526
22856,42526,42526
22857,42526,42526
22858,42526,42526
22859,42526,42526
22860,42526,42526
22861,42526,42526
22862,42526,42526
22863,42526,42526
22864,42526,42526
22865,42526,42526
22866,42526,42526
22867,42526,42526
22868,42526,42526
22869,42526,42526
22870,42526,42526
22871,42526,42526
22872,42526,42526
22873,42526,42526
22874,42526,42526
22875,42526,42526
22876,42526,42526
22877,42526,42526
22878,42526,42526
22879,42526,42526
22880,42526,42526
22881,42526,42526
22882,42526,42526
22883,42526,42526
22884,42526,42526
22885,42526,42526
22886,42526,42526
22887,42526,42526
22888,42526,42526
22889,42526,42526
22890,42526,42526
22891,42526,42526
22892,42526,42526
22893,42526,42526
22894,42526,42526
22895,42526,42526
22896,42526,42526
22897,42526,42526
22898,42526,42526
22899,42526,42526
22900,42526,42526
22901,42526,42526
22902,42526,42526
22903,42526,42526
22904,42526,42526
22905,42526,42526
22906,42526,42526
22907,42526,42526
22908,42526,42526
22909,42526,42526
22910,42526,42526
22911,42526,42526
22912,42526,42526
22913,42526,42526
22914,42526,42526
22915,42526,42526
22916,42526,42526
22917,42526,42526
22918,42526,42526
22919,42526,42526
22920,42526,42526
22921,42526,42526
22922,42526,42526
22923,42526,42526
22924,42526,42526
22925,42526,42526
22926,42526,42526
22927,42526,42526
22928,42526,42526
22929,42526,42526
22930,42526,42526
22931,42526,42526
22932,42526,42526
22933,42526,42526
22934,42526,42526
22935,42526,42526
22936,42526,42526
22937,42526,42526
22938,42526,42526
22939,42526,42526
22940,42526,42526
22941,42526,42526
22942,42526,42526
22943,42526,42526
22944,42526,42526
22945,42526,42526
22946,42526,42526
22947,42526,42526
22948,42526,42526
22949,42526,42526
22950,42526,42526
22951,42526,42526
22952,42526,42526
22953,42526,42526
22954,42526,42526
22955,42526,42526
22956,42526,42526
22957,42526,42526
22958,42526,42526
22959,42526,42526
22960,42526,42526
22961,42526,42526
22962,42526,42526
22963,42526,42526
22964,42526,42526
22965,42526,42526
22966,42526,42526
22967,42526,42526
22968,42526,42526
22969,42526,42526
22970,42526,42526
22971,42526,42526
22972,42526,42526
22973,42526,42526
22974,42526,42526
22975,42526,42526
22976,42526,42526
22977,42527,42527
22978,42527,42527
22979,42527,42527
22980,42527,42527
22981,42527,42527
22982,42527,42527
22983,42527,42527
22984,42527,42527
22985,42527,42527
22986,42527,42527
22987,42527,42527
22988,42527,42527
22989,42527,42527
22990,42527,42527
22991,42527,42527
22992,42527,42527
22993,42527,42527
22994,42527,42527
22995,42527,42527
22996,42527,42527
22997,42527,42527
22998,42527,42527
22999,42527,42527
23000,42527,42527
23001,42527,42527
23002,42527,42527
23003,42527,42527
23004,42527,42527
23005,42527,42527
23006,42527,42527
23007,42527,42527
23008,42527,42527
23009,42527,42527
23010,42527,42527
23011,42527,42527
23012,42527,42527
23013,42527,42527
23014,42527,42527
23015,42527,42527
23016,42527,42527
23017,42527,42527
23018,42527,42527
23019,42527,42527
23020,42527,42527
23021,42527,42527
23022,42527,42527
23023,42527,42527
23024,42527,42527
23025,42527,42527
23026,42527,42527
23027,42527,42527
23028,42527,42527
23029,42527,42527
23030,42527,42527
23031,42527,42527
23032,42527,42527
23033,42527,42527
23034,42527,42527
23035,42527,42527
23036,42527,42527
23037,42527,42527
23038,42527,42527
23039,42527,42527
23040,42527,42527
23041,42527,42527
23042,42527,42527
23043,42527,42527
23044,42527,42527
23045,42527,42527
23046,42527,42527
23047,42527,42527
23048,42527,42527
23049,42527,42527
23050,42527,42527
23051,42527,42527
23052,42527,42527
23053,42527,42527
23054,42527,42527
23055,42527,42527
23056,42527,42527
23057,42527,42527
23058,42527,42527
23059,42527,42527
23060,42527,42527
23061,42527,42527
23062,42527,42527
23063,42527,42527
23064,42527,42527
23065,42527,42527
23066,42527,42527
23067,42527,42527
23068,42527,42527
23069,42527,42527
23070,42527,42527
23071,42527,42527
23072,42527,42527
23073,42527,42527
23074,42527,42527
23075,42527,42527
23076,42527,42527
23077,42527,42527
23078,42527,42527
23079,42527,42527
23080,42527,42527
23081,42527,42527
23082,42527,42527
23083,42527,42527
23084,42527,42527
23085,42527,42527
23086,42527,42527
23087,42527,42527
23088,42527,42527
23089,42527,42527
23090,42527,42527
23091,42527,42527
23092,42527,42527
23093,42527,42527
23094,42527,42527
23095,42527,42527
23096,42527,42527
23097,42527,42527
23098,42527,42527
23099,42527,42527
23100,42527,42527
23101,42527,42527
23102,42527,42527
23103,42527,42527
23104,42527,42527
23105,42527,42527
23106,42527,42527
23107,42527,42527
23108,42527,42527
23109,42527,42527
23110,42527,42527
23111,42527,42527
23112,42527,42527
23113,42527,42527
23114,42527,42527
23115,42527,42527
23116,42527,42527
23117,42527,42527
23118,42527,42527
23119,42527,42527
23120,42527,42527
23121,42527,42527
23122,42527,42527
23123,42527,42527
23124,42527,42527
23125,42527,42527
23126,42527,42527
23127,42527,42527
23128,42527,42527
23129,42527,42527
23130,42527,42527
23131,42527,42527
23132,42527,42527
23133,42527,42527
23134,42527,42527
23135,42527,42527
23136,42527,42527
23137,42527,42527
23138,42527,42527
23139,42527,42527
23140,42527,42527
23141,42527,42527
23142,42527,42527
23143,42527,42527
23144,42527,42527
23145,42527,42527
23146,42527,42527
23147,42527,42527
23148,42527,42527
23149,42527,42527
23150,42527,42527
23151,42527,42527
23152,42527,42527
23153,42527,42527
23154,42527,42527
23155,42527,42527
23156,42527,42527
23157,42527,42527
23158,42527,42527
23159,42527,42527
23160,42527,42527
23161,42527,42527
23162,42527,42527
23163,42527,42527
23164,42527,42527
23165,42527,42527
23166,42527,42527
23167,42527,42527
23168,42527,42527
23169,42527,42527
23170,42527,42527
23171,42527,42527
23172,42527,42527
23173,42527,42527
23174,42527,42527
23175,42527,42527
23176,42527,42527
23177,42527,42527
23178,42527,42527
23179,42527,42527
23180,42527,42527
23181,42527,42527
23182,42527,42527
23183,42527,42527
23184,42528,42528
23185,42528,42528
23186,42528,42528
23187,42528,42528
23188,42528,42528
23189,42528,42528
23190,42528,42528
23191,42528,42528
23192,42528,42528
23193,42528,42528
23194,42528,42528
23195,42528,42528
23196,42528,42528
23197,42528,42528
23198,42528,42528
23199,42528,42528
23200,42528,42528
23201,42528,42528
23202,42528,42528
23203,42528,42528
23204,42528,42528
23205,42528,42528
23206,42528,42528
23207,42528,42528
23208,42528,42528
23209,42528,42528
23210,42528,42528
23211,42528,42528
23212,42528,42528
23213,42528,42528
23214,42528,42528
23215,42528,42528
23216,42528,42528
23217,42528,42528
23218,42528,42528
23219,42528,42528
23220,42528,42528
23221,42528,42528
23222,42528,42528
23223,42528,42528
23224,42528,42528
23225,42528,42528
23226,42528,42528
23227,42528,42528
23228,42528,42528
23229,42528,42528
23230,42528,42528
23231,42528,42528
23232,42528,42528
23233,42528,42528
23234,42528,42528
23235,42528,42528
23236,42528,42528
23237,42528,42528
23238,42528,42528
23239,42528,42528
23240,42528,42528
23241,42528,42528
23242,42528,42528
23243,42528,42528
23244,42528,42528
23245,42528,42528
23246,42528,42528
23247,42528,42528
23248,42528,42528
23249,42528,42528
23250,42528,42528
23251,42528,42528
23252,42528,42528
23253,42528,42528
23254,42528,42528
23255,42528,42528
23256,42528,42528
23257,42528,42528
23258,42528,42528
23259,42528,42528
23260,42528,42528
23261,42528,42528
23262,42528,42528
23263,42528,42528
23264,42528,42528
23265,42528,42528
23266,42528,42528
23267,42528,42528
23268,42528,42528
23269,42528,42528
23270,42528,42528
23271,42528,42528
23272,42528,42528
23273,42528,42528
23274,42528,42528
23275,42528,42528
23276,42528,42528
23277,42528,42528
23278,42528,42528
23279,42528,42528
23280,42528,42528
23281,42528,42528
23282,42528,42528
23283,42528,42528
23284,42528,42528
23285,42528,42528
23286,42528,42528
23287,42528,42528
23288,42528,42528
23289,42528,42528
23290,42528,42528
23291,42528,42528
23292,42528,42528
23293,42528,42528
23294,42528,42528
23295,42528,42528
23296,42528,42528
23297,42528,42528
23298,42528,42528
23299,42528,42528
23300,42528,42528
23301,42528,42528
23302,42528,42528
23303,42528,42528
23304,42528,42528
23305,42528,42528
23306,42528,42528
23307,42528,42528
23308,42528,42528
23309,42528,42528
23310,42528,42528
23311,42528,42528
23312,42528,42528
23313,42528,42528
23314,42528,42528
23315,42528,42528
23316,42528,42528
23317,42528,42528
23318,42528,42528
23319,42528,42528
23320,42528,42528
23321,42528,42528
23322,42528,42528
23323,42528,42528
23324,42528,42528
23325,42528,42528
23326,42528,42528
23327,42528,42528
23328,42528,42528
23329,42528,42528
23330,42528,42528
23331,42528,42528
23332,42528,42528
23333,42528,42528
23334,42528,42528
23335,42528,42528
23336,42528,42528
23337,42528,42528
23338,42528,42528
23339,42528,42528
23340,42528,42528
23341,42528,42528
23342,42528,42528
23343,42528,42528
23344,42528,42528
23345,42528,42528
23346,42528,42528
23347,42528,42528
23348,42528,42528
23349,42528,42528
23350,42528,42528
23351,42528,42528
23352,42528,42528
23353,42528,42528
23354,42528,42528
23355,42528,42528
23356,42528,42528
23357,42528,42528
23358,42528,42528
23359,42528,42528
23360,42528,42528
23361,42528,42528
23362,42528,42528
23363,42528,42528
23364,42528,42528
23365,42528,42528
23366,42528,42528
23367,42528,42528
23368,42528,42528
23369,42528,42528
23370,42528,42528
23371,42528,42528
23372,42528,42528
23373,42528,42528
23374,42528,42528
23375,42528,42528
23376,42528,42528
23377,42528,42528
23378,42528,42528
23379,42528,42528
23380,42528,42528
23381,42528,42528
23382,42528,42528
23383,42528,42528
23384,42528,42528
23385,42528,42528
23386,42528,42528
23387,42528,42528
23388,42528,42528
23389,42528,42528
23390,42528,42528
23391,42529,42529
23392,42529,42529
23393,42529,42529
23394,42529,42529
23395,42529,42529
23396,42529,42529
23397,42529,42529
23398,42529,42529
23399,42529,42529
23400,42529,42529
23401,42529,42529
23402,42529,42529
23403,42529,42529
23404,42529,42529
23405,42529,42529
23406,42529,42529
23407,42529,42529
23408,42529,42529
23409,42529,42529
23410,42529,42529
23411,42529,42529
23412,42529,42529
23413,42529,42529
23414,42529,42529
23415,42529,42529
23416,42529,42529
23417,42529,42529
23418,42529,42529
23419,42529,42529
23420,42529,42529
23421,42529,42529
23422,42529,42529
23423,42529,42529
23424,42529,42529
23425,42529,42529
23426,42529,42529
23427,42529,42529
23428,42529,42529
23429,42529,42529
23430,42529,42529
23431,42529,42529
23432,42529,42529
23433,42529,42529
23434,42529,42529
23435,42529,42529
23436,42529,42529
23437,42529,42529
23438,42529,42529
23439,42529,42529
23440,42529,42529
23441,42529,42529
23442,42529,42529
23443,42529,42529
23444,42529,42529
23445,42529,42529
23446,42529,42529
23447,42529,42529
23448,42529,42529
23449,42529,42529
23450,42529,42529
23451,42529,42529
23452,42529,42529
23453,42529,42529
23454,42529,42529
23455,42529,42529
23456,42529,42529
23457,42529,42529
23458,42529,42529
23459,42529,42529
23460,42529,42529
23461,42529,42529
23462,42529,42529
23463,42529,42529
23464,42529,42529
23465,42529,42529
23466,42529,42529
23467,42529,42529
23468,42529,42529
23469,42529,42529
23470,42529,42529
23471,42529,42529
23472,42529,42529
23473,42529,42529
23474,42529,42529
23475,42529,42529
23476,42529,42529
23477,42529,42529
23478,42529,42529
23479,42529,42529
23480,42529,42529
23481,42529,42529
23482,42529,42529
23483,42529,42529
23484,42529,42529
23485,42529,42529
23486,42529,42529
23487,42529,42529
23488,42529,42529
23489,42529,42529
23490,42529,42529
23491,42529,42529
23492,42529,42529
23493,42529,42529
23494,42529,42529
23495,42529,42529
23496,42529,42529
23497,42529,42529
23498,42529,42529
23499,42529,42529
23500,42529,42529
23501,42529,42529
23502,42529,42529
23503,42529,42529
23504,42529,42529
23505,42529,42529
23506,42529,42529
23507,42529,42529
23508,42529,42529
23509,42529,42529
23510,42529,42529
23511,42529,42529
23512,42529,42529
23513,42529,42529
23514,42529,42529
23515,42529,42529
23516,42529,42529
23517,42529,42529
23518,42529,42529
23519,42529,42529
23520,42529,42529
23521,42529,42529
23522,42529,42529
23523,42529,42529
23524,42529,42529
23525,42529,42529
23526,42529,42529
23527,42529,42529
23528,42529,42529
23529,42529,42529
23530,42529,42529
23531,42529,42529
23532,42529,42529
23533,42529,42529
23534,42529,42529
23535,42529,42529
23536,42529,42529
23537,42529,42529
23538,42529,42529
23539,42529,42529
23540,42529,42529
23541,42529,42529
23542,42529,42529
23543,42529,42529
23544,42529,42529
23545,42529,42529
23546,42529,42529
23547,42529,42529
23548,42529,42529
23549,42529,42529
23550,42529,42529
23551,42529,42529
23552,42529,42529
23553,42529,42529
23554,42529,42529
23555,42529,42529
23556,42529,42529
23557,42529,42529
23558,42529,42529
23559,42529,42529
23560,42529,42529
23561,42529,42529
23562,42529,42529
23563,42529,42529
23564,42529,42529
23565,42529,42529
23566,42529,42529
23567,42529,42529
23568,42529,42529
23569,42529,42529
23570,42529,42529
23571,42529,42529
23572,42529,42529
23573,42529,42529
23574,42529,42529
23575,42529,42529
23576,42529,42529
23577,42529,42529
23578,42529,42529
23579,42529,42529
23580,42529,42529
23581,42529,42529
23582,42529,42529
23583,42529,42529
23584,42529,42529
23585,42529,42529
23586,42529,42529
23587,42529,42529
23588,42529,42529
23589,42529,42529
23590,42529,42529
23591,42529,42529
23592,42529,42529
23593,42529,42529
23594,42529,42529
23595,42529,42529
23596,42529,42529
23597,42529,42529
23598,42530,42530
23599,42530,42530
23600,42530,42530
23601,42530,42530
23602,42530,42530
23603,42530,42530
23604,42530,42530
23605,42530,42530
23606,42530,42530
23607,42530,42530
23608,42530,42530
23609,42530,42530
23610,42530,42530
23611,42530,42530
23612,42530,42530
23613,42530,42530
23614,42530,42530
23615,42530,42530
23616,42530,42530
23617,42530,42530
23618,42530,42530
23619,42530,42530
23620,42530,42530
23621,42530,42530
23622,42530,42530
23623,42530,42530
23624,42530,42530
23625,42530,42530
23626,42530,42530
23627,42530,42530
23628,42530,42530
23629,42530,42530
23630,42530,42530
23631,42530,42530
23632,42530,42530
23633,42530,42530
23634,42530,42530
23635,42530,42530
23636,42530,42530
23637,42530,42530
23638,42530,42530
23639,42530,42530
23640,42530,42530
23641,42530,42530
23642,42530,42530
23643,42530,42530
23644,42530,42530
23645,42530,42530
23646,42530,42530
23647,42530,42530
23648,42530,42530
23649,42530,42530
23650,42530,42530
23651,42530,42530
23652,42530,42530
23653,42530,42530
23654,42530,42530
23655,42530,42530
23656,42530,42530
23657,42530,42530
23658,42530,42530
23659,42530,42530
23660,42530,42530
23661,42530,42530
23662,42530,42530
23663,42530,42530
23664,42530,42530
23665,42530,42530
23666,42530,42530
23667,42530,42530
23668,42530,42530
23669,42530,42530
23670,42530,42530
23671,42530,42530
23672,42530,42530
23673,42530,42530
23674,42530,42530
23675,42530,42530
23676,42530,42530
23677,42530,42530
23678,42530,42530
23679,42530,42530
23680,42530,42530
23681,42530,42530
23682,42530,42530
23683,42530,42530
23684,42530,42530
23685,42530,42530
23686,42530,42530
23687,42530,42530
23688,42530,42530
23689,42530,42530
23690,42530,42530
23691,42530,42530
23692,42530,42530
23693,42530,42530
23694,42530,42530
23695,42530,42530
23696,42530,42530
23697,42530,42530
23698,42530,42530
23699,42530,42530
23700,42530,42530
23701,42530,42530
23702,42530,42530
23703,42530,42530
23704,42530,42530
23705,42530,42530
23706,42530,42530
23707,42530,42530
23708,42530,42530
23709,42530,42530
23710,42530,42530
23711,42530,42530
23712,42530,42530
23713,42530,42530
23714,42530,42530
23715,42530,42530
23716,42530,42530
23717,42530,42530
23718,42530,42530
23719,42530,42530
23720,42530,42530
23721,42530,42530
23722,42530,42530
23723,42530,42530
23724,42530,42530
23725,42530,42530
23726,42530,42530
23727,42530,42530
23728,42530,42530
23729,42530,42530
23730,42530,42530
23731,42530,42530
23732,42530,42530
23733,42530,42530
23734,42530,42530
23735,42530,42530
23736,42530,42530
23737,42530,42530
23738,42530,42530
23739,42530,42530
23740,42530,42530
23741,42530,42530
23742,42530,42530
23743,42530,42530
23744,42530,42530
23745,42530,42530
23746,42530,42530
23747,42530,42530
23748,42530,42530
23749,42530,42530
23750,42530,42530
23751,42530,42530
23752,42530,42530
23753,42530,42530
23754,42530,42530
23755,42530,42530
23756,42530,42530
23757,42530,42530
23758,42530,42530
23759,42530,42530
23760,42530,42530
23761,42530,42530
23762,42530,42530
23763,42530,42530
23764,42530,42530
23765,42530,42530
23766,42530,42530
23767,42530,42530
23768,42530,42530
23769,42530,42530
23770,42530,42530
23771,42530,42530
23772,42530,42530
23773,42530,42530
23774,42530,42530
23775,42530,42530
23776,42530,42530
23777,42530,42530
23778,42530,42530
23779,42530,42530
23780,42530,42530
23781,42530,42530
23782,42530,42530
23783,42530,42530
23784,42530,42530
23785,42530,42530
23786,42530,42530
23787,42530,42530
23788,42530,42530
23789,42530,42530
23790,42530,42530
23791,42530,42530
23792,42530,42530
23793,42530,42530
23794,42530,42530
23795,42530,42530
23796,42530,42530
23797,42530,42530
23798,42530,42530
23799,42530,42530
23800,42530,42530
23801,42530,42530
23802,42530,42530
23803,42530,42530
23804,42530,42530
23805,42531,42531
23806,42531,42531
23807,42531,42531
23808,42531,42531
23809,42531,42531
23810,42531,42531
23811,42531,42531
23812,42531,42531
23813,42531,42531
23814,42531,42531
23815,42531,42531
23816,42531,42531
23817,42531,42531
23818,42531,42531
23819,42531,42531
23820,42531,42531
23821,42531,42531
23822,42531,42531
23823,42531,42531
23824,42531,42531
23825,42531,42531
23826,42531,42531
23827,42531,42531
23828,42531,42531
23829,42531,42531
23830,42531,42531
23831,42531,42531
23832,42531,42531
23833,42531,42531
23834,42531,42531
23835,42531,42531
23836,42531,42531
23837,42531,42531
23838,42531,42531
23839,42531,42531
23840,42531,42531
23841,42531,42531
23842,42531,42531
23843,42531,42531
23844,42531,42531
23845,42531,42531
23846,42531,42531
23847,42531,42531
23848,42531,42531
23849,42531,42531
23850,42531,42531
23851,42531,42531
23852,42531,42531
23853,42531,42531
23854,42531,42531
23855,42531,42531
23856,42531,42531
23857,42531,42531
23858,42531,42531
23859,42531,42531
23860,42531,42531
23861,42531,42531
23862,42531,42531
23863,42531,42531
23864,42531,42531
23865,42531,42531
23866,42531,42531
23867,42531,42531
23868,42531,42531
23869,42531,42531
23870,42531,42531
23871,42531,42531
23872,42531,42531
23873,42531,42531
23874,42531,42531
23875,42531,42531
23876,42531,42531
23877,42531,42531
23878,42531,42531
23879,42531,42531
23880,42531,42531
23881,42531,42531
23882,42531,42531
23883,42531,42531
23884,42531,42531
23885,42531,42531
23886,42531,42531
23887,42531,42531
23888,42531,42531
23889,42531,42531
23890,42531,42531
23891,42531,42531
23892,42531,42531
23893,42531,42531
23894,42531,42531
23895,42531,42531
23896,42531,42531
23897,42531,42531
23898,42531,42531
23899,42531,42531
23900,42531,42531
23901,42531,42531
23902,42531,42531
23903,42531,42531
23904,42531,42531
23905,42531,42531
23906,42531,42531
23907,42531,42531
23908,42531,42531
23909,42531,42531
23910,42531,42531
23911,42531,42531
23912,42531,42531
23913,42531,42531
23914,42531,42531
23915,42531,42531
23916,42531,42531
23917,42531,42531
23918,42531,42531
23919,42531,42531
23920,42531,42531
23921,42531,42531
23922,42531,42531
23923,42531,42531
23924,42531,42531
23925,42531,42531
23926,42531,42531
23927,42531,42531
23928,42531,42531
23929,42531,42531
23930,42531,42531
23931,42531,42531
23932,42531,42531
23933,42531,42531
23934,42531,42531
23935,42531,42531
23936,42531,42531
23937,42531,42531
23938,42531,42531
23939,42531,42531
23940,42531,42531
23941,42531,42531
23942,42531,42531
23943,42531,42531
23944,42531,42531
23945,42531,42531
23946,42531,42531
23947,42531,42531
23948,42531,42531
23949,42531,42531
23950,42531,42531
23951,42531,42531
23952,42531,42531
23953,42531,42531
23954,42531,42531
23955,42531,42531
23956,42531,42531
23957,42531,42531
23958,42531,42531
23959,42531,42531
23960,42531,42531
23961,42531,42531
23962,42531,42531
23963,42531,42531
23964,42531,42531
23965,42531,42531
23966,42531,42531
23967,42531,42531
23968,42531,42531
23969,42531,42531
23970,42531,42531
23971,42531,42531
23972,42531,42531
23973,42531,42531
23974,42531,42531
23975,42531,42531
23976,42531,42531
23977,42531,42531
23978,42531,42531
23979,42531,42531
23980,42531,42531
23981,42531,42531
23982,42531,42531
23983,42531,42531
23984,42531,42531
23985,42531,42531
23986,42531,42531
23987,42531,42531
23988,42531,42531
23989,42531,42531
23990,42531,42531
23991,42531,42531
23992,42531,42531
23993,42531,42531
23994,42531,42531
23995,42531,42531
23996,42531,42531
23997,42531,42531
23998,42531,42531
23999,42531,42531
24000,42531,42531
24001,42531,42531
24002,42531,42531
24003,42531,42531
24004,42531,42531
24005,42531,42531
24006,42531,42531
24007,42531,42531
24008,42531,42531
24009,42531,42531
24010,42531,42531
24011,42531,42531
24012,42532,42532
24013,42532,42532
24014,42532,42532
24015,42532,42532
24016,42532,42532
24017,42532,42532
24018,42532,42532
24019,42532,42532
24020,42532,42532
24021,42532,42532
24022,42532,42532
24023,42532,42532
24024,42532,42532
24025,42532,42532
24026,42532,42532
24027,42532,42532
24028,42532,42532
24029,42532,42532
24030,42532,42532
24031,42532,42532
24032,42532,42532
24033,42532,42532
24034,42532,42532
24035,42532,42532
24036,42532,42532
24037,42532,42532
24038,42532,42532
24039,42532,42532
24040,42532,42532
24041,42532,42532
24042,42532,42532
24043,42532,42532
24044,42532,42532
24045,42532,42532
24046,42532,42532
24047,42532,42532
24048,42532,42532
24049,42532,42532
24050,42532,42532
24051,42532,42532
24052,42532,42532
24053,42532,42532
24054,42532,42532
24055,42532,42532
24056,42532,42532
24057,42532,42532
24058,42532,42532
24059,42532,42532
24060,42532,42532
24061,42532,42532
24062,42532,42532
24063,42532,42532
24064,42532,42532
24065,42532,42532
24066,42532,42532
24067,42532,42532
24068,42532,42532
24069,42532,42532
24070,42532,42532
24071,42532,42532
24072,42532,42532
24073,42532,42532
24074,42532,42532
24075,42532,42532
24076,42532,42532
24077,42532,42532
24078,42532,42532
24079,42532,42532
24080,42532,42532
24081,42532,42532
24082,42532,42532
24083,42532,42532
24084,42532,42532
24085,42532,42532
24086,42532,42532
24087,42532,42532
24088,42532,42532
24089,42532,42532
24090,42532,42532
24091,42532,42532
24092,42532,42532
24093,42532,42532
24094,42532,42532
24095,42532,42532
24096,42532,42532
24097,42532,42532
24098,42532,42532
24099,42532,42532
24100,42532,42532
24101,42532,42532
24102,42532,42532
24103,42532,42532
24104,42532,42532
24105,42532,42532
24106,42532,42532
24107,42532,42532
24108,42532,42532
24109,42532,42532
24110,42532,42532
24111,42532,42532
24112,42532,42532
24113,42532,42532
24114,42532,42532
24115,42532,42532
24116,42532,42532
24117,42532,42532
24118,42532,42532
24119,42532,42532
24120,42532,42532
24121,42532,42532
24122,42532,42532
24123,42532,42532
24124,42532,42532
24125,42532,42532
24126,42532,42532
24127,42532,42532
24128,42532,42532
24129,42532,42532
24130,42532,42532
24131,42532,42532
24132,42532,42532
24133,42532,42532
24134,42532,42532
24135,42532,42532
24136,42532,42532
24137,42532,42532
24138,42532,42532
24139,42532,42532
24140,42532,42532
24141,42532,42532
24142,42532,42532
24143,42532,42532
24144,42532,42532
24145,42532,42532
24146,42532,42532
24147,42532,42532
24148,42532,42532
24149,42532,42532
24150,42532,42532
24151,42532,42532
24152,42532,42532
24153,42532,42532
24154,42532,42532
24155,42532,42532
24156,42532,42532
24157,42532,42532
24158,42532,42532
24159,42532,42532
24160,42532,42532
24161,42532,42532
24162,42532,42532
24163,42532,42532
24164,42532,42532
24165,42532,42532
24166,42532,42532
24167,42532,42532
24168,42532,42532
24169,42532,42532
24170,42532,42532
24171,42532,42532
24172,42532,42532
24173,42532,42532
24174,42532,42532
24175,42532,42532
24176,42532,42532
24177,42532,42532
24178,42532,42532
24179,42532,42532
24180,42532,42532
24181,42532,42532
24182,42532,42532
24183,42532,42532
24184,42532,42532
24185,42532,42532
24186,42532,42532
24187,42532,42532
24188,42532,42532
24189,42532,42532
24190,42532,42532
24191,42532,42532
24192,42532,42532
24193,42532,42532
24194,42532,42532
24195,42532,42532
24196,42532,42532
24197,42532,42532
24198,42532,42532
24199,42532,42532
24200,42532,42532
24201,42532,42532
24202,42532,42532
24203,42532,42532
24204,42532,42532
24205,42532,42532
24206,42532,42532
24207,42532,42532
24208,42532,42532
24209,42532,42532
24210,42532,42532
24211,42532,42532
24212,42532,42532
24213,42532,42532
24214,42532,42532
24215,42532,42532
24216,42532,42532
24217,42532,42532
24218,42532,42532
24219,42533,42533
24220,42533,42533
24221,42533,42533
24222,42533,42533
24223,42533,42533
24224,42533,42533
24225,42533,42533
24226,42533,42533
24227,42533,42533
24228,42533,42533
24229,42533,42533
24230,42533,42533
24231,42533,42533
24232,42533,42533
24233,42533,42533
24234,42533,42533
24235,42533,42533
24236,42533,42533
24237,42533,42533
24238,42533,42533
24239,42533,42533
24240,42533,42533
24241,42533,42533
24242,42533,42533
24243,42533,42533
24244,42533,42533
24245,42533,42533
24246,42533,42533
24247,42533,42533
24248,42533,42533
24249,42533,42533
24250,42533,42533
24251,42533,42533
24252,42533,42533
24253,42533,42533
24254,42533,42533
24255,42533,42533
24256,42533,42533
24257,42533,42533
24258,42533,42533
24259,42533,42533
24260,42533,42533
24261,42533,42533
24262,42533,42533
24263,42533,42533
24264,42533,42533
24265,42533,42533
24266,42533,42533
24267,42533,42533
24268,42533,42533
24269,42533,42533
24270,42533,42533
24271,42533,42533
24272,42533,42533
24273,42533,42533
24274,42533,42533
24275,42533,42533
24276,42533,42533
24277,42533,42533
24278,42533,42533
24279,42533,42533
24280,42533,42533
24281,42533,42533
24282,42533,42533
24283,42533,42533
24284,42533,42533
24285,42533,42533
24286,42533,42533
24287,42533,42533
24288,42533,42533
24289,42533,42533
24290,42533,42533
24291,42533,42533
24292,42533,42533
24293,42533,42533
24294,42533,42533
24295,42533,42533
24296,42533,42533
24297,42533,42533
24298,42533,42533
24299,42533,42533
24300,42533,42533
24301,42533,42533
24302,42533,42533
24303,42533,42533
24304,42533,42533
24305,42533,42533
24306,42533,42533
24307,42533,42533
24308,42533,42533
24309,42533,42533
24310,42533,42533
24311,42533,42533
24312,42533,42533
24313,42533,42533
24314,42533,42533
24315,42533,42533
24316,42533,42533
24317,42533,42533
24318,42533,42533
24319,42533,42533
24320,42533,42533
24321,42533,42533
24322,42533,42533
24323,42533,42533
24324,42533,42533
24325,42533,42533
24326,42533,42533
24327,42533,42533
24328,42533,42533
24329,42533,42533
24330,42533,42533
24331,42533,42533
24332,42533,42533
24333,42533,42533
24334,42533,42533
24335,42533,42533
24336,42533,42533
24337,42533,42533
24338,42533,42533
24339,42533,42533
24340,42533,42533
24341,42533,42533
24342,42533,42533
24343,42533,42533
24344,42533,42533
24345,42533,42533
24346,42533,42533
24347,42533,42533
24348,42533,42533
24349,42533,42533
24350,42533,42533
24351,42533,42533
24352,42533,42533
24353,42533,42533
24354,42533,42533
24355,42533,42533
24356,42533,42533
24357,42533,42533
24358,42533,42533
24359,42533,42533
24360,42533,42533
24361,42533,42533
24362,42533,42533
24363,42533,42533
24364,42533,42533
24365,42533,42533
24366,42533,42533
24367,42533,42533
24368,42533,42533
24369,42533,42533
24370,42533,42533
24371,42533,42533
24372,42533,42533
24373,42533,42533
24374,42533,42533
24375,42533,42533
24376,42533,42533
24377,42533,42533
24378,42533,42533
24379,42533,42533
24380,42533,42533
24381,42533,42533
24382,42533,42533
24383,42533,42533
24384,42533,42533
24385,42533,42533
24386,42533,42533
24387,42533,42533
24388,42533,42533
24389,42533,42533
24390,42533,42533
24391,42533,42533
24392,42533,42533
24393,42533,42533
24394,42533,42533
24395,42533,42533
24396,42533,42533
24397,42533,42533
24398,42533,42533
24399,42533,42533
24400,42533,42533
24401,42533,42533
24402,42533,42533
24403,42533,42533
24404,42533,42533
24405,42533,42533
24406,42533,42533
24407,42533,42533
24408,42533,42533
24409,42533,42533
24410,42533,42533
24411,42533,42533
24412,42533,42533
24413,42533,42533
24414,42533,42533
24415,42533,42533
24416,42533,42533
24417,42533,42533
24418,42533,42533
24419,42533,42533
24420,42533,42533
24421,42533,42533
24422,42533,42533
24423,42533,42533
24424,42533,42533
24425,42533,42533
24426,42534,42534
24427,42534,42534
24428,42534,42534
24429,42534,42534
24430,42534,42534
24431,42534,42534
24432,42534,42534
24433,42534,42534
24434,42534,42534
24435,42534,42534
24436,42534,42534
24437,42534,42534
24438,42534,42534
24439,42534,42534
24440,42534,42534
24441,42534,42534
24442,42534,42534
24443,42534,42534
24444,42534,42534
24445,42534,42534
24446,42534,42534
24447,42534,42534
24448,42534,42534
24449,42534,42534
24450,42534,42534
24451,42534,42534
24452,42534,42534
24453,42534,42534
24454,42534,42534
24455,42534,42534
24456,42534,42534
24457,42534,42534
24458,42534,42534
24459,42534,42534
24460,42534,42534
24461,42534,42534
24462,42534,42534
24463,42534,42534
24464,42534,42534
24465,42534,42534
24466,42534,42534
24467,42534,42534
24468,42534,42534
24469,42534,42534
24470,42534,42534
24471,42534,42534
24472,42534,42534
24473,42534,42534
24474,42534,42534
24475,42534,42534
24476,42534,42534
24477,42534,42534
24478,42534,42534
24479,42534,42534
24480,42534,42534
24481,42534,42534
24482,42534,42534
24483,42534,42534
24484,42534,42534
24485,42534,42534
24486,42534,42534
24487,42534,42534
24488,42534,42534
24489,42534,42534
24490,42534,42534
24491,42534,42534
24492,42534,42534
24493,42534,42534
24494,42534,42534
24495,42534,42534
24496,42534,42534
24497,42534,42534
24498,42534,42534
24499,42534,42534
24500,42534,42534
24501,42534,42534
24502,42534,42534
24503,42534,42534
24504,42534,42534
24505,42534,42534
24506,42534,42534
24507,42534,42534
24508,42534,42534
24509,42534,42534
24510,42534,42534
24511,42534,42534
24512,42534,42534
24513,42534,42534
24514,42534,42534
24515,42534,42534
24516,42534,42534
24517,42534,42534
24518,42534,42534
24519,42534,42534
24520,42534,42534
24521,42534,42534
24522,42534,42534
24523,42534,42534
24524,42534,42534
24525,42534,42534
24526,42534,42534
24527,42534,42534
24528,42534,42534
24529,42534,42534
24530,42534,42534
24531,42534,42534
24532,42534,42534
24533,42534,42534
24534,42534,42534
24535,42534,42534
24536,42534,42534
24537,42534,42534
24538,42534,42534
24539,42534,42534
24540,42534,42534
24541,42534,42534
24542,42534,42534
24543,42534,42534
24544,42534,42534
24545,42534,42534
24546,42534,42534
24547,42534,42534
24548,42534,42534
24549,42534,42534
24550,42534,42534
24551,42534,42534
24552,42534,42534
24553,42534,42534
24554,42534,42534
24555,42534,42534
24556,42534,42534
24557,42534,42534
24558,42534,42534
24559,42534,42534
24560,42534,42534
24561,42534,42534
24562,42534,42534
24563,42534,42534
24564,42534,42534
24565,42534,42534
24566,42534,42534
24567,42534,42534
24568,42534,42534
24569,42534,42534
24570,42534,42534
24571,42534,42534
24572,42534,42534
24573,42534,42534
24574,42534,42534
24575,42534,42534
24576,42534,42534
24577,42534,42534
24578,42534,42534
24579,42534,42534
24580,42534,42534
24581,42534,42534
24582,42534,42534
24583,42534,42534
24584,42534,42534
24585,42534,42534
24586,42534,42534
24587,42534,42534
24588,42534,42534
24589,42534,42534
24590,42534,42534
24591,42534,42534
24592,42534,42534
24593,42534,42534
24594,42534,42534
24595,42534,42534
24596,42534,42534
24597,42534,42534
24598,42534,42534
24599,42534,42534
24600,42534,42534
24601,42534,42534
24602,42534,42534
24603,42534,42534
24604,42534,42534
24605,42534,42534
24606,42534,42534
24607,42534,42534
24608,42534,42534
24609,42534,42534
24610,42534,42534
24611,42534,42534
24612,42534,42534
24613,42534,42534
24614,42534,42534
24615,42534,42534
24616,42534,42534
24617,42534,42534
24618,42534,42534
24619,42534,42534
24620,42534,42534
24621,42534,42534
24622,42534,42534
24623,42534,42534
24624,42534,42534
24625,42534,42534
24626,42534,42534
24627,42534,42534
24628,42534,42534
24629,42534,42534
24630,42534,42534
24631,42534,42534
24632,42534,42534
24633,42535,42535
24634,42535,42535
24635,42535,42535
24636,42535,42535
24637,42535,42535
24638,42535,42535
24639,42535,42535
24640,42535,42535
24641,42535,42535
24642,42535,42535
24643,42535,42535
24644,42535,42535
24645,42535,42535
24646,42535,42535
24647,42535,42535
24648,42535,42535
24649,42535,42535
24650,42535,42535
24651,42535,42535
24652,42535,42535
24653,42535,42535
24654,42535,42535
24655,42535,42535
24656,42535,42535
24657,42535,42535
24658,42535,42535
24659,42535,42535
24660,42535,42535
24661,42535,42535
24662,42535,42535
24663,42535,42535
24664,42535,42535
24665,42535,42535
24666,42535,42535
24667,42535,42535
24668,42535,42535
24669,42535,42535
24670,42535,42535
24671,42535,42535
24672,42535,42535
24673,42535,42535
24674,42535,42535
24675,42535,42535
24676,42535,42535
24677,42535,42535
24678,42535,42535
24679,42535,42535
24680,42535,42535
24681,42535,42535
24682,42535,42535
24683,42535,42535
24684,42535,42535
24685,42535,42535
24686,42535,42535
24687,42535,42535
24688,42535,42535
24689,42535,42535
24690,42535,42535
24691,42535,42535
24692,42535,42535
24693,42535,42535
24694,42535,42535
24695,42535,42535
24696,42535,42535
24697,42535,42535
24698,42535,42535
24699,42535,42535
24700,42535,42535
24701,42535,42535
24702,42535,42535
24703,42535,42535
24704,42535,42535
24705,42535,42535
24706,42535,42535
24707,42535,42535
24708,42535,42535
24709,42535,42535
24710,42535,42535
24711,42535,42535
24712,42535,42535
24713,42535,42535
24714,42535,42535
24715,42535,42535
24716,42535,42535
24717,42535,42535
24718,42535,42535
24719,42535,42535
24720,42535,42535
24721,42535,42535
24722,42535,42535
24723,42535,42535
24724,42535,42535
24725,42535,42535
24726,42535,42535
24727,42535,42535
24728,42535,42535
24729,42535,42535
24730,42535,42535
24731,42535,42535
24732,42535,42535
24733,42535,42535
24734,42535,42535
24735,42535,42535
24736,42535,42535
24737,42535,42535
24738,42535,42535
24739,42535,42535
24740,42535,42535
24741,42535,42535
24742,42535,42535
24743,42535,42535
24744,42535,42535
24745,42535,42535
24746,42535,42535
24747,42535,42535
24748,42535,42535
24749,42535,42535
24750,42535,42535
24751,42535,42535
24752,42535,42535
24753,42535,42535
24754,42535,42535
24755,42535,42535
24756,42535,42535
24757,42535,42535
24758,42535,42535
24759,42535,42535
24760,42535,42535
24761,42535,42535
24762,42535,42535
24763,42535,42535
24764,42535,42535
24765,42535,42535
24766,42535,42535
24767,42535,42535
24768,42535,42535
24769,42535,42535
24770,42535,42535
24771,42535,42535
24772,42535,42535
24773,42535,42535
24774,42535,42535
24775,42535,42535
24776,42535,42535
24777,42535,42535
24778,42535,42535
24779,42535,42535
24780,42535,42535
24781,42535,42535
24782,42535,42535
24783,42535,42535
24784,42535,42535
24785,42535,42535
24786,42535,42535
24787,42535,42535
24788,42535,42535
24789,42535,42535
24790,42535,42535
24791,42535,42535
24792,42535,42535
24793,42535,42535
24794,42535,42535
24795,42535,42535
24796,42535,42535
24797,42535,42535
24798,42535,42535
24799,42535,42535
24800,42535,42535
24801,42535,42535
24802,42535,42535
24803,42535,42535
24804,42535,42535
24805,42535,42535
24806,42535,42535
24807,42535,42535
24808,42535,42535
24809,42535,42535
24810,42535,42535
24811,42535,42535
24812,42535,42535
24813,42535,42535
24814,42535,42535
24815,42535,42535
24816,42535,42535
24817,42535,42535
24818,42535,42535
24819,42535,42535
24820,42535,42535
24821,42535,42535
24822,42535,42535
24823,42535,42535
24824,42535,42535
24825,42535,42535
24826,42535,42535
24827,42535,42535
24828,42535,42535
24829,42535,42535
24830,42535,42535
24831,42535,42535
24832,42535,42535
24833,42535,42535
24834,42535,42535
24835,42535,42535
24836,42535,42535
24837,42535,42535
24838,42535,42535
24839,42535,42535
24840,42536,42536
24841,42536,42536
24842,42536,42536
24843,42536,42536
24844,42536,42536
24845,42536,42536
24846,42536,42536
24847,42536,42536
24848,42536,42536
24849,42536,42536
24850,42536,42536
24851,42536,42536
24852,42536,42536
24853,42536,42536
24854,42536,42536
24855,42536,42536
24856,42536,42536
24857,42536,42536
24858,42536,42536
24859,42536,42536
24860,42536,42536
24861,42536,42536
24862,42536,42536
24863,42536,42536
24864,42536,42536
24865,42536,42536
24866,42536,42536
24867,42536,42536
24868,42536,42536
24869,42536,42536
24870,42536,42536
24871,42536,42536
24872,42536,42536
24873,42536,42536
24874,42536,42536
24875,42536,42536
24876,42536,42536
24877,42536,42536
24878,42536,42536
24879,42536,42536
24880,42536,42536
24881,42536,42536
24882,42536,42536
24883,42536,42536
24884,42536,42536
24885,42536,42536
24886,42536,42536
24887,42536,42536
24888,42536,42536
24889,42536,42536
24890,42536,42536
24891,42536,42536
24892,42536,42536
24893,42536,42536
24894,42536,42536
24895,42536,42536
24896,42536,42536
24897,42536,42536
24898,42536,42536
24899,42536,42536
24900,42536,42536
24901,42536,42536
24902,42536,42536
24903,42536,42536
24904,42536,42536
24905,42536,42536
24906,42536,42536
24907,42536,42536
24908,42536,42536
24909,42536,42536
24910,42536,42536
24911,42536,42536
24912,42536,42536
24913,42536,42536
24914,42536,42536
24915,42536,42536
24916,42536,42536
24917,42536,42536
24918,42536,42536
24919,42536,42536
24920,42536,42536
24921,42536,42536
24922,42536,42536
24923,42536,42536
24924,42536,42536
24925,42536,42536
24926,42536,42536
24927,42536,42536
24928,42536,42536
24929,42536,42536
24930,42536,42536
24931,42536,42536
24932,42536,42536
24933,42536,42536
24934,42536,42536
24935,42536,42536
24936,42536,42536
24937,42536,42536
24938,42536,42536
24939,42536,42536
24940,42536,42536
24941,42536,42536
24942,42536,42536
24943,42536,42536
24944,42536,42536
24945,42536,42536
24946,42536,42536
24947,42536,42536
24948,42536,42536
24949,42536,42536
24950,42536,42536
24951,42536,42536
24952,42536,42536
24953,42536,42536
24954,42536,42536
24955,42536,42536
24956,42536,42536
24957,42536,42536
24958,42536,42536
24959,42536,42536
24960,42536,42536
24961,42536,42536
24962,42536,42536
24963,42536,42536
24964,42536,42536
24965,42536,42536
24966,42536,42536
24967,42536,42536
24968,42536,42536
24969,42536,42536
24970,42536,42536
24971,42536,42536
24972,42536,42536
24973,42536,42536
24974,42536,42536
24975,42536,42536
24976,42536,42536
24977,42536,42536
24978,42536,42536
24979,42536,42536
24980,42536,42536
24981,42536,42536
24982,42536,42536
24983,42536,42536
24984,42536,42536
24985,42536,42536
24986,42536,42536
24987,42536,42536
24988,42536,42536
24989,42536,42536
24990,42536,42536
24991,42536,42536
24992,42536,42536
24993,42536,42536
24994,42536,42536
24995,42536,42536
24996,42536,42536
24997,42536,42536
24998,42536,42536
24999,42536,42536
25000,42536,42536
25001,42536,42536
25002,42536,42536
25003,42536,42536
25004,42536,42536
25005,42536,42536
25006,42536,42536
25007,42536,42536
25008,42536,42536
25009,42536,42536
25010,42536,42536
25011,42536,42536
25012,42536,42536
25013,42536,42536
25014,42536,42536
25015,42536,42536
25016,42536,42536
25017,42536,42536
25018,42536,42536
25019,42536,42536
25020,42536,42536
25021,42536,42536
25022,42536,42536
25023,42536,42536
25024,42536,42536
25025,42536,42536
25026,42536,42536
25027,42536,42536
25028,42536,42536
25029,42536,42536
25030,42536,42536
25031,42536,42536
25032,42536,42536
25033,42536,42536
25034,42536,42536
25035,42536,42536
25036,42536,42536
25037,42536,42536
25038,42536,42536
25039,42536,42536
25040,42536,42536
25041,42536,42536
25042,42536,42536
25043,42536,42536
25044,42536,42536
25045,42536,42536
25046,42536,42536
25047,42537,42537
25048,42537,42537
25049,42537,42537
25050,42537,42537
25051,42537,42537
25052,42537,42537
25053,42537,42537
25054,42537,42537
25055,42537,42537
25056,42537,42537
25057,42537,42537
25058,42537,42537
25059,42537,42537
25060,42537,42537
25061,42537,42537
25062,42537,42537
25063,42537,42537
25064,42537,42537
25065,42537,42537
25066,42537,42537
25067,42537,42537
25068,42537,42537
25069,42537,42537
25070,42537,42537
25071,42537,42537
25072,42537,42537
25073,42537,42537
25074,42537,42537
25075,42537,42537
25076,42537,42537
25077,42537,42537
25078,42537,42537
25079,42537,42537
25080,42537,42537
25081,42537,42537
25082,42537,42537
25083,42537,42537
25084,42537,42537
25085,42537,42537
25086,42537,42537
25087,42537,42537
25088,42537,42537
25089,42537,42537
25090,42537,42537
25091,42537,42537
25092,42537,42537
25093,42537,42537
25094,42537,42537
25095,42537,42537
25096,42537,42537
25097,42537,42537
25098,42537,42537
25099,42537,42537
25100,42537,42537
25101,42537,42537
25102,42537,42537
25103,42537,42537
25104,42537,42537
25105,42537,42537
25106,42537,42537
25107,42537,42537
25108,42537,42537
25109,42537,42537
25110,42537,42537
25111,42537,42537
25112,42537,42537
25113,42537,42537
25114,42537,42537
25115,42537,42537
25116,42537,42537
25117,42537,42537
25118,42537,42537
25119,42537,42537
25120,42537,42537
25121,42537,42537
25122,42537,42537
25123,42537,42537
25124,42537,42537
25125,42537,42537
25126,42537,42537
25127,42537,42537
25128,42537,42537
25129,42537,42537
25130,42537,42537
25131,42537,42537
25132,42537,42537
25133,42537,42537
25134,42537,42537
25135,42537,42537
25136,42537,42537
25137,42537,42537
25138,42537,42537
25139,42537,42537
25140,42537,42537
25141,42537,42537
25142,42537,42537
25143,42537,42537
25144,42537,42537
25145,42537,42537
25146,42537,42537
25147,42537,42537
25148,42537,42537
25149,42537,42537
25150,42537,42537
25151,42537,42537
25152,42537,42537
25153,42537,42537
25154,42537,42537
25155,42537,42537
25156,42537,42537
25157,42537,42537
25158,42537,42537
25159,42537,42537
25160,42537,42537
25161,42537,42537
25162,42537,42537
25163,42537,42537
25164,42537,42537
25165,42537,42537
25166,42537,42537
25167,42537,42537
25168,42537,42537
25169,42537,42537
25170,42537,42537
25171,42537,42537
25172,42537,42537
25173,42537,42537
25174,42537,42537
25175,42537,42537
25176,42537,42537
25177,42537,42537
25178,42537,42537
25179,42537,42537
25180,42537,42537
25181,42537,42537
25182,42537,42537
25183,42537,42537
25184,42537,42537
25185,42537,42537
25186,42537,42537
25187,42537,42537
25188,42537,42537
25189,42537,42537
25190,42537,42537
25191,42537,42537
25192,42537,42537
25193,42537,42537
25194,42537,42537
25195,42537,42537
25196,42537,42537
25197,42537,42537
25198,42537,42537
25199,42537,42537
25200,42537,42537
25201,42537,42537
25202,42537,42537
25203,42537,42537
25204,42537,42537
25205,42537,42537
25206,42537,42537
25207,42537,42537
25208,42537,42537
25209,42537,42537
25210,42537,42537
25211,42537,42537
25212,42537,42537
25213,42537,42537
25214,42537,42537
25215,42537,42537
25216,42537,42537
25217,42537,42537
25218,42537,42537
25219,42537,42537
25220,42537,42537
25221,42537,42537
25222,42537,42537
25223,42537,42537
25224,42537,42537
25225,42537,42537
25226,42537,42537
25227,42537,42537
25228,42537,42537
25229,42537,42537
25230,42537,42537
25231,42537,42537
25232,42537,42537
25233,42537,42537
25234,42537,42537
25235,42537,42537
25236,42537,42537
25237,42537,42537
25238,42537,42537
25239,42537,42537
25240,42537,42537
25241,42537,42537
25242,42537,42537
25243,42537,42537
25244,42537,42537
25245,42537,42537
25246,42537,42537
25247,42537,42537
25248,42537,42537
25249,42537,42537
25250,42537,42537
25251,42537,42537
25252,42537,42537
25253,42537,42537
25254,42538,42538
25255,42538,42538
25256,42538,42538
25257,42538,42538
25258,42538,42538
25259,42538,42538
25260,42538,42538
25261,42538,42538
25262,42538,42538
25263,42538,42538
25264,42538,42538
25265,42538,42538
25266,42538,42538
25267,42538,42538
25268,42538,42538
25269,42538,42538
25270,42538,42538
25271,42538,42538
25272,42538,42538
25273,42538,42538
25274,42538,42538
25275,42538,42538
25276,42538,42538
25277,42538,42538
25278,42538,42538
25279,42538,42538
25280,42538,42538
25281,42538,42538
25282,42538,42538
25283,42538,42538
25284,42538,42538
25285,42538,42538
25286,42538,42538
25287,42538,42538
25288,42538,42538
25289,42538,42538
25290,42538,42538
25291,42538,42538
25292,42538,42538
25293,42538,42538
25294,42538,42538
25295,42538,42538
25296,42538,42538
25297,42538,42538
25298,42538,42538
25299,42538,42538
25300,42538,42538
25301,42538,42538
25302,42538,42538
25303,42538,42538
25304,42538,42538
25305,42538,42538
25306,42538,42538
25307,42538,42538
25308,42538,42538
25309,42538,42538
25310,42538,42538
25311,42538,42538
25312,42538,42538
25313,42538,42538
25314,42538,42538
25315,42538,42538
25316,42538,42538
25317,42538,42538
25318,42538,42538
25319,42538,42538
25320,42538,42538
25321,42538,42538
25322,42538,42538
25323,42538,42538
25324,42538,42538
25325,42538,42538
25326,42538,42538
25327,42538,42538
25328,42538,42538
25329,42538,42538
25330,42538,42538
25331,42538,42538
25332,42538,42538
25333,42538,42538
25334,42538,42538
25335,42538,42538
25336,42538,42538
25337,42538,42538
25338,42538,42538
25339,42538,42538
25340,42538,42538
25341,42538,42538
25342,42538,42538
25343,42538,42538
25344,42538,42538
25345,42538,42538
25346,42538,42538
25347,42538,42538
25348,42538,42538
25349,42538,42538
25350,42538,42538
25351,42538,42538
25352,42538,42538
25353,42538,42538
25354,42538,42538
25355,42538,42538
25356,42538,42538
25357,42538,42538
25358,42538,42538
25359,42538,42538
25360,42538,42538
25361,42538,42538
25362,42538,42538
25363,42538,42538
25364,42538,42538
25365,42538,42538
25366,42538,42538
25367,42538,42538
25368,42538,42538
25369,42538,42538
25370,42538,42538
25371,42538,42538
25372,42538,42538
25373,42538,42538
25374,42538,42538
25375,42538,42538
25376,42538,42538
25377,42538,42538
25378,42538,42538
25379,42538,42538
25380,42538,42538
25381,42538,42538
25382,42538,42538
25383,42538,42538
25384,42538,42538
25385,42538,42538
25386,42538,42538
25387,42538,42538
25388,42538,42538
25389,42538,42538
25390,42538,42538
25391,42538,42538
25392,42538,42538
25393,42538,42538
25394,42538,42538
25395,42538,42538
25396,42538,42538
25397,42538,42538
25398,42538,42538
25399,42538,42538
25400,42538,42538
25401,42538,42538
25402,42538,42538
25403,42538,42538
25404,42538,42538
25405,42538,42538
25406,42538,42538
25407,42538,42538
25408,42538,42538
25409,42538,42538
25410,42538,42538
25411,42538,42538
25412,42538,42538
25413,42538,42538
25414,42538,42538
25415,42538,42538
25416,42538,42538
25417,42538,42538
25418,42538,42538
25419,42538,42538
25420,42538,42538
25421,42538,42538
25422,42538,42538
25423,42538,42538
25424,42538,42538
25425,42538,42538
25426,42538,42538
25427,42538,42538
25428,42538,42538
25429,42538,42538
25430,42538,42538
25431,42538,42538
25432,42538,42538
25433,42538,42538
25434,42538,42538
25435,42538,42538
25436,42538,42538
25437,42538,42538
25438,42538,42538
25439,42538,42538
25440,42538,42538
25441,42538,42538
25442,42538,42538
25443,42538,42538
25444,42538,42538
25445,42538,42538
25446,42538,42538
25447,42538,42538
25448,42538,42538
25449,42538,42538
25450,42538,42538
25451,42538,42538
25452,42538,42538
25453,42538,42538
25454,42538,42538
25455,42538,42538
25456,42538,42538
25457,42538,42538
25458,42538,42538
25459,42538,42538
25460,42538,42538
25461,42539,42539
25462,42539,42539
25463,42539,42539
25464,42539,42539
25465,42539,42539
25466,42539,42539
25467,42539,42539
25468,42539,42539
25469,42539,42539
25470,42539,42539
25471,42539,42539
25472,42539,42539
25473,42539,42539
25474,42539,42539
25475,42539,42539
25476,42539,42539
25477,42539,42539
25478,42539,42539
25479,42539,42539
25480,42539,42539
25481,42539,42539
25482,42539,42539
25483,42539,42539
25484,42539,42539
25485,42539,42539
25486,42539,42539
25487,42539,42539
25488,42539,42539
25489,42539,42539
25490,42539,42539
25491,42539,42539
25492,42539,42539
25493,42539,42539
25494,42539,42539
25495,42539,42539
25496,42539,42539
25497,42539,42539
25498,42539,42539
25499,42539,42539
25500,42539,42539
25501,42539,42539
25502,42539,42539
25503,42539,42539
25504,42539,42539
25505,42539,42539
25506,42539,42539
25507,42539,42539
25508,42539,42539
25509,42539,42539
25510,42539,42539
25511,42539,42539
25512,42539,42539
25513,42539,42539
25514,42539,42539
25515,42539,42539
25516,42539,42539
25517,42539,42539
25518,42539,42539
25519,42539,42539
25520,42539,42539
25521,42539,42539
25522,42539,42539
25523,42539,42539
25524,42539,42539
25525,42539,42539
25526,42539,42539
25527,42539,42539
25528,42539,42539
25529,42539,42539
25530,42539,42539
25531,42539,42539
25532,42539,42539
25533,42539,42539
25534,42539,42539
25535,42539,42539
25536,42539,42539
25537,42539,42539
25538,42539,42539
25539,42539,42539
25540,42539,42539
25541,42539,42539
25542,42539,42539
25543,42539,42539
25544,42539,42539
25545,42539,42539
25546,42539,42539
25547,42539,42539
25548,42539,42539
25549,42539,42539
25550,42539,42539
25551,42539,42539
25552,42539,42539
25553,42539,42539
25554,42539,42539
25555,42539,42539
25556,42539,42539
25557,42539,42539
25558,42539,42539
25559,42539,42539
25560,42539,42539
25561,42539,42539
25562,42539,42539
25563,42539,42539
25564,42539,42539
25565,42539,42539
25566,42539,42539
25567,42539,42539
25568,42539,42539
25569,42539,42539
25570,42539,42539
25571,42539,42539
25572,42539,42539
25573,42539,42539
25574,42539,42539
25575,42539,42539
25576,42539,42539
25577,42539,42539
25578,42539,42539
25579,42539,42539
25580,42539,42539
25581,42539,42539
25582,42539,42539
25583,42539,42539
25584,42539,42539
25585,42539,42539
25586,42539,42539
25587,42539,42539
25588,42539,42539
25589,42539,42539
25590,42539,42539
25591,42539,42539
25592,42539,42539
25593,42539,42539
25594,42539,42539
25595,42539,42539
25596,42539,42539
25597,42539,42539
25598,42539,42539
25599,42539,42539
25600,42539,42539
25601,42539,42539
25602,42539,42539
25603,42539,42539
25604,42539,42539
25605,42539,42539
25606,42539,42539
25607,42539,42539
25608,42539,42539
25609,42539,42539
25610,42539,42539
25611,42539,42539
25612,42539,42539
25613,42539,42539
25614,42539,42539
25615,42539,42539
25616,42539,42539
25617,42539,42539
25618,42539,42539
25619,42539,42539
25620,42539,42539
25621,42539,42539
25622,42539,42539
25623,42539,42539
25624,42539,42539
25625,42539,42539
25626,42539,42539
25627,42539,42539
25628,42539,42539
25629,42539,42539
25630,42539,42539
25631,42539,42539
25632,42539,42539
25633,42539,42539
25634,42539,42539
25635,42539,42539
25636,42539,42539
25637,42539,42539
25638,42539,42539
25639,42539,42539
25640,42539,42539
25641,42539,42539
25642,42539,42539
25643,42539,42539
25644,42539,42539
25645,42539,42539
25646,42539,42539
25647,42539,42539
25648,42539,42539
25649,42539,42539
25650,42539,42539
25651,42539,42539
25652,42539,42539
25653,42539,42539
25654,42539,42539
25655,42539,42539
25656,42539,42539
25657,42539,42539
25658,42539,42539
25659,42539,42539
25660,42539,42539
25661,42539,42539
25662,42539,42539
25663,42539,42539
25664,42539,42539
25665,42539,42539
25666,42539,42539
25667,42539,42539
25668,42540,42540
25669,42540,42540
25670,42540,42540
25671,42540,42540
25672,42540,42540
25673,42540,42540
25674,42540,42540
25675,42540,42540
25676,42540,42540
25677,42540,42540
25678,42540,42540
25679,42540,42540
25680,42540,42540
25681,42540,42540
25682,42540,42540
25683,42540,42540
25684,42540,42540
25685,42540,42540
25686,42540,42540
25687,42540,42540
25688,42540,42540
25689,42540,42540
25690,42540,42540
25691,42540,42540
25692,42540,42540
25693,42540,42540
25694,42540,42540
25695,42540,42540
25696,42540,42540
25697,42540,42540
25698,42540,42540
25699,42540,42540
25700,42540,42540
25701,42540,42540
25702,42540,42540
25703,42540,42540
25704,42540,42540
25705,42540,42540
25706,42540,42540
25707,42540,42540
25708,42540,42540
25709,42540,42540
25710,42540,42540
25711,42540,42540
25712,42540,42540
25713,42540,42540
25714,42540,42540
25715,42540,42540
25716,42540,42540
25717,42540,42540
25718,42540,42540
25719,42540,42540
25720,42540,42540
25721,42540,42540
25722,42540,42540
25723,42540,42540
25724,42540,42540
25725,42540,42540
25726,42540,42540
25727,42540,42540
25728,42540,42540
25729,42540,42540
25730,42540,42540
25731,42540,42540
25732,42540,42540
25733,42540,42540
25734,42540,42540
25735,42540,42540
25736,42540,42540
25737,42540,42540
25738,42540,42540
25739,42540,42540
25740,42540,42540
25741,42540,42540
25742,42540,42540
25743,42540,42540
25744,42540,42540
25745,42540,42540
25746,42540,42540
25747,42540,42540
25748,42540,42540
25749,42540,42540
25750,42540,42540
25751,42540,42540
25752,42540,42540
25753,42540,42540
25754,42540,42540
25755,42540,42540
25756,42540,42540
25757,42540,42540
25758,42540,42540
25759,42540,42540
25760,42540,42540
25761,42540,42540
25762,42540,42540
25763,42540,42540
25764,42540,42540
25765,42540,42540
25766,42540,42540
25767,42540,42540
25768,42540,42540
25769,42540,42540
25770,42540,42540
25771,42540,42540
25772,42540,42540
25773,42540,42540
25774,42540,42540
25775,42540,42540
25776,42540,42540
25777,42540,42540
25778,42540,42540
25779,42540,42540
25780,42540,42540
25781,42540,42540
25782,42540,42540
25783,42540,42540
25784,42540,42540
25785,42540,42540
25786,42540,42540
25787,42540,42540
25788,42540,42540
25789,42540,42540
25790,42540,42540
25791,42540,42540
25792,42540,42540
25793,42540,42540
25794,42540,42540
25795,42540,42540
25796,42540,42540
25797,42540,42540
25798,42540,42540
25799,42540,42540
25800,42540,42540
25801,42540,42540
25802,42540,42540
25803,42540,42540
25804,42540,42540
25805,42540,42540
25806,42540,42540
25807,42540,42540
25808,42540,42540
25809,42540,42540
25810,42540,42540
25811,42540,42540
25812,42540,42540
25813,42540,42540
25814,42540,42540
25815,42540,42540
25816,42540,42540
25817,42540,42540
25818,42540,42540
25819,42540,42540
25820,42540,42540
25821,42540,42540
25822,42540,42540
25823,42540,42540
25824,42540,42540
25825,42540,42540
25826,42540,42540
25827,42540,42540
25828,42540,42540
25829,42540,42540
25830,42540,42540
25831,42540,42540
25832,42540,42540
25833,42540,42540
25834,42540,42540
25835,42540,42540
25836,42540,42540
25837,42540,42540
25838,42540,42540
25839,42540,42540
25840,42540,42540
25841,42540,42540
25842,42540,42540
25843,42540,42540
25844,42540,42540
25845,42540,42540
25846,42540,42540
25847,42540,42540
25848,42540,42540
25849,42540,42540
25850,42540,42540
25851,42540,42540
25852,42540,42540
25853,42540,42540
25854,42540,42540
25855,42540,42540
25856,42540,42540
25857,42540,42540
25858,42540,42540
25859,42540,42540
25860,42540,42540
25861,42540,42540
25862,42540,42540
25863,42540,42540
25864,42540,42540
25865,42540,42540
25866,42540,42540
25867,42540,42540
25868,42540,42540
25869,42540,42540
25870,42540,42540
25871,42540,42540
25872,42540,42540
25873,42540,42540
25874,42540,42540
25875,42541,42541
25876,42541,42541
25877,42541,42541
25878,42541,42541
25879,42541,42541
25880,42541,42541
25881,42541,42541
25882,42541,42541
25883,42541,42541
25884,42541,42541
25885,42541,42541
25886,42541,42541
25887,42541,42541
25888,42541,42541
25889,42541,42541
25890,42541,42541
25891,42541,42541
25892,42541,42541
25893,42541,42541
25894,42541,42541
25895,42541,42541
25896,42541,42541
25897,42541,42541
25898,42541,42541
25899,42541,42541
25900,42541,42541
25901,42541,42541
25902,42541,42541
25903,42541,42541
25904,42541,42541
25905,42541,42541
25906,42541,42541
25907,42541,42541
25908,42541,42541
25909,42541,42541
25910,42541,42541
25911,42541,42541
25912,42541,42541
25913,42541,42541
25914,42541,42541
25915,42541,42541
25916,42541,42541
25917,42541,42541
25918,42541,42541
25919,42541,42541
25920,42541,42541
25921,42541,42541
25922,42541,42541
25923,42541,42541
25924,42541,42541
25925,42541,42541
25926,42541,42541
25927,42541,42541
25928,42541,42541
25929,42541,42541
25930,42541,42541
25931,42541,42541
25932,42541,42541
25933,42541,42541
25934,42541,42541
25935,42541,42541
25936,42541,42541
25937,42541,42541
25938,42541,42541
25939,42541,42541
25940,42541,42541
25941,42541,42541
25942,42541,42541
25943,42541,42541
25944,42541,42541
25945,42541,42541
25946,42541,42541
25947,42541,42541
25948,42541,42541
25949,42541,42541
25950,42541,42541
25951,42541,42541
25952,42541,42541
25953,42541,42541
25954,42541,42541
25955,42541,42541
25956,42541,42541
25957,42541,42541
25958,42541,42541
25959,42541,42541
25960,42541,42541
25961,42541,42541
25962,42541,42541
25963,42541,42541
25964,42541,42541
25965,42541,42541
25966,42541,42541
25967,42541,42541
25968,42541,42541
25969,42541,42541
25970,42541,42541
25971,42541,42541
25972,42541,42541
25973,42541,42541
25974,42541,42541
25975,42541,42541
25976,42541,42541
25977,42541,42541
25978,42541,42541
25979,42541,42541
25980,42541,42541
25981,42541,42541
25982,42541,42541
25983,42541,42541
25984,42541,42541
25985,42541,42541
25986,42541,42541
25987,42541,42541
25988,42541,42541
25989,42541,42541
25990,42541,42541
25991,42541,42541
25992,42541,42541
25993,42541,42541
25994,42541,42541
25995,42541,42541
25996,42541,42541
25997,42541,42541
25998,42541,42541
25999,42541,42541
26000,42541,42541
26001,42541,42541
26002,42541,42541
26003,42541,42541
26004,42541,42541
26005,42541,42541
26006,42541,42541
26007,42541,42541
26008,42541,42541
26009,42541,42541
26010,42541,42541
26011,42541,42541
26012,42541,42541
26013,42541,42541
26014,42541,42541
26015,42541,42541
26016,42541,42541
26017,42541,42541
26018,42541,42541
26019,42541,42541
26020,42541,42541
26021,42541,42541
26022,42541,42541
26023,42541,42541
26024,42541,42541
26025,42541,42541
26026,42541,42541
26027,42541,42541
26028,42541,42541
26029,42541,42541
26030,42541,42541
26031,42541,42541
26032,42541,42541
26033,42541,42541
26034,42541,42541
26035,42541,42541
26036,42541,42541
26037,42541,42541
26038,42541,42541
26039,42541,42541
26040,42541,42541
26041,42541,42541
26042,42541,42541
26043,42541,42541
26044,42541,42541
26045,42541,42541
26046,42541,42541
26047,42541,42541
26048,42541,42541
26049,42541,42541
26050,42541,42541
26051,42541,42541
26052,42541,42541
26053,42541,42541
26054,42541,42541
26055,42541,42541
26056,42541,42541
26057,42541,42541
26058,42541,42541
26059,42541,42541
26060,42541,42541
26061,42541,42541
26062,42541,42541
26063,42541,42541
26064,42541,42541
26065,42541,42541
26066,42541,42541
26067,42541,42541
26068,42541,42541
26069,42541,42541
26070,42541,42541
26071,42541,42541
26072,42541,42541
26073,42541,42541
26074,42541,42541
26075,42541,42541
26076,42541,42541
26077,42541,42541
26078,42541,42541
26079,42541,42541
26080,42541,42541
26081,42541,42541
26082,42542,42542
26083,42542,42542
26084,42542,42542
26085,42542,42542
26086,42542,42542
26087,42542,42542
26088,42542,42542
26089,42542,42542
26090,42542,42542
26091,42542,42542
26092,42542,42542
26093,42542,42542
26094,42542,42542
26095,42542,42542
26096,42542,42542
26097,42542,42542
26098,42542,42542
26099,42542,42542
26100,42542,42542
26101,42542,42542
26102,42542,42542
26103,42542,42542
26104,42542,42542
26105,42542,42542
26106,42542,42542
26107,42542,42542
26108,42542,42542
26109,42542,42542
26110,42542,42542
26111,42542,42542
26112,42542,42542
26113,42542,42542
26114,42542,42542
26115,42542,42542
26116,42542,42542
26117,42542,42542
26118,42542,42542
26119,42542,42542
26120,42542,42542
26121,42542,42542
26122,42542,42542
26123,42542,42542
26124,42542,42542
26125,42542,42542
26126,42542,42542
26127,42542,42542
26128,42542,42542
26129,42542,42542
26130,42542,42542
26131,42542,42542
26132,42542,42542
26133,42542,42542
26134,42542,42542
26135,42542,42542
26136,42542,42542
26137,42542,42542
26138,42542,42542
26139,42542,42542
26140,42542,42542
26141,42542,42542
26142,42542,42542
26143,42542,42542
26144,42542,42542
26145,42542,42542
26146,42542,42542
26147,42542,42542
26148,42542,42542
26149,42542,42542
26150,42542,42542
26151,42542,42542
26152,42542,42542
26153,42542,42542
26154,42542,42542
26155,42542,42542
26156,42542,42542
26157,42542,42542
26158,42542,42542
26159,42542,42542
26160,42542,42542
26161,42542,42542
26162,42542,42542
26163,42542,42542
26164,42542,42542
26165,42542,42542
26166,42542,42542
26167,42542,42542
26168,42542,42542
26169,42542,42542
26170,42542,42542
26171,42542,42542
26172,42542,42542
26173,42542,42542
26174,42542,42542
26175,42542,42542
26176,42542,42542
26177,42542,42542
26178,42542,42542
26179,42542,42542
26180,42542,42542
26181,42542,42542
26182,42542,42542
26183,42542,42542
26184,42542,42542
26185,42542,42542
26186,42542,42542
26187,42542,42542
26188,42542,42542
26189,42542,42542
26190,42542,42542
26191,42542,42542
26192,42542,42542
26193,42542,42542
26194,42542,42542
26195,42542,42542
26196,42542,42542
26197,42542,42542
26198,42542,42542
26199,42542,42542
26200,42542,42542
26201,42542,42542
26202,42542,42542
26203,42542,42542
26204,42542,42542
26205,42542,42542
26206,42542,42542
26207,42542,42542
26208,42542,42542
26209,42542,42542
26210,42542,42542
26211,42542,42542
26212,42542,42542
26213,42542,42542
26214,42542,42542
26215,42542,42542
26216,42542,42542
26217,42542,42542
26218,42542,42542
26219,42542,42542
26220,42542,42542
26221,42542,42542
26222,42542,42542
26223,42542,42542
26224,42542,42542
26225,42542,42542
26226,42542,42542
26227,42542,42542
26228,42542,42542
26229,42542,42542
26230,42542,42542
26231,42542,42542
26232,42542,42542
26233,42542,42542
26234,42542,42542
26235,42542,42542
26236,42542,42542
26237,42542,42542
26238,42542,42542
26239,42542,42542
26240,42542,42542
26241,42542,42542
26242,42542,42542
26243,42542,42542
26244,42542,42542
26245,42542,42542
26246,42542,42542
26247,42542,42542
26248,42542,42542
26249,42542,42542
26250,42542,42542
26251,42542,42542
26252,42542,42542
26253,42542,42542
26254,42542,42542
26255,42542,42542
26256,42542,42542
26257,42542,42542
26258,42542,42542
26259,42542,42542
26260,42542,42542
26261,42542,42542
26262,42542,42542
26263,42542,42542
26264,42542,42542
26265,42542,42542
26266,42542,42542
26267,42542,42542
26268,42542,42542
26269,42542,42542
26270,42542,42542
26271,42542,42542
26272,42542,42542
26273,42542,42542
26274,42542,42542
26275,42542,42542
26276,42542,42542
26277,42542,42542
26278,42542,42542
26279,42542,42542
26280,42542,42542
26281,42542,42542
26282,42542,42542
26283,42542,42542
26284,42542,42542
26285,42542,42542
26286,42542,42542
26287,42542,42542
26288,42542,42542
26289,42543,42543
26290,42543,42543
26291,42543,42543
26292,42543,42543
26293,42543,42543
26294,42543,42543
26295,42543,42543
26296,42543,42543
26297,42543,42543
26298,42543,42543
26299,42543,42543
26300,42543,42543
26301,42543,42543
26302,42543,42543
26303,42543,42543
26304,42543,42543
26305,42543,42543
26306,42543,42543
26307,42543,42543
26308,42543,42543
26309,42543,42543
26310,42543,42543
26311,42543,42543
26312,42543,42543
26313,42543,42543
26314,42543,42543
26315,42543,42543
26316,42543,42543
26317,42543,42543
26318,42543,42543
26319,42543,42543
26320,42543,42543
26321,42543,42543
26322,42543,42543
26323,42543,42543
26324,42543,42543
26325,42543,42543
26326,42543,42543
26327,42543,42543
26328,42543,42543
26329,42543,42543
26330,42543,42543
26331,42543,42543
26332,42543,42543
26333,42543,42543
26334,42543,42543
26335,42543,42543
26336,42543,42543
26337,42543,42543
26338,42543,42543
26339,42543,42543
26340,42543,42543
26341,42543,42543
26342,42543,42543
26343,42543,42543
26344,42543,42543
26345,42543,42543
26346,42543,42543
26347,42543,42543
26348,42543,42543
26349,42543,42543
26350,42543,42543
26351,42543,42543
26352,42543,42543
26353,42543,42543
26354,42543,42543
26355,42543,42543
26356,42543,42543
26357,42543,42543
26358,42543,42543
26359,42543,42543
26360,42543,42543
26361,42543,42543
26362,42543,42543
26363,42543,42543
26364,42543,42543
26365,42543,42543
26366,42543,42543
26367,42543,42543
26368,42543,42543
26369,42543,42543
26370,42543,42543
26371,42543,42543
26372,42543,42543
26373,42543,42543
26374,42543,42543
26375,42543,42543
26376,42543,42543
26377,42543,42543
26378,42543,42543
26379,42543,42543
26380,42543,42543
26381,42543,42543
26382,42543,42543
26383,42543,42543
26384,42543,42543
26385,42543,42543
26386,42543,42543
26387,42543,42543
26388,42543,42543
26389,42543,42543
26390,42543,42543
26391,42543,42543
26392,42543,42543
26393,42543,42543
26394,42543,42543
26395,42543,42543
26396,42543,42543
26397,42543,42543
26398,42543,42543
26399,42543,42543
26400,42543,42543
26401,42543,42543
26402,42543,42543
26403,42543,42543
26404,42543,42543
26405,42543,42543
26406,42543,42543
26407,42543,42543
26408,42543,42543
26409,42543,42543
26410,42543,42543
26411,42543,42543
26412,42543,42543
26413,42543,42543
26414,42543,42543
26415,42543,42543
26416,42543,42543
26417,42543,42543
26418,42543,42543
26419,42543,42543
26420,42543,42543
26421,42543,42543
26422,42543,42543
26423,42543,42543
26424,42543,42543
26425,42543,42543
26426,42543,42543
26427,42543,42543
26428,42543,42543
26429,42543,42543
26430,42543,42543
26431,42543,42543
26432,42543,42543
26433,42543,42543
26434,42543,42543
26435,42543,42543
26436,42543,42543
26437,42543,42543
26438,42543,42543
26439,42543,42543
26440,42543,42543
26441,42543,42543
26442,42543,42543
26443,42543,42543
26444,42543,42543
26445,42543,42543
26446,42543,42543
26447,42543,42543
26448,42543,42543
26449,42543,42543
26450,42543,42543
26451,42543,42543
26452,42543,42543
26453,42543,42543
26454,42543,42543
26455,42543,42543
26456,42543,42543
26457,42543,42543
26458,42543,42543
26459,42543,42543
26460,42543,42543
26461,42543,42543
26462,42543,42543
26463,42543,42543
26464,42543,42543
26465,42543,42543
26466,42543,42543
26467,42543,42543
26468,42543,42543
26469,42543,42543
26470,42543,42543
26471,42543,42543
26472,42543,42543
26473,42543,42543
26474,42543,42543
26475,42543,42543
26476,42543,42543
26477,42543,42543
26478,42543,42543
26479,42543,42543
26480,42543,42543
26481,42543,42543
26482,42543,42543
26483,42543,42543
26484,42543,42543
26485,42543,42543
26486,42543,42543
26487,42543,42543
26488,42543,42543
26489,42543,42543
26490,42543,42543
26491,42543,42543
26492,42543,42543
26493,42543,42543
26494,42543,42543
26495,42543,42543
26496,42544,42544
26497,42544,42544
26498,42544,42544
26499,42544,42544
26500,42544,42544
26501,42544,42544
26502,42544,42544
26503,42544,42544
26504,42544,42544
26505,42544,42544
26506,42544,42544
26507,42544,42544
26508,42544,42544
26509,42544,42544
26510,42544,42544
26511,42544,42544
26512,42544,42544
26513,42544,42544
26514,42544,42544
26515,42544,42544
26516,42544,42544
26517,42544,42544
26518,42544,42544
26519,42544,42544
26520,42544,42544
26521,42544,42544
26522,42544,42544
26523,42544,42544
26524,42544,42544
26525,42544,42544
26526,42544,42544
26527,42544,42544
26528,42544,42544
26529,42544,42544
26530,42544,42544
26531,42544,42544
26532,42544,42544
26533,42544,42544
26534,42544,42544
26535,42544,42544
26536,42544,42544
26537,42544,42544
26538,42544,42544
26539,42544,42544
26540,42544,42544
26541,42544,42544
26542,42544,42544
26543,42544,42544
26544,42544,42544
26545,42544,42544
26546,42544,42544
26547,42544,42544
26548,42544,42544
26549,42544,42544
26550,42544,42544
26551,42544,42544
26552,42544,42544
26553,42544,42544
26554,42544,42544
26555,42544,42544
26556,42544,42544
26557,42544,42544
26558,42544,42544
26559,42544,42544
26560,42544,42544
26561,42544,42544
26562,42544,42544
26563,42544,42544
26564,42544,42544
26565,42544,42544
26566,42544,42544
26567,42544,42544
26568,42544,42544
26569,42544,42544
26570,42544,42544
26571,42544,42544
26572,42544,42544
26573,42544,42544
26574,42544,42544
26575,42544,42544
26576,42544,42544
26577,42544,42544
26578,42544,42544
26579,42544,42544
26580,42544,42544
26581,42544,42544
26582,42544,42544
26583,42544,42544
26584,42544,42544
26585,42544,42544
26586,42544,42544
26587,42544,42544
26588,42544,42544
26589,42544,42544
26590,42544,42544
26591,42544,42544
26592,42544,42544
26593,42544,42544
26594,42544,42544
26595,42544,42544
26596,42544,42544
26597,42544,42544
26598,42544,42544
26599,42544,42544
26600,42544,42544
26601,42544,42544
26602,42544,42544
26603,42544,42544
26604,42544,42544
26605,42544,42544
26606,42544,42544
26607,42544,42544
26608,42544,42544
26609,42544,42544
26610,42544,42544
26611,42544,42544
26612,42544,42544
26613,42544,42544
26614,42544,42544
26615,42544,42544
26616,42544,42544
26617,42544,42544
26618,42544,42544
26619,42544,42544
26620,42544,42544
26621,42544,42544
26622,42544,42544
26623,42544,42544
26624,42544,42544
26625,42544,42544
26626,42544,42544
26627,42544,42544
26628,42544,42544
26629,42544,42544
26630,42544,42544
26631,42544,42544
26632,42544,42544
26633,42544,42544
26634,42544,42544
26635,42544,42544
26636,42544,42544
26637,42544,42544
26638,42544,42544
26639,42544,42544
26640,42544,42544
26641,42544,42544
26642,42544,42544
26643,42544,42544
26644,42544,42544
26645,42544,42544
26646,42544,42544
26647,42544,42544
26648,42544,42544
26649,42544,42544
26650,42544,42544
26651,42544,42544
26652,42544,42544
26653,42544,42544
26654,42544,42544
26655,42544,42544
26656,42544,42544
26657,42544,42544
26658,42544,42544
26659,42544,42544
26660,42544,42544
26661,42544,42544
26662,42544,42544
26663,42544,42544
26664,42544,42544
26665,42544,42544
26666,42544,42544
26667,42544,42544
26668,42544,42544
26669,42544,42544
26670,42544,42544
26671,42544,42544
26672,42544,42544
26673,42544,42544
26674,42544,42544
26675,42544,42544
26676,42544,42544
26677,42544,42544
26678,42544,42544
26679,42544,42544
26680,42544,42544
26681,42544,42544
26682,42544,42544
26683,42544,42544
26684,42544,42544
26685,42544,42544
26686,42544,42544
26687,42544,42544
26688,42544,42544
26689,42544,42544
26690,42544,42544
26691,42544,42544
26692,42544,42544
26693,42544,42544
26694,42544,42544
26695,42544,42544
26696,42544,42544
26697,42544,42544
26698,42544,42544
26699,42544,42544
26700,42544,42544
26701,42544,42544
26702,42544,42544
26703,42545,42545
26704,42545,42545
26705,42545,42545
26706,42545,42545
26707,42545,42545
26708,42545,42545
26709,42545,42545
26710,42545,42545
26711,42545,42545
26712,42545,42545
26713,42545,42545
26714,42545,42545
26715,42545,42545
26716,42545,42545
26717,42545,42545
26718,42545,42545
26719,42545,42545
26720,42545,42545
26721,42545,42545
26722,42545,42545
26723,42545,42545
26724,42545,42545
26725,42545,42545
26726,42545,42545
26727,42545,42545
26728,42545,42545
26729,42545,42545
26730,42545,42545
26731,42545,42545
26732,42545,42545
26733,42545,42545
26734,42545,42545
26735,42545,42545
26736,42545,42545
26737,42545,42545
26738,42545,42545
26739,42545,42545
26740,42545,42545
26741,42545,42545
26742,42545,42545
26743,42545,42545
26744,42545,42545
26745,42545,42545
26746,42545,42545
26747,42545,42545
26748,42545,42545
26749,42545,42545
26750,42545,42545
26751,42545,42545
26752,42545,42545
26753,42545,42545
26754,42545,42545
26755,42545,42545
26756,42545,42545
26757,42545,42545
26758,42545,42545
26759,42545,42545
26760,42545,42545
26761,42545,42545
26762,42545,42545
26763,42545,42545
26764,42545,42545
26765,42545,42545
26766,42545,42545
26767,42545,42545
26768,42545,42545
26769,42545,42545
26770,42545,42545
26771,42545,42545
26772,42545,42545
26773,42545,42545
26774,42545,42545
26775,42545,42545
26776,42545,42545
26777,42545,42545
26778,42545,42545
26779,42545,42545
26780,42545,42545
26781,42545,42545
26782,42545,42545
26783,42545,42545
26784,42545,42545
26785,42545,42545
26786,42545,42545
26787,42545,42545
26788,42545,42545
26789,42545,42545
26790,42545,42545
26791,42545,42545
26792,42545,42545
26793,42545,42545
26794,42545,42545
26795,42545,42545
26796,42545,42545
26797,42545,42545
26798,42545,42545
26799,42545,42545
26800,42545,42545
26801,42545,42545
26802,42545,42545
26803,42545,42545
26804,42545,42545
26805,42545,42545
26806,42545,42545
26807,42545,42545
26808,42545,42545
26809,42545,42545
26810,42545,42545
26811,42545,42545
26812,42545,42545
26813,42545,42545
26814,42545,42545
26815,42545,42545
26816,42545,42545
26817,42545,42545
26818,42545,42545
26819,42545,42545
26820,42545,42545
26821,42545,42545
26822,42545,42545
26823,42545,42545
26824,42545,42545
26825,42545,42545
26826,42545,42545
26827,42545,42545
26828,42545,42545
26829,42545,42545
26830,42545,42545
26831,42545,42545
26832,42545,42545
26833,42545,42545
26834,42545,42545
26835,42545,42545
26836,42545,42545
26837,42545,42545
26838,42545,42545
26839,42545,42545
26840,42545,42545
26841,42545,42545
26842,42545,42545
26843,42545,42545
26844,42545,42545
26845,42545,42545
26846,42545,42545
26847,42545,42545
26848,42545,42545
26849,42545,42545
26850,42545,42545
26851,42545,42545
26852,42545,42545
26853,42545,42545
26854,42545,42545
26855,42545,42545
26856,42545,42545
26857,42545,42545
26858,42545,42545
26859,42545,42545
26860,42545,42545
26861,42545,42545
26862,42545,42545
26863,42545,42545
26864,42545,42545
26865,42545,42545
26866,42545,42545
26867,42545,42545
26868,42545,42545
26869,42545,42545
26870,42545,42545
26871,42545,42545
26872,42545,42545
26873,42545,42545
26874,42545,42545
26875,42545,42545
26876,42545,42545
26877,42545,42545
26878,42545,42545
26879,42545,42545
26880,42545,42545
26881,42545,42545
26882,42545,42545
26883,42545,42545
26884,42545,42545
26885,42545,42545
26886,42545,42545
26887,42545,42545
26888,42545,42545
26889,42545,42545
26890,42545,42545
26891,42545,42545
26892,42545,42545
26893,42545,42545
26894,42545,42545
26895,42545,42545
26896,42545,42545
26897,42545,42545
26898,42545,42545
26899,42545,42545
26900,42545,42545
26901,42545,42545
26902,42545,42545
26903,42545,42545
26904,42545,42545
26905,42545,42545
26906,42545,42545
26907,42545,42545
26908,42545,42545
26909,42545,42545
26910,42546,42546
26911,42546,42546
26912,42546,42546
26913,42546,42546
26914,42546,42546
26915,42546,42546
26916,42546,42546
26917,42546,42546
26918,42546,42546
26919,42546,42546
26920,42546,42546
26921,42546,42546
26922,42546,42546
26923,42546,42546
26924,42546,42546
26925,42546,42546
26926,42546,42546
26927,42546,42546
26928,42546,42546
26929,42546,42546
26930,42546,42546
26931,42546,42546
26932,42546,42546
26933,42546,42546
26934,42546,42546
26935,42546,42546
26936,42546,42546
26937,42546,42546
26938,42546,42546
26939,42546,42546
26940,42546,42546
26941,42546,42546
26942,42546,42546
26943,42546,42546
26944,42546,42546
26945,42546,42546
26946,42546,42546
26947,42546,42546
26948,42546,42546
26949,42546,42546
26950,42546,42546
26951,42546,42546
26952,42546,42546
26953,42546,42546
26954,42546,42546
26955,42546,42546
26956,42546,42546
26957,42546,42546
26958,42546,42546
26959,42546,42546
26960,42546,42546
26961,42546,42546
26962,42546,42546
26963,42546,42546
26964,42546,42546
26965,42546,42546
26966,42546,42546
26967,42546,42546
26968,42546,42546
26969,42546,42546
26970,42546,42546
26971,42546,42546
26972,42546,42546
26973,42546,42546
26974,42546,42546
26975,42546,42546
26976,42546,42546
26977,42546,42546
26978,42546,42546
26979,42546,42546
26980,42546,42546
26981,42546,42546
26982,42546,42546
26983,42546,42546
26984,42546,42546
26985,42546,42546
26986,42546,42546
26987,42546,42546
26988,42546,42546
26989,42546,42546
26990,42546,42546
26991,42546,42546
26992,42546,42546
26993,42546,42546
26994,42546,42546
26995,42546,42546
26996,42546,42546
26997,42546,42546
26998,42546,42546
26999,42546,42546
27000,42546,42546
27001,42546,42546
27002,42546,42546
27003,42546,42546
27004,42546,42546
27005,42546,42546
27006,42546,42546
27007,42546,42546
27008,42546,42546
27009,42546,42546
27010,42546,42546
27011,42546,42546
27012,42546,42546
27013,42546,42546
27014,42546,42546
27015,42546,42546
27016,42546,42546
27017,42546,42546
27018,42546,42546
27019,42546,42546
27020,42546,42546
27021,42546,42546
27022,42546,42546
27023,42546,42546
27024,42546,42546
27025,42546,42546
27026,42546,42546
27027,42546,42546
27028,42546,42546
27029,42546,42546
27030,42546,42546
27031,42546,42546
27032,42546,42546
27033,42546,42546
27034,42546,42546
27035,42546,42546
27036,42546,42546
27037,42546,42546
27038,42546,42546
27039,42546,42546
27040,42546,42546
27041,42546,42546
27042,42546,42546
27043,42546,42546
27044,42546,42546
27045,42546,42546
27046,42546,42546
27047,42546,42546
27048,42546,42546
27049,42546,42546
27050,42546,42546
27051,42546,42546
27052,42546,42546
27053,42546,42546
27054,42546,42546
27055,42546,42546
27056,42546,42546
27057,42546,42546
27058,42546,42546
27059,42546,42546
27060,42546,42546
27061,42546,42546
27062,42546,42546
27063,42546,42546
27064,42546,42546
27065,42546,42546
27066,42546,42546
27067,42546,42546
27068,42546,42546
27069,42546,42546
27070,42546,42546
27071,42546,42546
27072,42546,42546
27073,42546,42546
27074,42546,42546
27075,42546,42546
27076,42546,42546
27077,42546,42546
27078,42546,42546
27079,42546,42546
27080,42546,42546
27081,42546,42546
27082,42546,42546
27083,42546,42546
27084,42546,42546
27085,42546,42546
27086,42546,42546
27087,42546,42546
27088,42546,42546
27089,42546,42546
27090,42546,42546
27091,42546,42546
27092,42546,42546
27093,42546,42546
27094,42546,42546
27095,42546,42546
27096,42546,42546
27097,42546,42546
27098,42546,42546
27099,42546,42546
27100,42546,42546
27101,42546,42546
27102,42546,42546
27103,42546,42546
27104,42546,42546
27105,42546,42546
27106,42546,42546
27107,42546,42546
27108,42546,42546
27109,42546,42546
27110,42546,42546
27111,42546,42546
27112,42546,42546
27113,42546,42546
27114,42546,42546
27115,42546,42546
27116,42546,42546
27117,42547,42547
27118,42547,42547
27119,42547,42547
27120,42547,42547
27121,42547,42547
27122,42547,42547
27123,42547,42547
27124,42547,42547
27125,42547,42547
27126,42547,42547
27127,42547,42547
27128,42547,42547
27129,42547,42547
27130,42547,42547
27131,42547,42547
27132,42547,42547
27133,42547,42547
27134,42547,42547
27135,42547,42547
27136,42547,42547
27137,42547,42547
27138,42547,42547
27139,42547,42547
27140,42547,42547
27141,42547,42547
27142,42547,42547
27143,42547,42547
27144,42547,42547
27145,42547,42547
27146,42547,42547
27147,42547,42547
27148,42547,42547
27149,42547,42547
27150,42547,42547
27151,42547,42547
27152,42547,42547
27153,42547,42547
27154,42547,42547
27155,42547,42547
27156,42547,42547
27157,42547,42547
27158,42547,42547
27159,42547,42547
27160,42547,42547
27161,42547,42547
27162,42547,42547
27163,42547,42547
27164,42547,42547
27165,42547,42547
27166,42547,42547
27167,42547,42547
27168,42547,42547
27169,42547,42547
27170,42547,42547
27171,42547,42547
27172,42547,42547
27173,42547,42547
27174,42547,42547
27175,42547,42547
27176,42547,42547
27177,42547,42547
27178,42547,42547
27179,42547,42547
27180,42547,42547
27181,42547,42547
27182,42547,42547
27183,42547,42547
27184,42547,42547
27185,42547,42547
27186,42547,42547
27187,42547,42547
27188,42547,42547
27189,42547,42547
27190,42547,42547
27191,42547,42547
27192,42547,42547
27193,42547,42547
27194,42547,42547
27195,42547,42547
27196,42547,42547
27197,42547,42547
27198,42547,42547
27199,42547,42547
27200,42547,42547
27201,42547,42547
27202,42547,42547
27203,42547,42547
27204,42547,42547
27205,42547,42547
27206,42547,42547
27207,42547,42547
27208,42547,42547
27209,42547,42547
27210,42547,42547
27211,42547,42547
27212,42547,42547
27213,42547,42547
27214,42547,42547
27215,42547,42547
27216,42547,42547
27217,42547,42547
27218,42547,42547
27219,42547,42547
27220,42547,42547
27221,42547,42547
27222,42547,42547
27223,42547,42547
27224,42547,42547
27225,42547,42547
27226,42547,42547
27227,42547,42547
27228,42547,42547
27229,42547,42547
27230,42547,42547
27231,42547,42547
27232,42547,42547
27233,42547,42547
27234,42547,42547
27235,42547,42547
27236,42547,42547
27237,42547,42547
27238,42547,42547
27239,42547,42547
27240,42547,42547
27241,42547,42547
27242,42547,42547
27243,42547,42547
27244,42547,42547
27245,42547,42547
27246,42547,42547
27247,42547,42547
27248,42547,42547
27249,42547,42547
27250,42547,42547
27251,42547,42547
27252,42547,42547
27253,42547,42547
27254,42547,42547
27255,42547,42547
27256,42547,42547
27257,42547,42547
27258,42547,42547
27259,42547,42547
27260,42547,42547
27261,42547,42547
27262,42547,42547
27263,42547,42547
27264,42547,42547
27265,42547,42547
27266,42547,42547
27267,42547,42547
27268,42547,42547
27269,42547,42547
27270,42547,42547
27271,42547,42547
27272,42547,42547
27273,42547,42547
27274,42547,42547
27275,42547,42547
27276,42547,42547
27277,42547,42547
27278,42547,42547
27279,42547,42547
27280,42547,42547
27281,42547,42547
27282,42547,42547
27283,42547,42547
27284,42547,42547
27285,42547,42547
27286,42547,42547
27287,42547,42547
27288,42547,42547
27289,42547,42547
27290,42547,42547
27291,42547,42547
27292,42547,42547
27293,42547,42547
27294,42547,42547
27295,42547,42547
27296,42547,42547
27297,42547,42547
27298,42547,42547
27299,42547,42547
27300,42547,42547
27301,42547,42547
27302,42547,42547
27303,42547,42547
27304,42547,42547
27305,42547,42547
27306,42547,42547
27307,42547,42547
27308,42547,42547
27309,42547,42547
27310,42547,42547
27311,42547,42547
27312,42547,42547
27313,42547,42547
27314,42547,42547
27315,42547,42547
27316,42547,42547
27317,42547,42547
27318,42547,42547
27319,42547,42547
27320,42547,42547
27321,42547,42547
27322,42547,42547
27323,42547,42547
27324,42548,42548
27325,42548,42548
27326,42548,42548
27327,42548,42548
27328,42548,42548
27329,42548,42548
27330,42548,42548
27331,42548,42548
27332,42548,42548
27333,42548,42548
27334,42548,42548
27335,42548,42548
27336,42548,42548
27337,42548,42548
27338,42548,42548
27339,42548,42548
27340,42548,42548
27341,42548,42548
27342,42548,42548
27343,42548,42548
27344,42548,42548
27345,42548,42548
27346,42548,42548
27347,42548,42548
27348,42548,42548
27349,42548,42548
27350,42548,42548
27351,42548,42548
27352,42548,42548
27353,42548,42548
27354,42548,42548
27355,42548,42548
27356,42548,42548
27357,42548,42548
27358,42548,42548
27359,42548,42548
27360,42548,42548
27361,42548,42548
27362,42548,42548
27363,42548,42548
27364,42548,42548
27365,42548,42548
27366,42548,42548
27367,42548,42548
27368,42548,42548
27369,42548,42548
27370,42548,42548
27371,42548,42548
27372,42548,42548
27373,42548,42548
27374,42548,42548
27375,42548,42548
27376,42548,42548
27377,42548,42548
27378,42548,42548
27379,42548,42548
27380,42548,42548
27381,42548,42548
27382,42548,42548
27383,42548,42548
27384,42548,42548
27385,42548,42548
27386,42548,42548
27387,42548,42548
27388,42548,42548
27389,42548,42548
27390,42548,42548
27391,42548,42548
27392,42548,42548
27393,42548,42548
27394,42548,42548
27395,42548,42548
27396,42548,42548
27397,42548,42548
27398,42548,42548
27399,42548,42548
27400,42548,42548
27401,42548,42548
27402,42548,42548
27403,42548,42548
27404,42548,42548
27405,42548,42548
27406,42548,42548
27407,42548,42548
27408,42548,42548
27409,42548,42548
27410,42548,42548
27411,42548,42548
27412,42548,42548
27413,42548,42548
27414,42548,42548
27415,42548,42548
27416,42548,42548
27417,42548,42548
27418,42548,42548
27419,42548,42548
27420,42548,42548
27421,42548,42548
27422,42548,42548
27423,42548,42548
27424,42548,42548
27425,42548,42548
27426,42548,42548
27427,42548,42548
27428,42548,42548
27429,42548,42548
27430,42548,42548
27431,42548,42548
27432,42548,42548
27433,42548,42548
27434,42548,42548
27435,42548,42548
27436,42548,42548
27437,42548,42548
27438,42548,42548
27439,42548,42548
27440,42548,42548
27441,42548,42548
27442,42548,42548
27443,42548,42548
27444,42548,42548
27445,42548,42548
27446,42548,42548
27447,42548,42548
27448,42548,42548
27449,42548,42548
27450,42548,42548
27451,42548,42548
27452,42548,42548
27453,42548,42548
27454,42548,42548
27455,42548,42548
27456,42548,42548
27457,42548,42548
27458,42548,42548
27459,42548,42548
27460,42548,42548
27461,42548,42548
27462,42548,42548
27463,42548,42548
27464,42548,42548
27465,42548,42548
27466,42548,42548
27467,42548,42548
27468,42548,42548
27469,42548,42548
27470,42548,42548
27471,42548,42548
27472,42548,42548
27473,42548,42548
27474,42548,42548
27475,42548,42548
27476,42548,42548
27477,42548,42548
27478,42548,42548
27479,42548,42548
27480,42548,42548
27481,42548,42548
27482,42548,42548
27483,42548,42548
27484,42548,42548
27485,42548,42548
27486,42548,42548
27487,42548,42548
27488,42548,42548
27489,42548,42548
27490,42548,42548
27491,42548,42548
27492,42548,42548
27493,42548,42548
27494,42548,42548
27495,42548,42548
27496,42548,42548
27497,42548,42548
27498,42548,42548
27499,42548,42548
27500,42548,42548
27501,42548,42548
27502,42548,42548
27503,42548,42548
27504,42548,42548
27505,42548,42548
27506,42548,42548
27507,42548,42548
27508,42548,42548
27509,42548,42548
27510,42548,42548
27511,42548,42548
27512,42548,42548
27513,42548,42548
27514,42548,42548
27515,42548,42548
27516,42548,42548
27517,42548,42548
27518,42548,42548
27519,42548,42548
27520,42548,42548
27521,42548,42548
27522,42548,42548
27523,42548,42548
27524,42548,42548
27525,42548,42548
27526,42548,42548
27527,42548,42548
27528,42548,42548
27529,42548,42548
27530,42548,42548
27531,42549,42549
27532,42549,42549
27533,42549,42549
27534,42549,42549
27535,42549,42549
27536,42549,42549
27537,42549,42549
27538,42549,42549
27539,42549,42549
27540,42549,42549
27541,42549,42549
27542,42549,42549
27543,42549,42549
27544,42549,42549
27545,42549,42549
27546,42549,42549
27547,42549,42549
27548,42549,42549
27549,42549,42549
27550,42549,42549
27551,42549,42549
27552,42549,42549
27553,42549,42549
27554,42549,42549
27555,42549,42549
27556,42549,42549
27557,42549,42549
27558,42549,42549
27559,42549,42549
27560,42549,42549
27561,42549,42549
27562,42549,42549
27563,42549,42549
27564,42549,42549
27565,42549,42549
27566,42549,42549
27567,42549,42549
27568,42549,42549
27569,42549,42549
27570,42549,42549
27571,42549,42549
27572,42549,42549
27573,42549,42549
27574,42549,42549
27575,42549,42549
27576,42549,42549
27577,42549,42549
27578,42549,42549
27579,42549,42549
27580,42549,42549
27581,42549,42549
27582,42549,42549
27583,42549,42549
27584,42549,42549
27585,42549,42549
27586,42549,42549
27587,42549,42549
27588,42549,42549
27589,42549,42549
27590,42549,42549
27591,42549,42549
27592,42549,42549
27593,42549,42549
27594,42549,42549
27595,42549,42549
27596,42549,42549
27597,42549,42549
27598,42549,42549
27599,42549,42549
27600,42549,42549
27601,42549,42549
27602,42549,42549
27603,42549,42549
27604,42549,42549
27605,42549,42549
27606,42549,42549
27607,42549,42549
27608,42549,42549
27609,42549,42549
27610,42549,42549
27611,42549,42549
27612,42549,42549
27613,42549,42549
27614,42549,42549
27615,42549,42549
27616,42549,42549
27617,42549,42549
27618,42549,42549
27619,42549,42549
27620,42549,42549
27621,42549,42549
27622,42549,42549
27623,42549,42549
27624,42549,42549
27625,42549,42549
27626,42549,42549
27627,42549,42549
27628,42549,42549
27629,42549,42549
27630,42549,42549
27631,42549,42549
27632,42549,42549
27633,42549,42549
27634,42549,42549
27635,42549,42549
27636,42549,42549
27637,42549,42549
27638,42549,42549
27639,42549,42549
27640,42549,42549
27641,42549,42549
27642,42549,42549
27643,42549,42549
27644,42549,42549
27645,42549,42549
27646,42549,42549
27647,42549,42549
27648,42549,42549
27649,42549,42549
27650,42549,42549
27651,42549,42549
27652,42549,42549
27653,42549,42549
27654,42549,42549
27655,42549,42549
27656,42549,42549
27657,42549,42549
27658,42549,42549
27659,42549,42549
27660,42549,42549
27661,42549,42549
27662,42549,42549
27663,42549,42549
27664,42549,42549
27665,42549,42549
27666,42549,42549
27667,42549,42549
27668,42549,42549
27669,42549,42549
27670,42549,42549
27671,42549,42549
27672,42549,42549
27673,42549,42549
27674,42549,42549
27675,42549,42549
27676,42549,42549
27677,42549,42549
27678,42549,42549
27679,42549,42549
27680,42549,42549
27681,42549,42549
27682,42549,42549
27683,42549,42549
27684,42549,42549
27685,42549,42549
27686,42549,42549
27687,42549,42549
27688,42549,42549
27689,42549,42549
27690,42549,42549
27691,42549,42549
27692,42549,42549
27693,42549,42549
27694,42549,42549
27695,42549,42549
27696,42549,42549
27697,42549,42549
27698,42549,42549
27699,42549,42549
27700,42549,42549
27701,42549,42549
27702,42549,42549
27703,42549,42549
27704,42549,42549
27705,42549,42549
27706,42549,42549
27707,42549,42549
27708,42549,42549
27709,42549,42549
27710,42549,42549
27711,42549,42549
27712,42549,42549
27713,42549,42549
27714,42549,42549
27715,42549,42549
27716,42549,42549
27717,42549,42549
27718,42549,42549
27719,42549,42549
27720,42549,42549
27721,42549,42549
27722,42549,42549
27723,42549,42549
27724,42549,42549
27725,42549,42549
27726,42549,42549
27727,42549,42549
27728,42549,42549
27729,42549,42549
27730,42549,42549
27731,42549,42549
27732,42549,42549
27733,42549,42549
27734,42549,42549
27735,42549,42549
27736,42549,42549
27737,42549,42549
27738,42550,42550
27739,42550,42550
27740,42550,42550
27741,42550,42550
27742,42550,42550
27743,42550,42550
27744,42550,42550
27745,42550,42550
27746,42550,42550
27747,42550,42550
27748,42550,42550
27749,42550,42550
27750,42550,42550
27751,42550,42550
27752,42550,42550
27753,42550,42550
27754,42550,42550
27755,42550,42550
27756,42550,42550
27757,42550,42550
27758,42550,42550
27759,42550,42550
27760,42550,42550
27761,42550,42550
27762,42550,42550
27763,42550,42550
27764,42550,42550
27765,42550,42550
27766,42550,42550
27767,42550,42550
27768,42550,42550
27769,42550,42550
27770,42550,42550
27771,42550,42550
27772,42550,42550
27773,42550,42550
27774,42550,42550
27775,42550,42550
27776,42550,42550
27777,42550,42550
27778,42550,42550
27779,42550,42550
27780,42550,42550
27781,42550,42550
27782,42550,42550
27783,42550,42550
27784,42550,42550
27785,42550,42550
27786,42550,42550
27787,42550,42550
27788,42550,42550
27789,42550,42550
27790,42550,42550
27791,42550,42550
27792,42550,42550
27793,42550,42550
27794,42550,42550
27795,42550,42550
27796,42550,42550
27797,42550,42550
27798,42550,42550
27799,42550,42550
27800,42550,42550
27801,42550,42550
27802,42550,42550
27803,42550,42550
27804,42550,42550
27805,42550,42550
27806,42550,42550
27807,42550,42550
27808,42550,42550
27809,42550,42550
27810,42550,42550
27811,42550,42550
27812,42550,42550
27813,42550,42550
27814,42550,42550
27815,42550,42550
27816,42550,42550
27817,42550,42550
27818,42550,42550
27819,42550,42550
27820,42550,42550
27821,42550,42550
27822,42550,42550
27823,42550,42550
27824,42550,42550
27825,42550,42550
27826,42550,42550
27827,42550,42550
27828,42550,42550
27829,42550,42550
27830,42550,42550
27831,42550,42550
27832,42550,42550
27833,42550,42550
27834,42550,42550
27835,42550,42550
27836,42550,42550
27837,42550,42550
27838,42550,42550
27839,42550,42550
27840,42550,42550
27841,42550,42550
27842,42550,42550
27843,42550,42550
27844,42550,42550
27845,42550,42550
27846,42550,42550
27847,42550,42550
27848,42550,42550
27849,42550,42550
27850,42550,42550
27851,42550,42550
27852,42550,42550
27853,42550,42550
27854,42550,42550
27855,42550,42550
27856,42550,42550
27857,42550,42550
27858,42550,42550
27859,42550,42550
27860,42550,42550
27861,42550,42550
27862,42550,42550
27863,42550,42550
27864,42550,42550
27865,42550,42550
27866,42550,42550
27867,42550,42550
27868,42550,42550
27869,42550,42550
27870,42550,42550
27871,42550,42550
27872,42550,42550
27873,42550,42550
27874,42550,42550
27875,42550,42550
27876,42550,42550
27877,42550,42550
27878,42550,42550
27879,42550,42550
27880,42550,42550
27881,42550,42550
27882,42550,42550
27883,42550,42550
27884,42550,42550
27885,42550,42550
27886,42550,42550
27887,42550,42550
27888,42550,42550
27889,42550,42550
27890,42550,42550
27891,42550,42550
27892,42550,42550
27893,42550,42550
27894,42550,42550
27895,42550,42550
27896,42550,42550
27897,42550,42550
27898,42550,42550
27899,42550,42550
27900,42550,42550
27901,42550,42550
27902,42550,42550
27903,42550,42550
27904,42550,42550
27905,42550,42550
27906,42550,42550
27907,42550,42550
27908,42550,42550
27909,42550,42550
27910,42550,42550
27911,42550,42550
27912,42550,42550
27913,42550,42550
27914,42550,42550
27915,42550,42550
27916,42550,42550
27917,42550,42550
27918,42550,42550
27919,42550,42550
27920,42550,42550
27921,42550,42550
27922,42550,42550
27923,42550,42550
27924,42550,42550
27925,42550,42550
27926,42550,42550
27927,42550,42550
27928,42550,42550
27929,42550,42550
27930,42550,42550
27931,42550,42550
27932,42550,42550
27933,42550,42550
27934,42550,42550
27935,42550,42550
27936,42550,42550
27937,42550,42550
27938,42550,42550
27939,42550,42550
27940,42550,42550
27941,42550,42550
27942,42550,42550
27943,42550,42550
27944,42550,42550
27945,42551,42551
27946,42551,42551
27947,42551,42551
27948,42551,42551
27949,42551,42551
27950,42551,42551
27951,42551,42551
27952,42551,42551
27953,42551,42551
27954,42551,42551
27955,42551,42551
27956,42551,42551
27957,42551,42551
27958,42551,42551
27959,42551,42551
27960,42551,42551
27961,42551,42551
27962,42551,42551
27963,42551,42551
27964,42551,42551
27965,42551,42551
27966,42551,42551
27967,42551,42551
27968,42551,42551
27969,42551,42551
27970,42551,42551
27971,42551,42551
27972,42551,42551
27973,42551,42551
27974,42551,42551
27975,42551,42551
27976,42551,42551
27977,42551,42551
27978,42551,42551
27979,42551,42551
27980,42551,42551
27981,42551,42551
27982,42551,42551
27983,42551,42551
27984,42551,42551
27985,42551,42551
27986,42551,42551
27987,42551,42551
27988,42551,42551
27989,42551,42551
27990,42551,42551
27991,42551,42551
27992,42551,42551
27993,42551,42551
27994,42551,42551
27995,42551,42551
27996,42551,42551
27997,42551,42551
27998,42551,42551
27999,42551,42551
28000,42551,42551
28001,42551,42551
28002,42551,42551
28003,42551,42551
28004,42551,42551
28005,42551,42551
28006,42551,42551
28007,42551,42551
28008,42551,42551
28009,42551,42551
28010,42551,42551
28011,42551,42551
28012,42551,42551
28013,42551,42551
28014,42551,42551
28015,42551,42551
28016,42551,42551
28017,42551,42551
28018,42551,42551
28019,42551,42551
28020,42551,42551
28021,42551,42551
28022,42551,42551
28023,42551,42551
28024,42551,42551
28025,42551,42551
28026,42551,42551
28027,42551,42551
28028,42551,42551
28029,42551,42551
28030,42551,42551
28031,42551,42551
28032,42551,42551
28033,42551,42551
28034,42551,42551
28035,42551,42551
28036,42551,42551
28037,42551,42551
28038,42551,42551
28039,42551,42551
28040,42551,42551
28041,42551,42551
28042,42551,42551
28043,42551,42551
28044,42551,42551
28045,42551,42551
28046,42551,42551
28047,42551,42551
28048,42551,42551
28049,42551,42551
28050,42551,42551
28051,42551,42551
28052,42551,42551
28053,42551,42551
28054,42551,42551
28055,42551,42551
28056,42551,42551
28057,42551,42551
28058,42551,42551
28059,42551,42551
28060,42551,42551
28061,42551,42551
28062,42551,42551
28063,42551,42551
28064,42551,42551
28065,42551,42551
28066,42551,42551
28067,42551,42551
28068,42551,42551
28069,42551,42551
28070,42551,42551
28071,42551,42551
28072,42551,42551
28073,42551,42551
28074,42551,42551
28075,42551,42551
28076,42551,42551
28077,42551,42551
28078,42551,42551
28079,42551,42551
28080,42551,42551
28081,42551,42551
28082,42551,42551
28083,42551,42551
28084,42551,42551
28085,42551,42551
28086,42551,42551
28087,42551,42551
28088,42551,42551
28089,42551,42551
28090,42551,42551
28091,42551,42551
28092,42551,42551
28093,42551,42551
28094,42551,42551
28095,42551,42551
28096,42551,42551
28097,42551,42551
28098,42551,42551
28099,42551,42551
28100,42551,42551
28101,42551,42551
28102,42551,42551
28103,42551,42551
28104,42551,42551
28105,42551,42551
28106,42551,42551
28107,42551,42551
28108,42551,42551
28109,42551,42551
28110,42551,42551
28111,42551,42551
28112,42551,42551
28113,42551,42551
28114,42551,42551
28115,42551,42551
28116,42551,42551
28117,42551,42551
28118,42551,42551
28119,42551,42551
28120,42551,42551
28121,42551,42551
28122,42551,42551
28123,42551,42551
28124,42551,42551
28125,42551,42551
28126,42551,42551
28127,42551,42551
28128,42551,42551
28129,42551,42551
28130,42551,42551
28131,42551,42551
28132,42551,42551
28133,42551,42551
28134,42551,42551
28135,42551,42551
28136,42551,42551
28137,42551,42551
28138,42551,42551
28139,42551,42551
28140,42551,42551
28141,42551,42551
28142,42551,42551
28143,42551,42551
28144,42551,42551
28145,42551,42551
28146,42551,42551
28147,42551,42551
28148,42551,42551
28149,42551,42551
28150,42551,42551
28151,42551,42551
28152,42552,42552
28153,42552,42552
28154,42552,42552
28155,42552,42552
28156,42552,42552
28157,42552,42552
28158,42552,42552
28159,42552,42552
28160,42552,42552
28161,42552,42552
28162,42552,42552
28163,42552,42552
28164,42552,42552
28165,42552,42552
28166,42552,42552
28167,42552,42552
28168,42552,42552
28169,42552,42552
28170,42552,42552
28171,42552,42552
28172,42552,42552
28173,42552,42552
28174,42552,42552
28175,42552,42552
28176,42552,42552
28177,42552,42552
28178,42552,42552
28179,42552,42552
28180,42552,42552
28181,42552,42552
28182,42552,42552
28183,42552,42552
28184,42552,42552
28185,42552,42552
28186,42552,42552
28187,42552,42552
28188,42552,42552
28189,42552,42552
28190,42552,42552
28191,42552,42552
28192,42552,42552
28193,42552,42552
28194,42552,42552
28195,42552,42552
28196,42552,42552
28197,42552,42552
28198,42552,42552
28199,42552,42552
28200,42552,42552
28201,42552,42552
28202,42552,42552
28203,42552,42552
28204,42552,42552
28205,42552,42552
28206,42552,42552
28207,42552,42552
28208,42552,42552
28209,42552,42552
28210,42552,42552
28211,42552,42552
28212,42552,42552
28213,42552,42552
28214,42552,42552
28215,42552,42552
28216,42552,42552
28217,42552,42552
28218,42552,42552
28219,42552,42552
28220,42552,42552
28221,42552,42552
28222,42552,42552
28223,42552,42552
28224,42552,42552
28225,42552,42552
28226,42552,42552
28227,42552,42552
28228,42552,42552
28229,42552,42552
28230,42552,42552
28231,42552,42552
28232,42552,42552
28233,42552,42552
28234,42552,42552
28235,42552,42552
28236,42552,42552
28237,42552,42552
28238,42552,42552
28239,42552,42552
28240,42552,42552
28241,42552,42552
28242,42552,42552
28243,42552,42552
28244,42552,42552
28245,42552,42552
28246,42552,42552
28247,42552,42552
28248,42552,42552
28249,42552,42552
28250,42552,42552
28251,42552,42552
28252,42552,42552
28253,42552,42552
28254,42552,42552
28255,42552,42552
28256,42552,42552
28257,42552,42552
28258,42552,42552
28259,42552,42552
28260,42552,42552
28261,42552,42552
28262,42552,42552
28263,42552,42552
28264,42552,42552
28265,42552,42552
28266,42552,42552
28267,42552,42552
28268,42552,42552
28269,42552,42552
28270,42552,42552
28271,42552,42552
28272,42552,42552
28273,42552,42552
28274,42552,42552
28275,42552,42552
28276,42552,42552
28277,42552,42552
28278,42552,42552
28279,42552,42552
28280,42552,42552
28281,42552,42552
28282,42552,42552
28283,42552,42552
28284,42552,42552
28285,42552,42552
28286,42552,42552
28287,42552,42552
28288,42552,42552
28289,42552,42552
28290,42552,42552
28291,42552,42552
28292,42552,42552
28293,42552,42552
28294,42552,42552
28295,42552,42552
28296,42552,42552
28297,42552,42552
28298,42552,42552
28299,42552,42552
28300,42552,42552
28301,42552,42552
28302,42552,42552
28303,42552,42552
28304,42552,42552
28305,42552,42552
28306,42552,42552
28307,42552,42552
28308,42552,42552
28309,42552,42552
28310,42552,42552
28311,42552,42552
28312,42552,42552
28313,42552,42552
28314,42552,42552
28315,42552,42552
28316,42552,42552
28317,42552,42552
28318,42552,42552
28319,42552,42552
28320,42552,42552
28321,42552,42552
28322,42552,42552
28323,42552,42552
28324,42552,42552
28325,42552,42552
28326,42552,42552
28327,42552,42552
28328,42552,42552
28329,42552,42552
28330,42552,42552
28331,42552,42552
28332,42552,42552
28333,42552,42552
28334,42552,42552
28335,42552,42552
28336,42552,42552
28337,42552,42552
28338,42552,42552
28339,42552,42552
28340,42552,42552
28341,42552,42552
28342,42552,42552
28343,42552,42552
28344,42552,42552
28345,42552,42552
28346,42552,42552
28347,42552,42552
28348,42552,42552
28349,42552,42552
28350,42552,42552
28351,42552,42552
28352,42552,42552
28353,42552,42552
28354,42552,42552
28355,42552,42552
28356,42552,42552
28357,42552,42552
28358,42552,42552
28359,42553,42553
28360,42553,42553
28361,42553,42553
28362,42553,42553
28363,42553,42553
28364,42553,42553
28365,42553,42553
28366,42553,42553
28367,42553,42553
28368,42553,42553
28369,42553,42553
28370,42553,42553
28371,42553,42553
28372,42553,42553
28373,42553,42553
28374,42553,42553
28375,42553,42553
28376,42553,42553
28377,42553,42553
28378,42553,42553
28379,42553,42553
28380,42553,42553
28381,42553,42553
28382,42553,42553
28383,42553,42553
28384,42553,42553
28385,42553,42553
28386,42553,42553
28387,42553,42553
28388,42553,42553
28389,42553,42553
28390,42553,42553
28391,42553,42553
28392,42553,42553
28393,42553,42553
28394,42553,42553
28395,42553,42553
28396,42553,42553
28397,42553,42553
28398,42553,42553
28399,42553,42553
28400,42553,42553
28401,42553,42553
28402,42553,42553
28403,42553,42553
28404,42553,42553
28405,42553,42553
28406,42553,42553
28407,42553,42553
28408,42553,42553
28409,42553,42553
28410,42553,42553
28411,42553,42553
28412,42553,42553
28413,42553,42553
28414,42553,42553
28415,42553,42553
28416,42553,42553
28417,42553,42553
28418,42553,42553
28419,42553,42553
28420,42553,42553
28421,42553,42553
28422,42553,42553
28423,42553,42553
28424,42553,42553
28425,42553,42553
28426,42553,42553
28427,42553,42553
28428,42553,42553
28429,42553,42553
28430,42553,42553
28431,42553,42553
28432,42553,42553
28433,42553,42553
28434,42553,42553
28435,42553,42553
28436,42553,42553
28437,42553,42553
28438,42553,42553
28439,42553,42553
28440,42553,42553
28441,42553,42553
28442,42553,42553
28443,42553,42553
28444,42553,42553
28445,42553,42553
28446,42553,42553
28447,42553,42553
28448,42553,42553
28449,42553,42553
28450,42553,42553
28451,42553,42553
28452,42553,42553
28453,42553,42553
28454,42553,42553
28455,42553,42553
28456,42553,42553
28457,42553,42553
28458,42553,42553
28459,42553,42553
28460,42553,42553
28461,42553,42553
28462,42553,42553
28463,42553,42553
28464,42553,42553
28465,42553,42553
28466,42553,42553
28467,42553,42553
28468,42553,42553
28469,42553,42553
28470,42553,42553
28471,42553,42553
28472,42553,42553
28473,42553,42553
28474,42553,42553
28475,42553,42553
28476,42553,42553
28477,42553,42553
28478,42553,42553
28479,42553,42553
28480,42553,42553
28481,42553,42553
28482,42553,42553
28483,42553,42553
28484,42553,42553
28485,42553,42553
28486,42553,42553
28487,42553,42553
28488,42553,42553
28489,42553,42553
28490,42553,42553
28491,42553,42553
28492,42553,42553
28493,42553,42553
28494,42553,42553
28495,42553,42553
28496,42553,42553
28497,42553,42553
28498,42553,42553
28499,42553,42553
28500,42553,42553
28501,42553,42553
28502,42553,42553
28503,42553,42553
28504,42553,42553
28505,42553,42553
28506,42553,42553
28507,42553,42553
28508,42553,42553
28509,42553,42553
28510,42553,42553
28511,42553,42553
28512,42553,42553
28513,42553,42553
28514,42553,42553
28515,42553,42553
28516,42553,42553
28517,42553,42553
28518,42553,42553
28519,42553,42553
28520,42553,42553
28521,42553,42553
28522,42553,42553
28523,42553,42553
28524,42553,42553
28525,42553,42553
28526,42553,42553
28527,42553,42553
28528,42553,42553
28529,42553,42553
28530,42553,42553
28531,42553,42553
28532,42553,42553
28533,42553,42553
28534,42553,42553
28535,42553,42553
28536,42553,42553
28537,42553,42553
28538,42553,42553
28539,42553,42553
28540,42553,42553
28541,42553,42553
28542,42553,42553
28543,42553,42553
28544,42553,42553
28545,42553,42553
28546,42553,42553
28547,42553,42553
28548,42553,42553
28549,42553,42553
28550,42553,42553
28551,42553,42553
28552,42553,42553
28553,42553,42553
28554,42553,42553
28555,42553,42553
28556,42553,42553
28557,42553,42553
28558,42553,42553
28559,42553,42553
28560,42553,42553
28561,42553,42553
28562,42553,42553
28563,42553,42553
28564,42553,42553
28565,42553,42553
28566,42554,42554
28567,42554,42554
28568,42554,42554
28569,42554,42554
28570,42554,42554
28571,42554,42554
28572,42554,42554
28573,42554,42554
28574,42554,42554
28575,42554,42554
28576,42554,42554
28577,42554,42554
28578,42554,42554
28579,42554,42554
28580,42554,42554
28581,42554,42554
28582,42554,42554
28583,42554,42554
28584,42554,42554
28585,42554,42554
28586,42554,42554
28587,42554,42554
28588,42554,42554
28589,42554,42554
28590,42554,42554
28591,42554,42554
28592,42554,42554
28593,42554,42554
28594,42554,42554
28595,42554,42554
28596,42554,42554
28597,42554,42554
28598,42554,42554
28599,42554,42554
28600,42554,42554
28601,42554,42554
28602,42554,42554
28603,42554,42554
28604,42554,42554
28605,42554,42554
28606,42554,42554
28607,42554,42554
28608,42554,42554
28609,42554,42554
28610,42554,42554
28611,42554,42554
28612,42554,42554
28613,42554,42554
28614,42554,42554
28615,42554,42554
28616,42554,42554
28617,42554,42554
28618,42554,42554
28619,42554,42554
28620,42554,42554
28621,42554,42554
28622,42554,42554
28623,42554,42554
28624,42554,42554
28625,42554,42554
28626,42554,42554
28627,42554,42554
28628,42554,42554
28629,42554,42554
28630,42554,42554
28631,42554,42554
28632,42554,42554
28633,42554,42554
28634,42554,42554
28635,42554,42554
28636,42554,42554
28637,42554,42554
28638,42554,42554
28639,42554,42554
28640,42554,42554
28641,42554,42554
28642,42554,42554
28643,42554,42554
28644,42554,42554
28645,42554,42554
28646,42554,42554
28647,42554,42554
28648,42554,42554
28649,42554,42554
28650,42554,42554
28651,42554,42554
28652,42554,42554
28653,42554,42554
28654,42554,42554
28655,42554,42554
28656,42554,42554
28657,42554,42554
28658,42554,42554
28659,42554,42554
28660,42554,42554
28661,42554,42554
28662,42554,42554
28663,42554,42554
28664,42554,42554
28665,42554,42554
28666,42554,42554
28667,42554,42554
28668,42554,42554
28669,42554,42554
28670,42554,42554
28671,42554,42554
28672,42554,42554
28673,42554,42554
28674,42554,42554
28675,42554,42554
28676,42554,42554
28677,42554,42554
28678,42554,42554
28679,42554,42554
28680,42554,42554
28681,42554,42554
28682,42554,42554
28683,42554,42554
28684,42554,42554
28685,42554,42554
28686,42554,42554
28687,42554,42554
28688,42554,42554
28689,42554,42554
28690,42554,42554
28691,42554,42554
28692,42554,42554
28693,42554,42554
28694,42554,42554
28695,42554,42554
28696,42554,42554
28697,42554,42554
28698,42554,42554
28699,42554,42554
28700,42554,42554
28701,42554,42554
28702,42554,42554
28703,42554,42554
28704,42554,42554
28705,42554,42554
28706,42554,42554
28707,42554,42554
28708,42554,42554
28709,42554,42554
28710,42554,42554
28711,42554,42554
28712,42554,42554
28713,42554,42554
28714,42554,42554
28715,42554,42554
28716,42554,42554
28717,42554,42554
28718,42554,42554
28719,42554,42554
28720,42554,42554
28721,42554,42554
28722,42554,42554
28723,42554,42554
28724,42554,42554
28725,42554,42554
28726,42554,42554
28727,42554,42554
28728,42554,42554
28729,42554,42554
28730,42554,42554
28731,42554,42554
28732,42554,42554
28733,42554,42554
28734,42554,42554
28735,42554,42554
28736,42554,42554
28737,42554,42554
28738,42554,42554
28739,42554,42554
28740,42554,42554
28741,42554,42554
28742,42554,42554
28743,42554,42554
28744,42554,42554
28745,42554,42554
28746,42554,42554
28747,42554,42554
28748,42554,42554
28749,42554,42554
28750,42554,42554
28751,42554,42554
28752,42554,42554
28753,42554,42554
28754,42554,42554
28755,42554,42554
28756,42554,42554
28757,42554,42554
28758,42554,42554
28759,42554,42554
28760,42554,42554
28761,42554,42554
28762,42554,42554
28763,42554,42554
28764,42554,42554
28765,42554,42554
28766,42554,42554
28767,42554,42554
28768,42554,42554
28769,42554,42554
28770,42554,42554
28771,42554,42554
28772,42554,42554
28773,42555,42555
28774,42555,42555
28775,42555,42555
28776,42555,42555
28777,42555,42555
28778,42555,42555
28779,42555,42555
28780,42555,42555
28781,42555,42555
28782,42555,42555
28783,42555,42555
28784,42555,42555
28785,42555,42555
28786,42555,42555
28787,42555,42555
28788,42555,42555
28789,42555,42555
28790,42555,42555
28791,42555,42555
28792,42555,42555
28793,42555,42555
28794,42555,42555
28795,42555,42555
28796,42555,42555
28797,42555,42555
28798,42555,42555
28799,42555,42555
28800,42555,42555
28801,42555,42555
28802,42555,42555
28803,42555,42555
28804,42555,42555
28805,42555,42555
28806,42555,42555
28807,42555,42555
28808,42555,42555
28809,42555,42555
28810,42555,42555
28811,42555,42555
28812,42555,42555
28813,42555,42555
28814,42555,42555
28815,42555,42555
28816,42555,42555
28817,42555,42555
28818,42555,42555
28819,42555,42555
28820,42555,42555
28821,42555,42555
28822,42555,42555
28823,42555,42555
28824,42555,42555
28825,42555,42555
28826,42555,42555
28827,42555,42555
28828,42555,42555
28829,42555,42555
28830,42555,42555
28831,42555,42555
28832,42555,42555
28833,42555,42555
28834,42555,42555
28835,42555,42555
28836,42555,42555
28837,42555,42555
28838,42555,42555
28839,42555,42555
28840,42555,42555
28841,42555,42555
28842,42555,42555
28843,42555,42555
28844,42555,42555
28845,42555,42555
28846,42555,42555
28847,42555,42555
28848,42555,42555
28849,42555,42555
28850,42555,42555
28851,42555,42555
28852,42555,42555
28853,42555,42555
28854,42555,42555
28855,42555,42555
28856,42555,42555
28857,42555,42555
28858,42555,42555
28859,42555,42555
28860,42555,42555
28861,42555,42555
28862,42555,42555
28863,42555,42555
28864,42555,42555
28865,42555,42555
28866,42555,42555
28867,42555,42555
28868,42555,42555
28869,42555,42555
28870,42555,42555
28871,42555,42555
28872,42555,42555
28873,42555,42555
28874,42555,42555
28875,42555,42555
28876,42555,42555
28877,42555,42555
28878,42555,42555
28879,42555,42555
28880,42555,42555
28881,42555,42555
28882,42555,42555
28883,42555,42555
28884,42555,42555
28885,42555,42555
28886,42555,42555
28887,42555,42555
28888,42555,42555
28889,42555,42555
28890,42555,42555
28891,42555,42555
28892,42555,42555
28893,42555,42555
28894,42555,42555
28895,42555,42555
28896,42555,42555
28897,42555,42555
28898,42555,42555
28899,42555,42555
28900,42555,42555
28901,42555,42555
28902,42555,42555
28903,42555,42555
28904,42555,42555
28905,42555,42555
28906,42555,42555
28907,42555,42555
28908,42555,42555
28909,42555,42555
28910,42555,42555
28911,42555,42555
28912,42555,42555
28913,42555,42555
28914,42555,42555
28915,42555,42555
28916,42555,42555
28917,42555,42555
28918,42555,42555
28919,42555,42555
28920,42555,42555
28921,42555,42555
28922,42555,42555
28923,42555,42555
28924,42555,42555
28925,42555,42555
28926,42555,42555
28927,42555,42555
28928,42555,42555
28929,42555,42555
28930,42555,42555
28931,42555,42555
28932,42555,42555
28933,42555,42555
28934,42555,42555
28935,42555,42555
28936,42555,42555
28937,42555,42555
28938,42555,42555
28939,42555,42555
28940,42555,42555
28941,42555,42555
28942,42555,42555
28943,42555,42555
28944,42555,42555
28945,42555,42555
28946,42555,42555
28947,42555,42555
28948,42555,42555
28949,42555,42555
28950,42555,42555
28951,42555,42555
28952,42555,42555
28953,42555,42555
28954,42555,42555
28955,42555,42555
28956,42555,42555
28957,42555,42555
28958,42555,42555
28959,42555,42555
28960,42555,42555
28961,42555,42555
28962,42555,42555
28963,42555,42555
28964,42555,42555
28965,42555,42555
28966,42555,42555
28967,42555,42555
28968,42555,42555
28969,42555,42555
28970,42555,42555
28971,42555,42555
28972,42555,42555
28973,42555,42555
28974,42555,42555
28975,42555,42555
28976,42555,42555
28977,42555,42555
28978,42555,42555
28979,42555,42555
28980,42556,42556
28981,42556,42556
28982,42556,42556
28983,42556,42556
28984,42556,42556
28985,42556,42556
28986,42556,42556
28987,42556,42556
28988,42556,42556
28989,42556,42556
28990,42556,42556
28991,42556,42556
28992,42556,42556
28993,42556,42556
28994,42556,42556
28995,42556,42556
28996,42556,42556
28997,42556,42556
28998,42556,42556
28999,42556,42556
29000,42556,42556
29001,42556,42556
29002,42556,42556
29003,42556,42556
29004,42556,42556
29005,42556,42556
29006,42556,42556
29007,42556,42556
29008,42556,42556
29009,42556,42556
29010,42556,42556
29011,42556,42556
29012,42556,42556
29013,42556,42556
29014,42556,42556
29015,42556,42556
29016,42556,42556
29017,42556,42556
29018,42556,42556
29019,42556,42556
29020,42556,42556
29021,42556,42556
29022,42556,42556
29023,42556,42556
29024,42556,42556
29025,42556,42556
29026,42556,42556
29027,42556,42556
29028,42556,42556
29029,42556,42556
29030,42556,42556
29031,42556,42556
29032,42556,42556
29033,42556,42556
29034,42556,42556
29035,42556,42556
29036,42556,42556
29037,42556,42556
29038,42556,42556
29039,42556,42556
29040,42556,42556
29041,42556,42556
29042,42556,42556
29043,42556,42556
29044,42556,42556
29045,42556,42556
29046,42556,42556
29047,42556,42556
29048,42556,42556
29049,42556,42556
29050,42556,42556
29051,42556,42556
29052,42556,42556
29053,42556,42556
29054,42556,42556
29055,42556,42556
29056,42556,42556
29057,42556,42556
29058,42556,42556
29059,42556,42556
29060,42556,42556
29061,42556,42556
29062,42556,42556
29063,42556,42556
29064,42556,42556
29065,42556,42556
29066,42556,42556
29067,42556,42556
29068,42556,42556
29069,42556,42556
29070,42556,42556
29071,42556,42556
29072,42556,42556
29073,42556,42556
29074,42556,42556
29075,42556,42556
29076,42556,42556
29077,42556,42556
29078,42556,42556
29079,42556,42556
29080,42556,42556
29081,42556,42556
29082,42556,42556
29083,42556,42556
29084,42556,42556
29085,42556,42556
29086,42556,42556
29087,42556,42556
29088,42556,42556
29089,42556,42556
29090,42556,42556
29091,42556,42556
29092,42556,42556
29093,42556,42556
29094,42556,42556
29095,42556,42556
29096,42556,42556
29097,42556,42556
29098,42556,42556
29099,42556,42556
29100,42556,42556
29101,42556,42556
29102,42556,42556
29103,42556,42556
29104,42556,42556
29105,42556,42556
29106,42556,42556
29107,42556,42556
29108,42556,42556
29109,42556,42556
29110,42556,42556
29111,42556,42556
29112,42556,42556
29113,42556,42556
29114,42556,42556
29115,42556,42556
29116,42556,42556
29117,42556,42556
29118,42556,42556
29119,42556,42556
29120,42556,42556
29121,42556,42556
29122,42556,42556
29123,42556,42556
29124,42556,42556
29125,42556,42556
29126,42556,42556
29127,42556,42556
29128,42556,42556
29129,42556,42556
29130,42556,42556
29131,42556,42556
29132,42556,42556
29133,42556,42556
29134,42556,42556
29135,42556,42556
29136,42556,42556
29137,42556,42556
29138,42556,42556
29139,42556,42556
29140,42556,42556
29141,42556,42556
29142,42556,42556
29143,42556,42556
29144,42556,42556
29145,42556,42556
29146,42556,42556
29147,42556,42556
29148,42556,42556
29149,42556,42556
29150,42556,42556
29151,42556,42556
29152,42556,42556
29153,42556,42556
29154,42556,42556
29155,42556,42556
29156,42556,42556
29157,42556,42556
29158,42556,42556
29159,42556,42556
29160,42556,42556
29161,42556,42556
29162,42556,42556
29163,42556,42556
29164,42556,42556
29165,42556,42556
29166,42556,42556
29167,42556,42556
29168,42556,42556
29169,42556,42556
29170,42556,42556
29171,42556,42556
29172,42556,42556
29173,42556,42556
29174,42556,42556
29175,42556,42556
29176,42556,42556
29177,42556,42556
29178,42556,42556
29179,42556,42556
29180,42556,42556
29181,42556,42556
29182,42556,42556
29183,42556,42556
29184,42556,42556
29185,42556,42556
29186,42556,42556
29187,42557,42557
29188,42557,42557
29189,42557,42557
29190,42557,42557
29191,42557,42557
29192,42557,42557
29193,42557,42557
29194,42557,42557
29195,42557,42557
29196,42557,42557
29197,42557,42557
29198,42557,42557
29199,42557,42557
29200,42557,42557
29201,42557,42557
29202,42557,42557
29203,42557,42557
29204,42557,42557
29205,42557,42557
29206,42557,42557
29207,42557,42557
29208,42557,42557
29209,42557,42557
29210,42557,42557
29211,42557,42557
29212,42557,42557
29213,42557,42557
29214,42557,42557
29215,42557,42557
29216,42557,42557
29217,42557,42557
29218,42557,42557
29219,42557,42557
29220,42557,42557
29221,42557,42557
29222,42557,42557
29223,42557,42557
29224,42557,42557
29225,42557,42557
29226,42557,42557
29227,42557,42557
29228,42557,42557
29229,42557,42557
29230,42557,42557
29231,42557,42557
29232,42557,42557
29233,42557,42557
29234,42557,42557
29235,42557,42557
29236,42557,42557
29237,42557,42557
29238,42557,42557
29239,42557,42557
29240,42557,42557
29241,42557,42557
29242,42557,42557
29243,42557,42557
29244,42557,42557
29245,42557,42557
29246,42557,42557
29247,42557,42557
29248,42557,42557
29249,42557,42557
29250,42557,42557
29251,42557,42557
29252,42557,42557
29253,42557,42557
29254,42557,42557
29255,42557,42557
29256,42557,42557
29257,42557,42557
29258,42557,42557
29259,42557,42557
29260,42557,42557
29261,42557,42557
29262,42557,42557
29263,42557,42557
29264,42557,42557
29265,42557,42557
29266,42557,42557
29267,42557,42557
29268,42557,42557
29269,42557,42557
29270,42557,42557
29271,42557,42557
29272,42557,42557
29273,42557,42557
29274,42557,42557
29275,42557,42557
29276,42557,42557
29277,42557,42557
29278,42557,42557
29279,42557,42557
29280,42557,42557
29281,42557,42557
29282,42557,42557
29283,42557,42557
29284,42557,42557
29285,42557,42557
29286,42557,42557
29287,42557,42557
29288,42557,42557
29289,42557,42557
29290,42557,42557
29291,42557,42557
29292,42557,42557
29293,42557,42557
29294,42557,42557
29295,42557,42557
29296,42557,42557
29297,42557,42557
29298,42557,42557
29299,42557,42557
29300,42557,42557
29301,42557,42557
29302,42557,42557
29303,42557,42557
29304,42557,42557
29305,42557,42557
29306,42557,42557
29307,42557,42557
29308,42557,42557
29309,42557,42557
29310,42557,42557
29311,42557,42557
29312,42557,42557
29313,42557,42557
29314,42557,42557
29315,42557,42557
29316,42557,42557
29317,42557,42557
29318,42557,42557
29319,42557,42557
29320,42557,42557
29321,42557,42557
29322,42557,42557
29323,42557,42557
29324,42557,42557
29325,42557,42557
29326,42557,42557
29327,42557,42557
29328,42557,42557
29329,42557,42557
29330,42557,42557
29331,42557,42557
29332,42557,42557
29333,42557,42557
29334,42557,42557
29335,42557,42557
29336,42557,42557
29337,42557,42557
29338,42557,42557
29339,42557,42557
29340,42557,42557
29341,42557,42557
29342,42557,42557
29343,42557,42557
29344,42557,42557
29345,42557,42557
29346,42557,42557
29347,42557,42557
29348,42557,42557
29349,42557,42557
29350,42557,42557
29351,42557,42557
29352,42557,42557
29353,42557,42557
29354,42557,42557
29355,42557,42557
29356,42557,42557
29357,42557,42557
29358,42557,42557
29359,42557,42557
29360,42557,42557
29361,42557,42557
29362,42557,42557
29363,42557,42557
29364,42557,42557
29365,42557,42557
29366,42557,42557
29367,42557,42557
29368,42557,42557
29369,42557,42557
29370,42557,42557
29371,42557,42557
29372,42557,42557
29373,42557,42557
29374,42557,42557
29375,42557,42557
29376,42557,42557
29377,42557,42557
29378,42557,42557
29379,42557,42557
29380,42557,42557
29381,42557,42557
29382,42557,42557
29383,42557,42557
29384,42557,42557
29385,42557,42557
29386,42557,42557
29387,42557,42557
29388,42557,42557
29389,42557,42557
29390,42557,42557
29391,42557,42557
29392,42557,42557
29393,42557,42557
29394,42558,42558
29395,42558,42558
29396,42558,42558
29397,42558,42558
29398,42558,42558
29399,42558,42558
29400,42558,42558
29401,42558,42558
29402,42558,42558
29403,42558,42558
29404,42558,42558
29405,42558,42558
29406,42558,42558
29407,42558,42558
29408,42558,42558
29409,42558,42558
29410,42558,42558
29411,42558,42558
29412,42558,42558
29413,42558,42558
29414,42558,42558
29415,42558,42558
29416,42558,42558
29417,42558,42558
29418,42558,42558
29419,42558,42558
29420,42558,42558
29421,42558,42558
29422,42558,42558
29423,42558,42558
29424,42558,42558
29425,42558,42558
29426,42558,42558
29427,42558,42558
29428,42558,42558
29429,42558,42558
29430,42558,42558
29431,42558,42558
29432,42558,42558
29433,42558,42558
29434,42558,42558
29435,42558,42558
29436,42558,42558
29437,42558,42558
29438,42558,42558
29439,42558,42558
29440,42558,42558
29441,42558,42558
29442,42558,42558
29443,42558,42558
29444,42558,42558
29445,42558,42558
29446,42558,42558
29447,42558,42558
29448,42558,42558
29449,42558,42558
29450,42558,42558
29451,42558,42558
29452,42558,42558
29453,42558,42558
29454,42558,42558
29455,42558,42558
29456,42558,42558
29457,42558,42558
29458,42558,42558
29459,42558,42558
29460,42558,42558
29461,42558,42558
29462,42558,42558
29463,42558,42558
29464,42558,42558
29465,42558,42558
29466,42558,42558
29467,42558,42558
29468,42558,42558
29469,42558,42558
29470,42558,42558
29471,42558,42558
29472,42558,42558
29473,42558,42558
29474,42558,42558
29475,42558,42558
29476,42558,42558
29477,42558,42558
29478,42558,42558
29479,42558,42558
29480,42558,42558
29481,42558,42558
29482,42558,42558
29483,42558,42558
29484,42558,42558
29485,42558,42558
29486,42558,42558
29487,42558,42558
29488,42558,42558
29489,42558,42558
29490,42558,42558
29491,42558,42558
29492,42558,42558
29493,42558,42558
29494,42558,42558
29495,42558,42558
29496,42558,42558
29497,42558,42558
29498,42558,42558
29499,42558,42558
29500,42558,42558
29501,42558,42558
29502,42558,42558
29503,42558,42558
29504,42558,42558
29505,42558,42558
29506,42558,42558
29507,42558,42558
29508,42558,42558
29509,42558,42558
29510,42558,42558
29511,42558,42558
29512,42558,42558
29513,42558,42558
29514,42558,42558
29515,42558,42558
29516,42558,42558
29517,42558,42558
29518,42558,42558
29519,42558,42558
29520,42558,42558
29521,42558,42558
29522,42558,42558
29523,42558,42558
29524,42558,42558
29525,42558,42558
29526,42558,42558
29527,42558,42558
29528,42558,42558
29529,42558,42558
29530,42558,42558
29531,42558,42558
29532,42558,42558
29533,42558,42558
29534,42558,42558
29535,42558,42558
29536,42558,42558
29537,42558,42558
29538,42558,42558
29539,42558,42558
29540,42558,42558
29541,42558,42558
29542,42558,42558
29543,42558,42558
29544,42558,42558
29545,42558,42558
29546,42558,42558
29547,42558,42558
29548,42558,42558
29549,42558,42558
29550,42558,42558
29551,42558,42558
29552,42558,42558
29553,42558,42558
29554,42558,42558
29555,42558,42558
29556,42558,42558
29557,42558,42558
29558,42558,42558
29559,42558,42558
29560,42558,42558
29561,42558,42558
29562,42558,42558
29563,42558,42558
29564,42558,42558
29565,42558,42558
29566,42558,42558
29567,42558,42558
29568,42558,42558
29569,42558,42558
29570,42558,42558
29571,42558,42558
29572,42558,42558
29573,42558,42558
29574,42558,42558
29575,42558,42558
29576,42558,42558
29577,42558,42558
29578,42558,42558
29579,42558,42558
29580,42558,42558
29581,42558,42558
29582,42558,42558
29583,42558,42558
29584,42558,42558
29585,42558,42558
29586,42558,42558
29587,42558,42558
29588,42558,42558
29589,42558,42558
29590,42558,42558
29591,42558,42558
29592,42558,42558
29593,42558,42558
29594,42558,42558
29595,42558,42558
29596,42558,42558
29597,42558,42558
29598,42558,42558
29599,42558,42558
29600,42558,42558
29601,42559,42559
29602,42559,42559
29603,42559,42559
29604,42559,42559
29605,42559,42559
29606,42559,42559
29607,42559,42559
29608,42559,42559
29609,42559,42559
29610,42559,42559
29611,42559,42559
29612,42559,42559
29613,42559,42559
29614,42559,42559
29615,42559,42559
29616,42559,42559
29617,42559,42559
29618,42559,42559
29619,42559,42559
29620,42559,42559
29621,42559,42559
29622,42559,42559
29623,42559,42559
29624,42559,42559
29625,42559,42559
29626,42559,42559
29627,42559,42559
29628,42559,42559
29629,42559,42559
29630,42559,42559
29631,42559,42559
29632,42559,42559
29633,42559,42559
29634,42559,42559
29635,42559,42559
29636,42559,42559
29637,42559,42559
29638,42559,42559
29639,42559,42559
29640,42559,42559
29641,42559,42559
29642,42559,42559
29643,42559,42559
29644,42559,42559
29645,42559,42559
29646,42559,42559
29647,42559,42559
29648,42559,42559
29649,42559,42559
29650,42559,42559
29651,42559,42559
29652,42559,42559
29653,42559,42559
29654,42559,42559
29655,42559,42559
29656,42559,42559
29657,42559,42559
29658,42559,42559
29659,42559,42559
29660,42559,42559
29661,42559,42559
29662,42559,42559
29663,42559,42559
29664,42559,42559
29665,42559,42559
29666,42559,42559
29667,42559,42559
29668,42559,42559
29669,42559,42559
29670,42559,42559
29671,42559,42559
29672,42559,42559
29673,42559,42559
29674,42559,42559
29675,42559,42559
29676,42559,42559
29677,42559,42559
29678,42559,42559
29679,42559,42559
29680,42559,42559
29681,42559,42559
29682,42559,42559
29683,42559,42559
29684,42559,42559
29685,42559,42559
29686,42559,42559
29687,42559,42559
29688,42559,42559
29689,42559,42559
29690,42559,42559
29691,42559,42559
29692,42559,42559
29693,42559,42559
29694,42559,42559
29695,42559,42559
29696,42559,42559
29697,42559,42559
29698,42559,42559
29699,42559,42559
29700,42559,42559
29701,42559,42559
29702,42559,42559
29703,42559,42559
29704,42559,42559
29705,42559,42559
29706,42559,42559
29707,42559,42559
29708,42559,42559
29709,42559,42559
29710,42559,42559
29711,42559,42559
29712,42559,42559
29713,42559,42559
29714,42559,42559
29715,42559,42559
29716,42559,42559
29717,42559,42559
29718,42559,42559
29719,42559,42559
29720,42559,42559
29721,42559,42559
29722,42559,42559
29723,42559,42559
29724,42559,42559
29725,42559,42559
29726,42559,42559
29727,42559,42559
29728,42559,42559
29729,42559,42559
29730,42559,42559
29731,42559,42559
29732,42559,42559
29733,42559,42559
29734,42559,42559
29735,42559,42559
29736,42559,42559
29737,42559,42559
29738,42559,42559
29739,42559,42559
29740,42559,42559
29741,42559,42559
29742,42559,42559
29743,42559,42559
29744,42559,42559
29745,42559,42559
29746,42559,42559
29747,42559,42559
29748,42559,42559
29749,42559,42559
29750,42559,42559
29751,42559,42559
29752,42559,42559
29753,42559,42559
29754,42559,42559
29755,42559,42559
29756,42559,42559
29757,42559,42559
29758,42559,42559
29759,42559,42559
29760,42559,42559
29761,42559,42559
29762,42559,42559
29763,42559,42559
29764,42559,42559
29765,42559,42559
29766,42559,42559
29767,42559,42559
29768,42559,42559
29769,42559,42559
29770,42559,42559
29771,42559,42559
29772,42559,42559
29773,42559,42559
29774,42559,42559
29775,42559,42559
29776,42559,42559
29777,42559,42559
29778,42559,42559
29779,42559,42559
29780,42559,42559
29781,42559,42559
29782,42559,42559
29783,42559,42559
29784,42559,42559
29785,42559,42559
29786,42559,42559
29787,42559,42559
29788,42559,42559
29789,42559,42559
29790,42559,42559
29791,42559,42559
29792,42559,42559
29793,42559,42559
29794,42559,42559
29795,42559,42559
29796,42559,42559
29797,42559,42559
29798,42559,42559
29799,42559,42559
29800,42559,42559
29801,42559,42559
29802,42559,42559
29803,42559,42559
29804,42559,42559
29805,42559,42559
29806,42559,42559
29807,42559,42559
29808,42560,42560
29809,42560,42560
29810,42560,42560
29811,42560,42560
29812,42560,42560
29813,42560,42560
29814,42560,42560
29815,42560,42560
29816,42560,42560
29817,42560,42560
29818,42560,42560
29819,42560,42560
29820,42560,42560
29821,42560,42560
29822,42560,42560
29823,42560,42560
29824,42560,42560
29825,42560,42560
29826,42560,42560
29827,42560,42560
29828,42560,42560
29829,42560,42560
29830,42560,42560
29831,42560,42560
29832,42560,42560
29833,42560,42560
29834,42560,42560
29835,42560,42560
29836,42560,42560
29837,42560,42560
29838,42560,42560
29839,42560,42560
29840,42560,42560
29841,42560,42560
29842,42560,42560
29843,42560,42560
29844,42560,42560
29845,42560,42560
29846,42560,42560
29847,42560,42560
29848,42560,42560
29849,42560,42560
29850,42560,42560
29851,42560,42560
29852,42560,42560
29853,42560,42560
29854,42560,42560
29855,42560,42560
29856,42560,42560
29857,42560,42560
29858,42560,42560
29859,42560,42560
29860,42560,42560
29861,42560,42560
29862,42560,42560
29863,42560,42560
29864,42560,42560
29865,42560,42560
29866,42560,42560
29867,42560,42560
29868,42560,42560
29869,42560,42560
29870,42560,42560
29871,42560,42560
29872,42560,42560
29873,42560,42560
29874,42560,42560
29875,42560,42560
29876,42560,42560
29877,42560,42560
29878,42560,42560
29879,42560,42560
29880,42560,42560
29881,42560,42560
29882,42560,42560
29883,42560,42560
29884,42560,42560
29885,42560,42560
29886,42560,42560
29887,42560,42560
29888,42560,42560
29889,42560,42560
29890,42560,42560
29891,42560,42560
29892,42560,42560
29893,42560,42560
29894,42560,42560
29895,42560,42560
29896,42560,42560
29897,42560,42560
29898,42560,42560
29899,42560,42560
29900,42560,42560
29901,42560,42560
29902,42560,42560
29903,42560,42560
29904,42560,42560
29905,42560,42560
29906,42560,42560
29907,42560,42560
29908,42560,42560
29909,42560,42560
29910,42560,42560
29911,42560,42560
29912,42560,42560
29913,42560,42560
29914,42560,42560
29915,42560,42560
29916,42560,42560
29917,42560,42560
29918,42560,42560
29919,42560,42560
29920,42560,42560
29921,42560,42560
29922,42560,42560
29923,42560,42560
29924,42560,42560
29925,42560,42560
29926,42560,42560
29927,42560,42560
29928,42560,42560
29929,42560,42560
29930,42560,42560
29931,42560,42560
29932,42560,42560
29933,42560,42560
29934,42560,42560
29935,42560,42560
29936,42560,42560
29937,42560,42560
29938,42560,42560
29939,42560,42560
29940,42560,42560
29941,42560,42560
29942,42560,42560
29943,42560,42560
29944,42560,42560
29945,42560,42560
29946,42560,42560
29947,42560,42560
29948,42560,42560
29949,42560,42560
29950,42560,42560
29951,42560,42560
29952,42560,42560
29953,42560,42560
29954,42560,42560
29955,42560,42560
29956,42560,42560
29957,42560,42560
29958,42560,42560
29959,42560,42560
29960,42560,42560
29961,42560,42560
29962,42560,42560
29963,42560,42560
29964,42560,42560
29965,42560,42560
29966,42560,42560
29967,42560,42560
29968,42560,42560
29969,42560,42560
29970,42560,42560
29971,42560,42560
29972,42560,42560
29973,42560,42560
29974,42560,42560
29975,42560,42560
29976,42560,42560
29977,42560,42560
29978,42560,42560
29979,42560,42560
29980,42560,42560
29981,42560,42560
29982,42560,42560
29983,42560,42560
29984,42560,42560
29985,42560,42560
29986,42560,42560
29987,42560,42560
29988,42560,42560
29989,42560,42560
29990,42560,42560
29991,42560,42560
29992,42560,42560
29993,42560,42560
29994,42560,42560
29995,42560,42560
29996,42560,42560
29997,42560,42560
29998,42560,42560
29999,42560,42560
30000,42560,42560
30001,42560,42560
30002,42560,42560
30003,42560,42560
30004,42560,42560
30005,42560,42560
30006,42560,42560
30007,42560,42560
30008,42560,42560
30009,42560,42560
30010,42560,42560
30011,42560,42560
30012,42560,42560
30013,42560,42560
30014,42560,42560
30015,42561,42561
30016,42561,42561
30017,42561,42561
30018,42561,42561
30019,42561,42561
30020,42561,42561
30021,42561,42561
30022,42561,42561
30023,42561,42561
30024,42561,42561
30025,42561,42561
30026,42561,42561
30027,42561,42561
30028,42561,42561
30029,42561,42561
30030,42561,42561
30031,42561,42561
30032,42561,42561
30033,42561,42561
30034,42561,42561
30035,42561,42561
30036,42561,42561
30037,42561,42561
30038,42561,42561
30039,42561,42561
30040,42561,42561
30041,42561,42561
30042,42561,42561
30043,42561,42561
30044,42561,42561
30045,42561,42561
30046,42561,42561
30047,42561,42561
30048,42561,42561
30049,42561,42561
30050,42561,42561
30051,42561,42561
30052,42561,42561
30053,42561,42561
30054,42561,42561
30055,42561,42561
30056,42561,42561
30057,42561,42561
30058,42561,42561
30059,42561,42561
30060,42561,42561
30061,42561,42561
30062,42561,42561
30063,42561,42561
30064,42561,42561
30065,42561,42561
30066,42561,42561
30067,42561,42561
30068,42561,42561
30069,42561,42561
30070,42561,42561
30071,42561,42561
30072,42561,42561
30073,42561,42561
30074,42561,42561
30075,42561,42561
30076,42561,42561
30077,42561,42561
30078,42561,42561
30079,42561,42561
30080,42561,42561
30081,42561,42561
30082,42561,42561
30083,42561,42561
30084,42561,42561
30085,42561,42561
30086,42561,42561
30087,42561,42561
30088,42561,42561
30089,42561,42561
30090,42561,42561
30091,42561,42561
30092,42561,42561
30093,42561,42561
30094,42561,42561
30095,42561,42561
30096,42561,42561
30097,42561,42561
30098,42561,42561
30099,42561,42561
30100,42561,42561
30101,42561,42561
30102,42561,42561
30103,42561,42561
30104,42561,42561
30105,42561,42561
30106,42561,42561
30107,42561,42561
30108,42561,42561
30109,42561,42561
30110,42561,42561
30111,42561,42561
30112,42561,42561
30113,42561,42561
30114,42561,42561
30115,42561,42561
30116,42561,42561
30117,42561,42561
30118,42561,42561
30119,42561,42561
30120,42561,42561
30121,42561,42561
30122,42561,42561
30123,42561,42561
30124,42561,42561
30125,42561,42561
30126,42561,42561
30127,42561,42561
30128,42561,42561
30129,42561,42561
30130,42561,42561
30131,42561,42561
30132,42561,42561
30133,42561,42561
30134,42561,42561
30135,42561,42561
30136,42561,42561
30137,42561,42561
30138,42561,42561
30139,42561,42561
30140,42561,42561
30141,42561,42561
30142,42561,42561
30143,42561,42561
30144,42561,42561
30145,42561,42561
30146,42561,42561
30147,42561,42561
30148,42561,42561
30149,42561,42561
30150,42561,42561
30151,42561,42561
30152,42561,42561
30153,42561,42561
30154,42561,42561
30155,42561,42561
30156,42561,42561
30157,42561,42561
30158,42561,42561
30159,42561,42561
30160,42561,42561
30161,42561,42561
30162,42561,42561
30163,42561,42561
30164,42561,42561
30165,42561,42561
30166,42561,42561
30167,42561,42561
30168,42561,42561
30169,42561,42561
30170,42561,42561
30171,42561,42561
30172,42561,42561
30173,42561,42561
30174,42561,42561
30175,42561,42561
30176,42561,42561
30177,42561,42561
30178,42561,42561
30179,42561,42561
30180,42561,42561
30181,42561,42561
30182,42561,42561
30183,42561,42561
30184,42561,42561
30185,42561,42561
30186,42561,42561
30187,42561,42561
30188,42561,42561
30189,42561,42561
30190,42561,42561
30191,42561,42561
30192,42561,42561
30193,42561,42561
30194,42561,42561
30195,42561,42561
30196,42561,42561
30197,42561,42561
30198,42561,42561
30199,42561,42561
30200,42561,42561
30201,42561,42561
30202,42561,42561
30203,42561,42561
30204,42561,42561
30205,42561,42561
30206,42561,42561
30207,42561,42561
30208,42561,42561
30209,42561,42561
30210,42561,42561
30211,42561,42561
30212,42561,42561
30213,42561,42561
30214,42561,42561
30215,42561,42561
30216,42561,42561
30217,42561,42561
30218,42561,42561
30219,42561,42561
30220,42561,42561
30221,42561,42561
30222,42562,42562
30223,42562,42562
30224,42562,42562
30225,42562,42562
30226,42562,42562
30227,42562,42562
30228,42562,42562
30229,42562,42562
30230,42562,42562
30231,42562,42562
30232,42562,42562
30233,42562,42562
30234,42562,42562
30235,42562,42562
30236,42562,42562
30237,42562,42562
30238,42562,42562
30239,42562,42562
30240,42562,42562
30241,42562,42562
30242,42562,42562
30243,42562,42562
30244,42562,42562
30245,42562,42562
30246,42562,42562
30247,42562,42562
30248,42562,42562
30249,42562,42562
30250,42562,42562
30251,42562,42562
30252,42562,42562
30253,42562,42562
30254,42562,42562
30255,42562,42562
30256,42562,42562
30257,42562,42562
30258,42562,42562
30259,42562,42562
30260,42562,42562
30261,42562,42562
30262,42562,42562
30263,42562,42562
30264,42562,42562
30265,42562,42562
30266,42562,42562
30267,42562,42562
30268,42562,42562
30269,42562,42562
30270,42562,42562
30271,42562,42562
30272,42562,42562
30273,42562,42562
30274,42562,42562
30275,42562,42562
30276,42562,42562
30277,42562,42562
30278,42562,42562
30279,42562,42562
30280,42562,42562
30281,42562,42562
30282,42562,42562
30283,42562,42562
30284,42562,42562
30285,42562,42562
30286,42562,42562
30287,42562,42562
30288,42562,42562
30289,42562,42562
30290,42562,42562
30291,42562,42562
30292,42562,42562
30293,42562,42562
30294,42562,42562
30295,42562,42562
30296,42562,42562
30297,42562,42562
30298,42562,42562
30299,42562,42562
30300,42562,42562
30301,42562,42562
30302,42562,42562
30303,42562,42562
30304,42562,42562
30305,42562,42562
30306,42562,42562
30307,42562,42562
30308,42562,42562
30309,42562,42562
30310,42562,42562
30311,42562,42562
30312,42562,42562
30313,42562,42562
30314,42562,42562
30315,42562,42562
30316,42562,42562
30317,42562,42562
30318,42562,42562
30319,42562,42562
30320,42562,42562
30321,42562,42562
30322,42562,42562
30323,42562,42562
30324,42562,42562
30325,42562,42562
30326,42562,42562
30327,42562,42562
30328,42562,42562
30329,42562,42562
30330,42562,42562
30331,42562,42562
30332,42562,42562
30333,42562,42562
30334,42562,42562
30335,42562,42562
30336,42562,42562
30337,42562,42562
30338,42562,42562
30339,42562,42562
30340,42562,42562
30341,42562,42562
30342,42562,42562
30343,42562,42562
30344,42562,42562
30345,42562,42562
30346,42562,42562
30347,42562,42562
30348,42562,42562
30349,42562,42562
30350,42562,42562
30351,42562,42562
30352,42562,42562
30353,42562,42562
30354,42562,42562
30355,42562,42562
30356,42562,42562
30357,42562,42562
30358,42562,42562
30359,42562,42562
30360,42562,42562
30361,42562,42562
30362,42562,42562
30363,42562,42562
30364,42562,42562
30365,42562,42562
30366,42562,42562
30367,42562,42562
30368,42562,42562
30369,42562,42562
30370,42562,42562
30371,42562,42562
30372,42562,42562
30373,42562,42562
30374,42562,42562
30375,42562,42562
30376,42562,42562
30377,42562,42562
30378,42562,42562
30379,42562,42562
30380,42562,42562
30381,42562,42562
30382,42562,42562
30383,42562,42562
30384,42562,42562
30385,42562,42562
30386,42562,42562
30387,42562,42562
30388,42562,42562
30389,42562,42562
30390,42562,42562
30391,42562,42562
30392,42562,42562
30393,42562,42562
30394,42562,42562
30395,42562,42562
30396,42562,42562
30397,42562,42562
30398,42562,42562
30399,42562,42562
30400,42562,42562
30401,42562,42562
30402,42562,42562
30403,42562,42562
30404,42562,42562
30405,42562,42562
30406,42562,42562
30407,42562,42562
30408,42562,42562
30409,42562,42562
30410,42562,42562
30411,42562,42562
30412,42562,42562
30413,42562,42562
30414,42562,42562
30415,42562,42562
30416,42562,42562
30417,42562,42562
30418,42562,42562
30419,42562,42562
30420,42562,42562
30421,42562,42562
30422,42562,42562
30423,42562,42562
30424,42562,42562
30425,42562,42562
30426,42562,42562
30427,42562,42562
30428,42562,42562
30429,42563,42563
30430,42563,42563
30431,42563,42563
30432,42563,42563
30433,42563,42563
30434,42563,42563
30435,42563,42563
30436,42563,42563
30437,42563,42563
30438,42563,42563
30439,42563,42563
30440,42563,42563
30441,42563,42563
30442,42563,42563
30443,42563,42563
30444,42563,42563
30445,42563,42563
30446,42563,42563
30447,42563,42563
30448,42563,42563
30449,42563,42563
30450,42563,42563
30451,42563,42563
30452,42563,42563
30453,42563,42563
30454,42563,42563
30455,42563,42563
30456,42563,42563
30457,42563,42563
30458,42563,42563
30459,42563,42563
30460,42563,42563
30461,42563,42563
30462,42563,42563
30463,42563,42563
30464,42563,42563
30465,42563,42563
30466,42563,42563
30467,42563,42563
30468,42563,42563
30469,42563,42563
30470,42563,42563
30471,42563,42563
30472,42563,42563
30473,42563,42563
30474,42563,42563
30475,42563,42563
30476,42563,42563
30477,42563,42563
30478,42563,42563
30479,42563,42563
30480,42563,42563
30481,42563,42563
30482,42563,42563
30483,42563,42563
30484,42563,42563
30485,42563,42563
30486,42563,42563
30487,42563,42563
30488,42563,42563
30489,42563,42563
30490,42563,42563
30491,42563,42563
30492,42563,42563
30493,42563,42563
30494,42563,42563
30495,42563,42563
30496,42563,42563
30497,42563,42563
30498,42563,42563
30499,42563,42563
30500,42563,42563
30501,42563,42563
30502,42563,42563
30503,42563,42563
30504,42563,42563
30505,42563,42563
30506,42563,42563
30507,42563,42563
30508,42563,42563
30509,42563,42563
30510,42563,42563
30511,42563,42563
30512,42563,42563
30513,42563,42563
30514,42563,42563
30515,42563,42563
30516,42563,42563
30517,42563,42563
30518,42563,42563
30519,42563,42563
30520,42563,42563
30521,42563,42563
30522,42563,42563
30523,42563,42563
30524,42563,42563
30525,42563,42563
30526,42563,42563
30527,42563,42563
30528,42563,42563
30529,42563,42563
30530,42563,42563
30531,42563,42563
30532,42563,42563
30533,42563,42563
30534,42563,42563
30535,42563,42563
30536,42563,42563
30537,42563,42563
30538,42563,42563
30539,42563,42563
30540,42563,42563
30541,42563,42563
30542,42563,42563
30543,42563,42563
30544,42563,42563
30545,42563,42563
30546,42563,42563
30547,42563,42563
30548,42563,42563
30549,42563,42563
30550,42563,42563
30551,42563,42563
30552,42563,42563
30553,42563,42563
30554,42563,42563
30555,42563,42563
30556,42563,42563
30557,42563,42563
30558,42563,42563
30559,42563,42563
30560,42563,42563
30561,42563,42563
30562,42563,42563
30563,42563,42563
30564,42563,42563
30565,42563,42563
30566,42563,42563
30567,42563,42563
30568,42563,42563
30569,42563,42563
30570,42563,42563
30571,42563,42563
30572,42563,42563
30573,42563,42563
30574,42563,42563
30575,42563,42563
30576,42563,42563
30577,42563,42563
30578,42563,42563
30579,42563,42563
30580,42563,42563
30581,42563,42563
30582,42563,42563
30583,42563,42563
30584,42563,42563
30585,42563,42563
30586,42563,42563
30587,42563,42563
30588,42563,42563
30589,42563,42563
30590,42563,42563
30591,42563,42563
30592,42563,42563
30593,42563,42563
30594,42563,42563
30595,42563,42563
30596,42563,42563
30597,42563,42563
30598,42563,42563
30599,42563,42563
30600,42563,42563
30601,42563,42563
30602,42563,42563
30603,42563,42563
30604,42563,42563
30605,42563,42563
30606,42563,42563
30607,42563,42563
30608,42563,42563
30609,42563,42563
30610,42563,42563
30611,42563,42563
30612,42563,42563
30613,42563,42563
30614,42563,42563
30615,42563,42563
30616,42563,42563
30617,42563,42563
30618,42563,42563
30619,42563,42563
30620,42563,42563
30621,42563,42563
30622,42563,42563
30623,42563,42563
30624,42563,42563
30625,42563,42563
30626,42563,42563
30627,42563,42563
30628,42563,42563
30629,42563,42563
30630,42563,42563
30631,42563,42563
30632,42563,42563
30633,42563,42563
30634,42563,42563
30635,42563,42563
30636,42564,42564
30637,42564,42564
30638,42564,42564
30639,42564,42564
30640,42564,42564
30641,42564,42564
30642,42564,42564
30643,42564,42564
30644,42564,42564
30645,42564,42564
30646,42564,42564
30647,42564,42564
30648,42564,42564
30649,42564,42564
30650,42564,42564
30651,42564,42564
30652,42564,42564
30653,42564,42564
30654,42564,42564
30655,42564,42564
30656,42564,42564
30657,42564,42564
30658,42564,42564
30659,42564,42564
30660,42564,42564
30661,42564,42564
30662,42564,42564
30663,42564,42564
30664,42564,42564
30665,42564,42564
30666,42564,42564
30667,42564,42564
30668,42564,42564
30669,42564,42564
30670,42564,42564
30671,42564,42564
30672,42564,42564
30673,42564,42564
30674,42564,42564
30675,42564,42564
30676,42564,42564
30677,42564,42564
30678,42564,42564
30679,42564,42564
30680,42564,42564
30681,42564,42564
30682,42564,42564
30683,42564,42564
30684,42564,42564
30685,42564,42564
30686,42564,42564
30687,42564,42564
30688,42564,42564
30689,42564,42564
30690,42564,42564
30691,42564,42564
30692,42564,42564
30693,42564,42564
30694,42564,42564
30695,42564,42564
30696,42564,42564
30697,42564,42564
30698,42564,42564
30699,42564,42564
30700,42564,42564
30701,42564,42564
30702,42564,42564
30703,42564,42564
30704,42564,42564
30705,42564,42564
30706,42564,42564
30707,42564,42564
30708,42564,42564
30709,42564,42564
30710,42564,42564
30711,42564,42564
30712,42564,42564
30713,42564,42564
30714,42564,42564
30715,42564,42564
30716,42564,42564
30717,42564,42564
30718,42564,42564
30719,42564,42564
30720,42564,42564
30721,42564,42564
30722,42564,42564
30723,42564,42564
30724,42564,42564
30725,42564,42564
30726,42564,42564
30727,42564,42564
30728,42564,42564
30729,42564,42564
30730,42564,42564
30731,42564,42564
30732,42564,42564
30733,42564,42564
30734,42564,42564
30735,42564,42564
30736,42564,42564
30737,42564,42564
30738,42564,42564
30739,42564,42564
30740,42564,42564
30741,42564,42564
30742,42564,42564
30743,42564,42564
30744,42564,42564
30745,42564,42564
30746,42564,42564
30747,42564,42564
30748,42564,42564
30749,42564,42564
30750,42564,42564
30751,42564,42564
30752,42564,42564
30753,42564,42564
30754,42564,42564
30755,42564,42564
30756,42564,42564
30757,42564,42564
30758,42564,42564
30759,42564,42564
30760,42564,42564
30761,42564,42564
30762,42564,42564
30763,42564,42564
30764,42564,42564
30765,42564,42564
30766,42564,42564
30767,42564,42564
30768,42564,42564
30769,42564,42564
30770,42564,42564
30771,42564,42564
30772,42564,42564
30773,42564,42564
30774,42564,42564
30775,42564,42564
30776,42564,42564
30777,42564,42564
30778,42564,42564
30779,42564,42564
30780,42564,42564
30781,42564,42564
30782,42564,42564
30783,42564,42564
30784,42564,42564
30785,42564,42564
30786,42564,42564
30787,42564,42564
30788,42564,42564
30789,42564,42564
30790,42564,42564
30791,42564,42564
30792,42564,42564
30793,42564,42564
30794,42564,42564
30795,42564,42564
30796,42564,42564
30797,42564,42564
30798,42564,42564
30799,42564,42564
30800,42564,42564
30801,42564,42564
30802,42564,42564
30803,42564,42564
30804,42564,42564
30805,42564,42564
30806,42564,42564
30807,42564,42564
30808,42564,42564
30809,42564,42564
30810,42564,42564
30811,42564,42564
30812,42564,42564
30813,42564,42564
30814,42564,42564
30815,42564,42564
30816,42564,42564
30817,42564,42564
30818,42564,42564
30819,42564,42564
30820,42564,42564
30821,42564,42564
30822,42564,42564
30823,42564,42564
30824,42564,42564
30825,42564,42564
30826,42564,42564
30827,42564,42564
30828,42564,42564
30829,42564,42564
30830,42564,42564
30831,42564,42564
30832,42564,42564
30833,42564,42564
30834,42564,42564
30835,42564,42564
30836,42564,42564
30837,42564,42564
30838,42564,42564
30839,42564,42564
30840,42564,42564
30841,42564,42564
30842,42564,42564
30843,42565,42565
30844,42565,42565
30845,42565,42565
30846,42565,42565
30847,42565,42565
30848,42565,42565
30849,42565,42565
30850,42565,42565
30851,42565,42565
30852,42565,42565
30853,42565,42565
30854,42565,42565
30855,42565,42565
30856,42565,42565
30857,42565,42565
30858,42565,42565
30859,42565,42565
30860,42565,42565
30861,42565,42565
30862,42565,42565
30863,42565,42565
30864,42565,42565
30865,42565,42565
30866,42565,42565
30867,42565,42565
30868,42565,42565
30869,42565,42565
30870,42565,42565
30871,42565,42565
30872,42565,42565
30873,42565,42565
30874,42565,42565
30875,42565,42565
30876,42565,42565
30877,42565,42565
30878,42565,42565
30879,42565,42565
30880,42565,42565
30881,42565,42565
30882,42565,42565
30883,42565,42565
30884,42565,42565
30885,42565,42565
30886,42565,42565
30887,42565,42565
30888,42565,42565
30889,42565,42565
30890,42565,42565
30891,42565,42565
30892,42565,42565
30893,42565,42565
30894,42565,42565
30895,42565,42565
30896,42565,42565
30897,42565,42565
30898,42565,42565
30899,42565,42565
30900,42565,42565
30901,42565,42565
30902,42565,42565
30903,42565,42565
30904,42565,42565
30905,42565,42565
30906,42565,42565
30907,42565,42565
30908,42565,42565
30909,42565,42565
30910,42565,42565
30911,42565,42565
30912,42565,42565
30913,42565,42565
30914,42565,42565
30915,42565,42565
30916,42565,42565
30917,42565,42565
30918,42565,42565
30919,42565,42565
30920,42565,42565
30921,42565,42565
30922,42565,42565
30923,42565,42565
30924,42565,42565
30925,42565,42565
30926,42565,42565
30927,42565,42565
30928,42565,42565
30929,42565,42565
30930,42565,42565
30931,42565,42565
30932,42565,42565
30933,42565,42565
30934,42565,42565
30935,42565,42565
30936,42565,42565
30937,42565,42565
30938,42565,42565
30939,42565,42565
30940,42565,42565
30941,42565,42565
30942,42565,42565
30943,42565,42565
30944,42565,42565
30945,42565,42565
30946,42565,42565
30947,42565,42565
30948,42565,42565
30949,42565,42565
30950,42565,42565
30951,42565,42565
30952,42565,42565
30953,42565,42565
30954,42565,42565
30955,42565,42565
30956,42565,42565
30957,42565,42565
30958,42565,42565
30959,42565,42565
30960,42565,42565
30961,42565,42565
30962,42565,42565
30963,42565,42565
30964,42565,42565
30965,42565,42565
30966,42565,42565
30967,42565,42565
30968,42565,42565
30969,42565,42565
30970,42565,42565
30971,42565,42565
30972,42565,42565
30973,42565,42565
30974,42565,42565
30975,42565,42565
30976,42565,42565
30977,42565,42565
30978,42565,42565
30979,42565,42565
30980,42565,42565
30981,42565,42565
30982,42565,42565
30983,42565,42565
30984,42565,42565
30985,42565,42565
30986,42565,42565
30987,42565,42565
30988,42565,42565
30989,42565,42565
30990,42565,42565
30991,42565,42565
30992,42565,42565
30993,42565,42565
30994,42565,42565
30995,42565,42565
30996,42565,42565
30997,42565,42565
30998,42565,42565
30999,42565,42565
31000,42565,42565
31001,42565,42565
31002,42565,42565
31003,42565,42565
31004,42565,42565
31005,42565,42565
31006,42565,42565
31007,42565,42565
31008,42565,42565
31009,42565,42565
31010,42565,42565
31011,42565,42565
31012,42565,42565
31013,42565,42565
31014,42565,42565
31015,42565,42565
31016,42565,42565
31017,42565,42565
31018,42565,42565
31019,42565,42565
31020,42565,42565
31021,42565,42565
31022,42565,42565
31023,42565,42565
31024,42565,42565
31025,42565,42565
31026,42565,42565
31027,42565,42565
31028,42565,42565
31029,42565,42565
31030,42565,42565
31031,42565,42565
31032,42565,42565
31033,42565,42565
31034,42565,42565
31035,42565,42565
31036,42565,42565
31037,42565,42565
31038,42565,42565
31039,42565,42565
31040,42565,42565
31041,42565,42565
31042,42565,42565
31043,42565,42565
31044,42565,42565
31045,42565,42565
31046,42565,42565
31047,42565,42565
31048,42565,42565
31049,42565,42565
31050,42566,42566
31051,42566,42566
31052,42566,42566
31053,42566,42566
31054,42566,42566
31055,42566,42566
31056,42566,42566
31057,42566,42566
31058,42566,42566
31059,42566,42566
31060,42566,42566
31061,42566,42566
31062,42566,42566
31063,42566,42566
31064,42566,42566
31065,42566,42566
31066,42566,42566
31067,42566,42566
31068,42566,42566
31069,42566,42566
31070,42566,42566
31071,42566,42566
31072,42566,42566
31073,42566,42566
31074,42566,42566
31075,42566,42566
31076,42566,42566
31077,42566,42566
31078,42566,42566
31079,42566,42566
31080,42566,42566
31081,42566,42566
31082,42566,42566
31083,42566,42566
31084,42566,42566
31085,42566,42566
31086,42566,42566
31087,42566,42566
31088,42566,42566
31089,42566,42566
31090,42566,42566
31091,42566,42566
31092,42566,42566
31093,42566,42566
31094,42566,42566
31095,42566,42566
31096,42566,42566
31097,42566,42566
31098,42566,42566
31099,42566,42566
31100,42566,42566
31101,42566,42566
31102,42566,42566
31103,42566,42566
31104,42566,42566
31105,42566,42566
31106,42566,42566
31107,42566,42566
31108,42566,42566
31109,42566,42566
31110,42566,42566
31111,42566,42566
31112,42566,42566
31113,42566,42566
31114,42566,42566
31115,42566,42566
31116,42566,42566
31117,42566,42566
31118,42566,42566
31119,42566,42566
31120,42566,42566
31121,42566,42566
31122,42566,42566
31123,42566,42566
31124,42566,42566
31125,42566,42566
31126,42566,42566
31127,42566,42566
31128,42566,42566
31129,42566,42566
31130,42566,42566
31131,42566,42566
31132,42566,42566
31133,42566,42566
31134,42566,42566
31135,42566,42566
31136,42566,42566
31137,42566,42566
31138,42566,42566
31139,42566,42566
31140,42566,42566
31141,42566,42566
31142,42566,42566
31143,42566,42566
31144,42566,42566
31145,42566,42566
31146,42566,42566
31147,42566,42566
31148,42566,42566
31149,42566,42566
31150,42566,42566
31151,42566,42566
31152,42566,42566
31153,42566,42566
31154,42566,42566
31155,42566,42566
31156,42566,42566
31157,42566,42566
31158,42566,42566
31159,42566,42566
31160,42566,42566
31161,42566,42566
31162,42566,42566
31163,42566,42566
31164,42566,42566
31165,42566,42566
31166,42566,42566
31167,42566,42566
31168,42566,42566
31169,42566,42566
31170,42566,42566
31171,42566,42566
31172,42566,42566
31173,42566,42566
31174,42566,42566
31175,42566,42566
31176,42566,42566
31177,42566,42566
31178,42566,42566
31179,42566,42566
31180,42566,42566
31181,42566,42566
31182,42566,42566
31183,42566,42566
31184,42566,42566
31185,42566,42566
31186,42566,42566
31187,42566,42566
31188,42566,42566
31189,42566,42566
31190,42566,42566
31191,42566,42566
31192,42566,42566
31193,42566,42566
31194,42566,42566
31195,42566,42566
31196,42566,42566
31197,42566,42566
31198,42566,42566
31199,42566,42566
31200,42566,42566
31201,42566,42566
31202,42566,42566
31203,42566,42566
31204,42566,42566
31205,42566,42566
31206,42566,42566
31207,42566,42566
31208,42566,42566
31209,42566,42566
31210,42566,42566
31211,42566,42566
31212,42566,42566
31213,42566,42566
31214,42566,42566
31215,42566,42566
31216,42566,42566
31217,42566,42566
31218,42566,42566
31219,42566,42566
31220,42566,42566
31221,42566,42566
31222,42566,42566
31223,42566,42566
31224,42566,42566
31225,42566,42566
31226,42566,42566
31227,42566,42566
31228,42566,42566
31229,42566,42566
31230,42566,42566
31231,42566,42566
31232,42566,42566
31233,42566,42566
31234,42566,42566
31235,42566,42566
31236,42566,42566
31237,42566,42566
31238,42566,42566
31239,42566,42566
31240,42566,42566
31241,42566,42566
31242,42566,42566
31243,42566,42566
31244,42566,42566
31245,42566,42566
31246,42566,42566
31247,42566,42566
31248,42566,42566
31249,42566,42566
31250,42566,42566
31251,42566,42566
31252,42566,42566
31253,42566,42566
31254,42566,42566
31255,42566,42566
31256,42566,42566
31257,42567,42567
31258,42567,42567
31259,42567,42567
31260,42567,42567
31261,42567,42567
31262,42567,42567
31263,42567,42567
31264,42567,42567
31265,42567,42567
31266,42567,42567
31267,42567,42567
31268,42567,42567
31269,42567,42567
31270,42567,42567
31271,42567,42567
31272,42567,42567
31273,42567,42567
31274,42567,42567
31275,42567,42567
31276,42567,42567
31277,42567,42567
31278,42567,42567
31279,42567,42567
31280,42567,42567
31281,42567,42567
31282,42567,42567
31283,42567,42567
31284,42567,42567
31285,42567,42567
31286,42567,42567
31287,42567,42567
31288,42567,42567
31289,42567,42567
31290,42567,42567
31291,42567,42567
31292,42567,42567
31293,42567,42567
31294,42567,42567
31295,42567,42567
31296,42567,42567
31297,42567,42567
31298,42567,42567
31299,42567,42567
31300,42567,42567
31301,42567,42567
31302,42567,42567
31303,42567,42567
31304,42567,42567
31305,42567,42567
31306,42567,42567
31307,42567,42567
31308,42567,42567
31309,42567,42567
31310,42567,42567
31311,42567,42567
31312,42567,42567
31313,42567,42567
31314,42567,42567
31315,42567,42567
31316,42567,42567
31317,42567,42567
31318,42567,42567
31319,42567,42567
31320,42567,42567
31321,42567,42567
31322,42567,42567
31323,42567,42567
31324,42567,42567
31325,42567,42567
31326,42567,42567
31327,42567,42567
31328,42567,42567
31329,42567,42567
31330,42567,42567
31331,42567,42567
31332,42567,42567
31333,42567,42567
31334,42567,42567
31335,42567,42567
31336,42567,42567
31337,42567,42567
31338,42567,42567
31339,42567,42567
31340,42567,42567
31341,42567,42567
31342,42567,42567
31343,42567,42567
31344,42567,42567
31345,42567,42567
31346,42567,42567
31347,42567,42567
31348,42567,42567
31349,42567,42567
31350,42567,42567
31351,42567,42567
31352,42567,42567
31353,42567,42567
31354,42567,42567
31355,42567,42567
31356,42567,42567
31357,42567,42567
31358,42567,42567
31359,42567,42567
31360,42567,42567
31361,42567,42567
31362,42567,42567
31363,42567,42567
31364,42567,42567
31365,42567,42567
31366,42567,42567
31367,42567,42567
31368,42567,42567
31369,42567,42567
31370,42567,42567
31371,42567,42567
31372,42567,42567
31373,42567,42567
31374,42567,42567
31375,42567,42567
31376,42567,42567
31377,42567,42567
31378,42567,42567
31379,42567,42567
31380,42567,42567
31381,42567,42567
31382,42567,42567
31383,42567,42567
31384,42567,42567
31385,42567,42567
31386,42567,42567
31387,42567,42567
31388,42567,42567
31389,42567,42567
31390,42567,42567
31391,42567,42567
31392,42567,42567
31393,42567,42567
31394,42567,42567
31395,42567,42567
31396,42567,42567
31397,42567,42567
31398,42567,42567
31399,42567,42567
31400,42567,42567
31401,42567,42567
31402,42567,42567
31403,42567,42567
31404,42567,42567
31405,42567,42567
31406,42567,42567
31407,42567,42567
31408,42567,42567
31409,42567,42567
31410,42567,42567
31411,42567,42567
31412,42567,42567
31413,42567,42567
31414,42567,42567
31415,42567,42567
31416,42567,42567
31417,42567,42567
31418,42567,42567
31419,42567,42567
31420,42567,42567
31421,42567,42567
31422,42567,42567
31423,42567,42567
31424,42567,42567
31425,42567,42567
31426,42567,42567
31427,42567,42567
31428,42567,42567
31429,42567,42567
31430,42567,42567
31431,42567,42567
31432,42567,42567
31433,42567,42567
31434,42567,42567
31435,42567,42567
31436,42567,42567
31437,42567,42567
31438,42567,42567
31439,42567,42567
31440,42567,42567
31441,42567,42567
31442,42567,42567
31443,42567,42567
31444,42567,42567
31445,42567,42567
31446,42567,42567
31447,42567,42567
31448,42567,42567
31449,42567,42567
31450,42567,42567
31451,42567,42567
31452,42567,42567
31453,42567,42567
31454,42567,42567
31455,42567,42567
31456,42567,42567
31457,42567,42567
31458,42567,42567
31459,42567,42567
31460,42567,42567
31461,42567,42567
31462,42567,42567
31463,42567,42567
31464,42568,42568
31465,42568,42568
31466,42568,42568
31467,42568,42568
31468,42568,42568
31469,42568,42568
31470,42568,42568
31471,42568,42568
31472,42568,42568
31473,42568,42568
31474,42568,42568
31475,42568,42568
31476,42568,42568
31477,42568,42568
31478,42568,42568
31479,42568,42568
31480,42568,42568
31481,42568,42568
31482,42568,42568
31483,42568,42568
31484,42568,42568
31485,42568,42568
31486,42568,42568
31487,42568,42568
31488,42568,42568
31489,42568,42568
31490,42568,42568
31491,42568,42568
31492,42568,42568
31493,42568,42568
31494,42568,42568
31495,42568,42568
31496,42568,42568
31497,42568,42568
31498,42568,42568
31499,42568,42568
31500,42568,42568
31501,42568,42568
31502,42568,42568
31503,42568,42568
31504,42568,42568
31505,42568,42568
31506,42568,42568
31507,42568,42568
31508,42568,42568
31509,42568,42568
31510,42568,42568
31511,42568,42568
31512,42568,42568
31513,42568,42568
31514,42568,42568
31515,42568,42568
31516,42568,42568
31517,42568,42568
31518,42568,42568
31519,42568,42568
31520,42568,42568
31521,42568,42568
31522,42568,42568
31523,42568,42568
31524,42568,42568
31525,42568,42568
31526,42568,42568
31527,42568,42568
31528,42568,42568
31529,42568,42568
31530,42568,42568
31531,42568,42568
31532,42568,42568
31533,42568,42568
31534,42568,42568
31535,42568,42568
31536,42568,42568
31537,42568,42568
31538,42568,42568
31539,42568,42568
31540,42568,42568
31541,42568,42568
31542,42568,42568
31543,42568,42568
31544,42568,42568
31545,42568,42568
31546,42568,42568
31547,42568,42568
31548,42568,42568
31549,42568,42568
31550,42568,42568
31551,42568,42568
31552,42568,42568
31553,42568,42568
31554,42568,42568
31555,42568,42568
31556,42568,42568
31557,42568,42568
31558,42568,42568
31559,42568,42568
31560,42568,42568
31561,42568,42568
31562,42568,42568
31563,42568,42568
31564,42568,42568
31565,42568,42568
31566,42568,42568
31567,42568,42568
31568,42568,42568
31569,42568,42568
31570,42568,42568
31571,42568,42568
31572,42568,42568
31573,42568,42568
31574,42568,42568
31575,42568,42568
31576,42568,42568
31577,42568,42568
31578,42568,42568
31579,42568,42568
31580,42568,42568
31581,42568,42568
31582,42568,42568
31583,42568,42568
31584,42568,42568
31585,42568,42568
31586,42568,42568
31587,42568,42568
31588,42568,42568
31589,42568,42568
31590,42568,42568
31591,42568,42568
31592,42568,42568
31593,42568,42568
31594,42568,42568
31595,42568,42568
31596,42568,42568
31597,42568,42568
31598,42568,42568
31599,42568,42568
31600,42568,42568
31601,42568,42568
31602,42568,42568
31603,42568,42568
31604,42568,42568
31605,42568,42568
31606,42568,42568
31607,42568,42568
31608,42568,42568
31609,42568,42568
31610,42568,42568
31611,42568,42568
31612,42568,42568
31613,42568,42568
31614,42568,42568
31615,42568,42568
31616,42568,42568
31617,42568,42568
31618,42568,42568
31619,42568,42568
31620,42568,42568
31621,42568,42568
31622,42568,42568
31623,42568,42568
31624,42568,42568
31625,42568,42568
31626,42568,42568
31627,42568,42568
31628,42568,42568
31629,42568,42568
31630,42568,42568
31631,42568,42568
31632,42568,42568
31633,42568,42568
31634,42568,42568
31635,42568,42568
31636,42568,42568
31637,42568,42568
31638,42568,42568
31639,42568,42568
31640,42568,42568
31641,42568,42568
31642,42568,42568
31643,42568,42568
31644,42568,42568
31645,42568,42568
31646,42568,42568
31647,42568,42568
31648,42568,42568
31649,42568,42568
31650,42568,42568
31651,42568,42568
31652,42568,42568
31653,42568,42568
31654,42568,42568
31655,42568,42568
31656,42568,42568
31657,42568,42568
31658,42568,42568
31659,42568,42568
31660,42568,42568
31661,42568,42568
31662,42568,42568
31663,42568,42568
31664,42568,42568
31665,42568,42568
31666,42568,42568
31667,42568,42568
31668,42568,42568
31669,42568,42568
31670,42568,42568
31671,42569,42569
31672,42569,42569
31673,42569,42569
31674,42569,42569
31675,42569,42569
31676,42569,42569
31677,42569,42569
31678,42569,42569
31679,42569,42569
31680,42569,42569
31681,42569,42569
31682,42569,42569
31683,42569,42569
31684,42569,42569
31685,42569,42569
31686,42569,42569
31687,42569,42569
31688,42569,42569
31689,42569,42569
31690,42569,42569
31691,42569,42569
31692,42569,42569
31693,42569,42569
31694,42569,42569
31695,42569,42569
31696,42569,42569
31697,42569,42569
31698,42569,42569
31699,42569,42569
31700,42569,42569
31701,42569,42569
31702,42569,42569
31703,42569,42569
31704,42569,42569
31705,42569,42569
31706,42569,42569
31707,42569,42569
31708,42569,42569
31709,42569,42569
31710,42569,42569
31711,42569,42569
31712,42569,42569
31713,42569,42569
31714,42569,42569
31715,42569,42569
31716,42569,42569
31717,42569,42569
31718,42569,42569
31719,42569,42569
31720,42569,42569
31721,42569,42569
31722,42569,42569
31723,42569,42569
31724,42569,42569
31725,42569,42569
31726,42569,42569
31727,42569,42569
31728,42569,42569
31729,42569,42569
31730,42569,42569
31731,42569,42569
31732,42569,42569
31733,42569,42569
31734,42569,42569
31735,42569,42569
31736,42569,42569
31737,42569,42569
31738,42569,42569
31739,42569,42569
31740,42569,42569
31741,42569,42569
31742,42569,42569
31743,42569,42569
31744,42569,42569
31745,42569,42569
31746,42569,42569
31747,42569,42569
31748,42569,42569
31749,42569,42569
31750,42569,42569
31751,42569,42569
31752,42569,42569
31753,42569,42569
31754,42569,42569
31755,42569,42569
31756,42569,42569
31757,42569,42569
31758,42569,42569
31759,42569,42569
31760,42569,42569
31761,42569,42569
31762,42569,42569
31763,42569,42569
31764,42569,42569
31765,42569,42569
31766,42569,42569
31767,42569,42569
31768,42569,42569
31769,42569,42569
31770,42569,42569
31771,42569,42569
31772,42569,42569
31773,42569,42569
31774,42569,42569
31775,42569,42569
31776,42569,42569
31777,42569,42569
31778,42569,42569
31779,42569,42569
31780,42569,42569
31781,42569,42569
31782,42569,42569
31783,42569,42569
31784,42569,42569
31785,42569,42569
31786,42569,42569
31787,42569,42569
31788,42569,42569
31789,42569,42569
31790,42569,42569
31791,42569,42569
31792,42569,42569
31793,42569,42569
31794,42569,42569
31795,42569,42569
31796,42569,42569
31797,42569,42569
31798,42569,42569
31799,42569,42569
31800,42569,42569
31801,42569,42569
31802,42569,42569
31803,42569,42569
31804,42569,42569
31805,42569,42569
31806,42569,42569
31807,42569,42569
31808,42569,42569
31809,42569,42569
31810,42569,42569
31811,42569,42569
31812,42569,42569
31813,42569,42569
31814,42569,42569
31815,42569,42569
31816,42569,42569
31817,42569,42569
31818,42569,42569
31819,42569,42569
31820,42569,42569
31821,42569,42569
31822,42569,42569
31823,42569,42569
31824,42569,42569
31825,42569,42569
31826,42569,42569
31827,42569,42569
31828,42569,42569
31829,42569,42569
31830,42569,42569
31831,42569,42569
31832,42569,42569
31833,42569,42569
31834,42569,42569
31835,42569,42569
31836,42569,42569
31837,42569,42569
31838,42569,42569
31839,42569,42569
31840,42569,42569
31841,42569,42569
31842,42569,42569
31843,42569,42569
31844,42569,42569
31845,42569,42569
31846,42569,42569
31847,42569,42569
31848,42569,42569
31849,42569,42569
31850,42569,42569
31851,42569,42569
31852,42569,42569
31853,42569,42569
31854,42569,42569
31855,42569,42569
31856,42569,42569
31857,42569,42569
31858,42569,42569
31859,42569,42569
31860,42569,42569
31861,42569,42569
31862,42569,42569
31863,42569,42569
31864,42569,42569
31865,42569,42569
31866,42569,42569
31867,42569,42569
31868,42569,42569
31869,42569,42569
31870,42569,42569
31871,42569,42569
31872,42569,42569
31873,42569,42569
31874,42569,42569
31875,42569,42569
31876,42569,42569
31877,42569,42569
31878,42570,42570
31879,42570,42570
31880,42570,42570
31881,42570,42570
31882,42570,42570
31883,42570,42570
31884,42570,42570
31885,42570,42570
31886,42570,42570
31887,42570,42570
31888,42570,42570
31889,42570,42570
31890,42570,42570
31891,42570,42570
31892,42570,42570
31893,42570,42570
31894,42570,42570
31895,42570,42570
31896,42570,42570
31897,42570,42570
31898,42570,42570
31899,42570,42570
31900,42570,42570
31901,42570,42570
31902,42570,42570
31903,42570,42570
31904,42570,42570
31905,42570,42570
31906,42570,42570
31907,42570,42570
31908,42570,42570
31909,42570,42570
31910,42570,42570
31911,42570,42570
31912,42570,42570
31913,42570,42570
31914,42570,42570
31915,42570,42570
31916,42570,42570
31917,42570,42570
31918,42570,42570
31919,42570,42570
31920,42570,42570
31921,42570,42570
31922,42570,42570
31923,42570,42570
31924,42570,42570
31925,42570,42570
31926,42570,42570
31927,42570,42570
31928,42570,42570
31929,42570,42570
31930,42570,42570
31931,42570,42570
31932,42570,42570
31933,42570,42570
31934,42570,42570
31935,42570,42570
31936,42570,42570
31937,42570,42570
31938,42570,42570
31939,42570,42570
31940,42570,42570
31941,42570,42570
31942,42570,42570
31943,42570,42570
31944,42570,42570
31945,42570,42570
31946,42570,42570
31947,42570,42570
31948,42570,42570
31949,42570,42570
31950,42570,42570
31951,42570,42570
31952,42570,42570
31953,42570,42570
31954,42570,42570
31955,42570,42570
31956,42570,42570
31957,42570,42570
31958,42570,42570
31959,42570,42570
31960,42570,42570
31961,42570,42570
31962,42570,42570
31963,42570,42570
31964,42570,42570
31965,42570,42570
31966,42570,42570
31967,42570,42570
31968,42570,42570
31969,42570,42570
31970,42570,42570
31971,42570,42570
31972,42570,42570
31973,42570,42570
31974,42570,42570
31975,42570,42570
31976,42570,42570
31977,42570,42570
31978,42570,42570
31979,42570,42570
31980,42570,42570
31981,42570,42570
31982,42570,42570
31983,42570,42570
31984,42570,42570
31985,42570,42570
31986,42570,42570
31987,42570,42570
31988,42570,42570
31989,42570,42570
31990,42570,42570
31991,42570,42570
31992,42570,42570
31993,42570,42570
31994,42570,42570
31995,42570,42570
31996,42570,42570
31997,42570,42570
31998,42570,42570
31999,42570,42570
32000,42570,42570
32001,42570,42570
32002,42570,42570
32003,42570,42570
32004,42570,42570
32005,42570,42570
32006,42570,42570
32007,42570,42570
32008,42570,42570
32009,42570,42570
32010,42570,42570
32011,42570,42570
32012,42570,42570
32013,42570,42570
32014,42570,42570
32015,42570,42570
32016,42570,42570
32017,42570,42570
32018,42570,42570
32019,42570,42570
32020,42570,42570
32021,42570,42570
32022,42570,42570
32023,42570,42570
32024,42570,42570
32025,42570,42570
32026,42570,42570
32027,42570,42570
32028,42570,42570
32029,42570,42570
32030,42570,42570
32031,42570,42570
32032,42570,42570
32033,42570,42570
32034,42570,42570
32035,42570,42570
32036,42570,42570
32037,42570,42570
32038,42570,42570
32039,42570,42570
32040,42570,42570
32041,42570,42570
32042,42570,42570
32043,42570,42570
32044,42570,42570
32045,42570,42570
32046,42570,42570
32047,42570,42570
32048,42570,42570
32049,42570,42570
32050,42570,42570
32051,42570,42570
32052,42570,42570
32053,42570,42570
32054,42570,42570
32055,42570,42570
32056,42570,42570
32057,42570,42570
32058,42570,42570
32059,42570,42570
32060,42570,42570
32061,42570,42570
32062,42570,42570
32063,42570,42570
32064,42570,42570
32065,42570,42570
32066,42570,42570
32067,42570,42570
32068,42570,42570
32069,42570,42570
32070,42570,42570
32071,42570,42570
32072,42570,42570
32073,42570,42570
32074,42570,42570
32075,42570,42570
32076,42570,42570
32077,42570,42570
32078,42570,42570
32079,42570,42570
32080,42570,42570
32081,42570,42570
32082,42570,42570
32083,42570,42570
32084,42570,42570
32085,42571,42571
32086,42571,42571
32087,42571,42571
32088,42571,42571
32089,42571,42571
32090,42571,42571
32091,42571,42571
32092,42571,42571
32093,42571,42571
32094,42571,42571
32095,42571,42571
32096,42571,42571
32097,42571,42571
32098,42571,42571
32099,42571,42571
32100,42571,42571
32101,42571,42571
32102,42571,42571
32103,42571,42571
32104,42571,42571
32105,42571,42571
32106,42571,42571
32107,42571,42571
32108,42571,42571
32109,42571,42571
32110,42571,42571
32111,42571,42571
32112,42571,42571
32113,42571,42571
32114,42571,42571
32115,42571,42571
32116,42571,42571
32117,42571,42571
32118,42571,42571
32119,42571,42571
32120,42571,42571
32121,42571,42571
32122,42571,42571
32123,42571,42571
32124,42571,42571
32125,42571,42571
32126,42571,42571
32127,42571,42571
32128,42571,42571
32129,42571,42571
32130,42571,42571
32131,42571,42571
32132,42571,42571
32133,42571,42571
32134,42571,42571
32135,42571,42571
32136,42571,42571
32137,42571,42571
32138,42571,42571
32139,42571,42571
32140,42571,42571
32141,42571,42571
32142,42571,42571
32143,42571,42571
32144,42571,42571
32145,42571,42571
32146,42571,42571
32147,42571,42571
32148,42571,42571
32149,42571,42571
32150,42571,42571
32151,42571,42571
32152,42571,42571
32153,42571,42571
32154,42571,42571
32155,42571,42571
32156,42571,42571
32157,42571,42571
32158,42571,42571
32159,42571,42571
32160,42571,42571
32161,42571,42571
32162,42571,42571
32163,42571,42571
32164,42571,42571
32165,42571,42571
32166,42571,42571
32167,42571,42571
32168,42571,42571
32169,42571,42571
32170,42571,42571
32171,42571,42571
32172,42571,42571
32173,42571,42571
32174,42571,42571
32175,42571,42571
32176,42571,42571
32177,42571,42571
32178,42571,42571
32179,42571,42571
32180,42571,42571
32181,42571,42571
32182,42571,42571
32183,42571,42571
32184,42571,42571
32185,42571,42571
32186,42571,42571
32187,42571,42571
32188,42571,42571
32189,42571,42571
32190,42571,42571
32191,42571,42571
32192,42571,42571
32193,42571,42571
32194,42571,42571
32195,42571,42571
32196,42571,42571
32197,42571,42571
32198,42571,42571
32199,42571,42571
32200,42571,42571
32201,42571,42571
32202,42571,42571
32203,42571,42571
32204,42571,42571
32205,42571,42571
32206,42571,42571
32207,42571,42571
32208,42571,42571
32209,42571,42571
32210,42571,42571
32211,42571,42571
32212,42571,42571
32213,42571,42571
32214,42571,42571
32215,42571,42571
32216,42571,42571
32217,42571,42571
32218,42571,42571
32219,42571,42571
32220,42571,42571
32221,42571,42571
32222,42571,42571
32223,42571,42571
32224,42571,42571
32225,42571,42571
32226,42571,42571
32227,42571,42571
32228,42571,42571
32229,42571,42571
32230,42571,42571
32231,42571,42571
32232,42571,42571
32233,42571,42571
32234,42571,42571
32235,42571,42571
32236,42571,42571
32237,42571,42571
32238,42571,42571
32239,42571,42571
32240,42571,42571
32241,42571,42571
32242,42571,42571
32243,42571,42571
32244,42571,42571
32245,42571,42571
32246,42571,42571
32247,42571,42571
32248,42571,42571
32249,42571,42571
32250,42571,42571
32251,42571,42571
32252,42571,42571
32253,42571,42571
32254,42571,42571
32255,42571,42571
32256,42571,42571
32257,42571,42571
32258,42571,42571
32259,42571,42571
32260,42571,42571
32261,42571,42571
32262,42571,42571
32263,42571,42571
32264,42571,42571
32265,42571,42571
32266,42571,42571
32267,42571,42571
32268,42571,42571
32269,42571,42571
32270,42571,42571
32271,42571,42571
32272,42571,42571
32273,42571,42571
32274,42571,42571
32275,42571,42571
32276,42571,42571
32277,42571,42571
32278,42571,42571
32279,42571,42571
32280,42571,42571
32281,42571,42571
32282,42571,42571
32283,42571,42571
32284,42571,42571
32285,42571,42571
32286,42571,42571
32287,42571,42571
32288,42571,42571
32289,42571,42571
32290,42571,42571
32291,42571,42571
32292,42572,42572
32293,42572,42572
32294,42572,42572
32295,42572,42572
32296,42572,42572
32297,42572,42572
32298,42572,42572
32299,42572,42572
32300,42572,42572
32301,42572,42572
32302,42572,42572
32303,42572,42572
32304,42572,42572
32305,42572,42572
32306,42572,42572
32307,42572,42572
32308,42572,42572
32309,42572,42572
32310,42572,42572
32311,42572,42572
32312,42572,42572
32313,42572,42572
32314,42572,42572
32315,42572,42572
32316,42572,42572
32317,42572,42572
32318,42572,42572
32319,42572,42572
32320,42572,42572
32321,42572,42572
32322,42572,42572
32323,42572,42572
32324,42572,42572
32325,42572,42572
32326,42572,42572
32327,42572,42572
32328,42572,42572
32329,42572,42572
32330,42572,42572
32331,42572,42572
32332,42572,42572
32333,42572,42572
32334,42572,42572
32335,42572,42572
32336,42572,42572
32337,42572,42572
32338,42572,42572
32339,42572,42572
32340,42572,42572
32341,42572,42572
32342,42572,42572
32343,42572,42572
32344,42572,42572
32345,42572,42572
32346,42572,42572
32347,42572,42572
32348,42572,42572
32349,42572,42572
32350,42572,42572
32351,42572,42572
32352,42572,42572
32353,42572,42572
32354,42572,42572
32355,42572,42572
32356,42572,42572
32357,42572,42572
32358,42572,42572
32359,42572,42572
32360,42572,42572
32361,42572,42572
32362,42572,42572
32363,42572,42572
32364,42572,42572
32365,42572,42572
32366,42572,42572
32367,42572,42572
32368,42572,42572
32369,42572,42572
32370,42572,42572
32371,42572,42572
32372,42572,42572
32373,42572,42572
32374,42572,42572
32375,42572,42572
32376,42572,42572
32377,42572,42572
32378,42572,42572
32379,42572,42572
32380,42572,42572
32381,42572,42572
32382,42572,42572
32383,42572,42572
32384,42572,42572
32385,42572,42572
32386,42572,42572
32387,42572,42572
32388,42572,42572
32389,42572,42572
32390,42572,42572
32391,42572,42572
32392,42572,42572
32393,42572,42572
32394,42572,42572
32395,42572,42572
32396,42572,42572
32397,42572,42572
32398,42572,42572
32399,42572,42572
32400,42572,42572
32401,42572,42572
32402,42572,42572
32403,42572,42572
32404,42572,42572
32405,42572,42572
32406,42572,42572
32407,42572,42572
32408,42572,42572
32409,42572,42572
32410,42572,42572
32411,42572,42572
32412,42572,42572
32413,42572,42572
32414,42572,42572
32415,42572,42572
32416,42572,42572
32417,42572,42572
32418,42572,42572
32419,42572,42572
32420,42572,42572
32421,42572,42572
32422,42572,42572
32423,42572,42572
32424,42572,42572
32425,42572,42572
32426,42572,42572
32427,42572,42572
32428,42572,42572
32429,42572,42572
32430,42572,42572
32431,42572,42572
32432,42572,42572
32433,42572,42572
32434,42572,42572
32435,42572,42572
32436,42572,42572
32437,42572,42572
32438,42572,42572
32439,42572,42572
32440,42572,42572
32441,42572,42572
32442,42572,42572
32443,42572,42572
32444,42572,42572
32445,42572,42572
32446,42572,42572
32447,42572,42572
32448,42572,42572
32449,42572,42572
32450,42572,42572
32451,42572,42572
32452,42572,42572
32453,42572,42572
32454,42572,42572
32455,42572,42572
32456,42572,42572
32457,42572,42572
32458,42572,42572
32459,42572,42572
32460,42572,42572
32461,42572,42572
32462,42572,42572
32463,42572,42572
32464,42572,42572
32465,42572,42572
32466,42572,42572
32467,42572,42572
32468,42572,42572
32469,42572,42572
32470,42572,42572
32471,42572,42572
32472,42572,42572
32473,42572,42572
32474,42572,42572
32475,42572,42572
32476,42572,42572
32477,42572,42572
32478,42572,42572
32479,42572,42572
32480,42572,42572
32481,42572,42572
32482,42572,42572
32483,42572,42572
32484,42572,42572
32485,42572,42572
32486,42572,42572
32487,42572,42572
32488,42572,42572
32489,42572,42572
32490,42572,42572
32491,42572,42572
32492,42572,42572
32493,42572,42572
32494,42572,42572
32495,42572,42572
32496,42572,42572
32497,42572,42572
32498,42572,42572
32499,42573,42573
32500,42573,42573
32501,42573,42573
32502,42573,42573
32503,42573,42573
32504,42573,42573
32505,42573,42573
32506,42573,42573
32507,42573,42573
32508,42573,42573
32509,42573,42573
32510,42573,42573
32511,42573,42573
32512,42573,42573
32513,42573,42573
32514,42573,42573
32515,42573,42573
32516,42573,42573
32517,42573,42573
32518,42573,42573
32519,42573,42573
32520,42573,42573
32521,42573,42573
32522,42573,42573
32523,42573,42573
32524,42573,42573
32525,42573,42573
32526,42573,42573
32527,42573,42573
32528,42573,42573
32529,42573,42573
32530,42573,42573
32531,42573,42573
32532,42573,42573
32533,42573,42573
32534,42573,42573
32535,42573,42573
32536,42573,42573
32537,42573,42573
32538,42573,42573
32539,42573,42573
32540,42573,42573
32541,42573,42573
32542,42573,42573
32543,42573,42573
32544,42573,42573
32545,42573,42573
32546,42573,42573
32547,42573,42573
32548,42573,42573
32549,42573,42573
32550,42573,42573
32551,42573,42573
32552,42573,42573
32553,42573,42573
32554,42573,42573
32555,42573,42573
32556,42573,42573
32557,42573,42573
32558,42573,42573
32559,42573,42573
32560,42573,42573
32561,42573,42573
32562,42573,42573
32563,42573,42573
32564,42573,42573
32565,42573,42573
32566,42573,42573
32567,42573,42573
32568,42573,42573
32569,42573,42573
32570,42573,42573
32571,42573,42573
32572,42573,42573
32573,42573,42573
32574,42573,42573
32575,42573,42573
32576,42573,42573
32577,42573,42573
32578,42573,42573
32579,42573,42573
32580,42573,42573
32581,42573,42573
32582,42573,42573
32583,42573,42573
32584,42573,42573
32585,42573,42573
32586,42573,42573
32587,42573,42573
32588,42573,42573
32589,42573,42573
32590,42573,42573
32591,42573,42573
32592,42573,42573
32593,42573,42573
32594,42573,42573
32595,42573,42573
32596,42573,42573
32597,42573,42573
32598,42573,42573
32599,42573,42573
32600,42573,42573
32601,42573,42573
32602,42573,42573
32603,42573,42573
32604,42573,42573
32605,42573,42573
32606,42573,42573
32607,42573,42573
32608,42573,42573
32609,42573,42573
32610,42573,42573
32611,42573,42573
32612,42573,42573
32613,42573,42573
32614,42573,42573
32615,42573,42573
32616,42573,42573
32617,42573,42573
32618,42573,42573
32619,42573,42573
32620,42573,42573
32621,42573,42573
32622,42573,42573
32623,42573,42573
32624,42573,42573
32625,42573,42573
32626,42573,42573
32627,42573,42573
32628,42573,42573
32629,42573,42573
32630,42573,42573
32631,42573,42573
32632,42573,42573
32633,42573,42573
32634,42573,42573
32635,42573,42573
32636,42573,42573
32637,42573,42573
32638,42573,42573
32639,42573,42573
32640,42573,42573
32641,42573,42573
32642,42573,42573
32643,42573,42573
32644,42573,42573
32645,42573,42573
32646,42573,42573
32647,42573,42573
32648,42573,42573
32649,42573,42573
32650,42573,42573
32651,42573,42573
32652,42573,42573
32653,42573,42573
32654,42573,42573
32655,42573,42573
32656,42573,42573
32657,42573,42573
32658,42573,42573
32659,42573,42573
32660,42573,42573
32661,42573,42573
32662,42573,42573
32663,42573,42573
32664,42573,42573
32665,42573,42573
32666,42573,42573
32667,42573,42573
32668,42573,42573
32669,42573,42573
32670,42573,42573
32671,42573,42573
32672,42573,42573
32673,42573,42573
32674,42573,42573
32675,42573,42573
32676,42573,42573
32677,42573,42573
32678,42573,42573
32679,42573,42573
32680,42573,42573
32681,42573,42573
32682,42573,42573
32683,42573,42573
32684,42573,42573
32685,42573,42573
32686,42573,42573
32687,42573,42573
32688,42573,42573
32689,42573,42573
32690,42573,42573
32691,42573,42573
32692,42573,42573
32693,42573,42573
32694,42573,42573
32695,42573,42573
32696,42573,42573
32697,42573,42573
32698,42573,42573
32699,42573,42573
32700,42573,42573
32701,42573,42573
32702,42573,42573
32703,42573,42573
32704,42573,42573
32705,42573,42573
32706,42574,42574
32707,42574,42574
32708,42574,42574
32709,42574,42574
32710,42574,42574
32711,42574,42574
32712,42574,42574
32713,42574,42574
32714,42574,42574
32715,42574,42574
32716,42574,42574
32717,42574,42574
32718,42574,42574
32719,42574,42574
32720,42574,42574
32721,42574,42574
32722,42574,42574
32723,42574,42574
32724,42574,42574
32725,42574,42574
32726,42574,42574
32727,42574,42574
32728,42574,42574
32729,42574,42574
32730,42574,42574
32731,42574,42574
32732,42574,42574
32733,42574,42574
32734,42574,42574
32735,42574,42574
32736,42574,42574
32737,42574,42574
32738,42574,42574
32739,42574,42574
32740,42574,42574
32741,42574,42574
32742,42574,42574
32743,42574,42574
32744,42574,42574
32745,42574,42574
32746,42574,42574
32747,42574,42574
32748,42574,42574
32749,42574,42574
32750,42574,42574
32751,42574,42574
32752,42574,42574
32753,42574,42574
32754,42574,42574
32755,42574,42574
32756,42574,42574
32757,42574,42574
32758,42574,42574
32759,42574,42574
32760,42574,42574
32761,42574,42574
32762,42574,42574
32763,42574,42574
32764,42574,42574
32765,42574,42574
32766,42574,42574
32767,42574,42574
32768,42574,42574
32769,42574,42574
32770,42574,42574
32771,42574,42574
32772,42574,42574
32773,42574,42574
32774,42574,42574
32775,42574,42574
32776,42574,42574
32777,42574,42574
32778,42574,42574
32779,42574,42574
32780,42574,42574
32781,42574,42574
32782,42574,42574
32783,42574,42574
32784,42574,42574
32785,42574,42574
32786,42574,42574
32787,42574,42574
32788,42574,42574
32789,42574,42574
32790,42574,42574
32791,42574,42574
32792,42574,42574
32793,42574,42574
32794,42574,42574
32795,42574,42574
32796,42574,42574
32797,42574,42574
32798,42574,42574
32799,42574,42574
32800,42574,42574
32801,42574,42574
32802,42574,42574
32803,42574,42574
32804,42574,42574
32805,42574,42574
32806,42574,42574
32807,42574,42574
32808,42574,42574
32809,42574,42574
32810,42574,42574
32811,42574,42574
32812,42574,42574
32813,42574,42574
32814,42574,42574
32815,42574,42574
32816,42574,42574
32817,42574,42574
32818,42574,42574
32819,42574,42574
32820,42574,42574
32821,42574,42574
32822,42574,42574
32823,42574,42574
32824,42574,42574
32825,42574,42574
32826,42574,42574
32827,42574,42574
32828,42574,42574
32829,42574,42574
32830,42574,42574
32831,42574,42574
32832,42574,42574
32833,42574,42574
32834,42574,42574
32835,42574,42574
32836,42574,42574
32837,42574,42574
32838,42574,42574
32839,42574,42574
32840,42574,42574
32841,42574,42574
32842,42574,42574
32843,42574,42574
32844,42574,42574
32845,42574,42574
32846,42574,42574
32847,42574,42574
32848,42574,42574
32849,42574,42574
32850,42574,42574
32851,42574,42574
32852,42574,42574
32853,42574,42574
32854,42574,42574
32855,42574,42574
32856,42574,42574
32857,42574,42574
32858,42574,42574
32859,42574,42574
32860,42574,42574
32861,42574,42574
32862,42574,42574
32863,42574,42574
32864,42574,42574
32865,42574,42574
32866,42574,42574
32867,42574,42574
32868,42574,42574
32869,42574,42574
32870,42574,42574
32871,42574,42574
32872,42574,42574
32873,42574,42574
32874,42574,42574
32875,42574,42574
32876,42574,42574
32877,42574,42574
32878,42574,42574
32879,42574,42574
32880,42574,42574
32881,42574,42574
32882,42574,42574
32883,42574,42574
32884,42574,42574
32885,42574,42574
32886,42574,42574
32887,42574,42574
32888,42574,42574
32889,42574,42574
32890,42574,42574
32891,42574,42574
32892,42574,42574
32893,42574,42574
32894,42574,42574
32895,42574,42574
32896,42574,42574
32897,42574,42574
32898,42574,42574
32899,42574,42574
32900,42574,42574
32901,42574,42574
32902,42574,42574
32903,42574,42574
32904,42574,42574
32905,42574,42574
32906,42574,42574
32907,42574,42574
32908,42574,42574
32909,42574,42574
32910,42574,42574
32911,42574,42574
32912,42574,42574
32913,42575,42575
32914,42575,42575
32915,42575,42575
32916,42575,42575
32917,42575,42575
32918,42575,42575
32919,42575,42575
32920,42575,42575
32921,42575,42575
32922,42575,42575
32923,42575,42575
32924,42575,42575
32925,42575,42575
32926,42575,42575
32927,42575,42575
32928,42575,42575
32929,42575,42575
32930,42575,42575
32931,42575,42575
32932,42575,42575
32933,42575,42575
32934,42575,42575
32935,42575,42575
32936,42575,42575
32937,42575,42575
32938,42575,42575
32939,42575,42575
32940,42575,42575
32941,42575,42575
32942,42575,42575
32943,42575,42575
32944,42575,42575
32945,42575,42575
32946,42575,42575
32947,42575,42575
32948,42575,42575
32949,42575,42575
32950,42575,42575
32951,42575,42575
32952,42575,42575
32953,42575,42575
32954,42575,42575
32955,42575,42575
32956,42575,42575
32957,42575,42575
32958,42575,42575
32959,42575,42575
32960,42575,42575
32961,42575,42575
32962,42575,42575
32963,42575,42575
32964,42575,42575
32965,42575,42575
32966,42575,42575
32967,42575,42575
32968,42575,42575
32969,42575,42575
32970,42575,42575
32971,42575,42575
32972,42575,42575
32973,42575,42575
32974,42575,42575
32975,42575,42575
32976,42575,42575
32977,42575,42575
32978,42575,42575
32979,42575,42575
32980,42575,42575
32981,42575,42575
32982,42575,42575
32983,42575,42575
32984,42575,42575
32985,42575,42575
32986,42575,42575
32987,42575,42575
32988,42575,42575
32989,42575,42575
32990,42575,42575
32991,42575,42575
32992,42575,42575
32993,42575,42575
32994,42575,42575
32995,42575,42575
32996,42575,42575
32997,42575,42575
32998,42575,42575
32999,42575,42575
33000,42575,42575
33001,42575,42575
33002,42575,42575
33003,42575,42575
33004,42575,42575
33005,42575,42575
33006,42575,42575
33007,42575,42575
33008,42575,42575
33009,42575,42575
33010,42575,42575
33011,42575,42575
33012,42575,42575
33013,42575,42575
33014,42575,42575
33015,42575,42575
33016,42575,42575
33017,42575,42575
33018,42575,42575
33019,42575,42575
33020,42575,42575
33021,42575,42575
33022,42575,42575
33023,42575,42575
33024,42575,42575
33025,42575,42575
33026,42575,42575
33027,42575,42575
33028,42575,42575
33029,42575,42575
33030,42575,42575
33031,42575,42575
33032,42575,42575
33033,42575,42575
33034,42575,42575
33035,42575,42575
33036,42575,42575
33037,42575,42575
33038,42575,42575
33039,42575,42575
33040,42575,42575
33041,42575,42575
33042,42575,42575
33043,42575,42575
33044,42575,42575
33045,42575,42575
33046,42575,42575
33047,42575,42575
33048,42575,42575
33049,42575,42575
33050,42575,42575
33051,42575,42575
33052,42575,42575
33053,42575,42575
33054,42575,42575
33055,42575,42575
33056,42575,42575
33057,42575,42575
33058,42575,42575
33059,42575,42575
33060,42575,42575
33061,42575,42575
33062,42575,42575
33063,42575,42575
33064,42575,42575
33065,42575,42575
33066,42575,42575
33067,42575,42575
33068,42575,42575
33069,42575,42575
33070,42575,42575
33071,42575,42575
33072,42575,42575
33073,42575,42575
33074,42575,42575
33075,42575,42575
33076,42575,42575
33077,42575,42575
33078,42575,42575
33079,42575,42575
33080,42575,42575
33081,42575,42575
33082,42575,42575
33083,42575,42575
33084,42575,42575
33085,42575,42575
33086,42575,42575
33087,42575,42575
33088,42575,42575
33089,42575,42575
33090,42575,42575
33091,42575,42575
33092,42575,42575
33093,42575,42575
33094,42575,42575
33095,42575,42575
33096,42575,42575
33097,42575,42575
33098,42575,42575
33099,42575,42575
33100,42575,42575
33101,42575,42575
33102,42575,42575
33103,42575,42575
33104,42575,42575
33105,42575,42575
33106,42575,42575
33107,42575,42575
33108,42575,42575
33109,42575,42575
33110,42575,42575
33111,42575,42575
33112,42575,42575
33113,42575,42575
33114,42575,42575
33115,42575,42575
33116,42575,42575
33117,42575,42575
33118,42575,42575
33119,42575,42575
33120,42576,42576
33121,42576,42576
33122,42576,42576
33123,42576,42576
33124,42576,42576
33125,42576,42576
33126,42576,42576
33127,42576,42576
33128,42576,42576
33129,42576,42576
33130,42576,42576
33131,42576,42576
33132,42576,42576
33133,42576,42576
33134,42576,42576
33135,42576,42576
33136,42576,42576
33137,42576,42576
33138,42576,42576
33139,42576,42576
33140,42576,42576
33141,42576,42576
33142,42576,42576
33143,42576,42576
33144,42576,42576
33145,42576,42576
33146,42576,42576
33147,42576,42576
33148,42576,42576
33149,42576,42576
33150,42576,42576
33151,42576,42576
33152,42576,42576
33153,42576,42576
33154,42576,42576
33155,42576,42576
33156,42576,42576
33157,42576,42576
33158,42576,42576
33159,42576,42576
33160,42576,42576
33161,42576,42576
33162,42576,42576
33163,42576,42576
33164,42576,42576
33165,42576,42576
33166,42576,42576
33167,42576,42576
33168,42576,42576
33169,42576,42576
33170,42576,42576
33171,42576,42576
33172,42576,42576
33173,42576,42576
33174,42576,42576
33175,42576,42576
33176,42576,42576
33177,42576,42576
33178,42576,42576
33179,42576,42576
33180,42576,42576
33181,42576,42576
33182,42576,42576
33183,42576,42576
33184,42576,42576
33185,42576,42576
33186,42576,42576
33187,42576,42576
33188,42576,42576
33189,42576,42576
33190,42576,42576
33191,42576,42576
33192,42576,42576
33193,42576,42576
33194,42576,42576
33195,42576,42576
33196,42576,42576
33197,42576,42576
33198,42576,42576
33199,42576,42576
33200,42576,42576
33201,42576,42576
33202,42576,42576
33203,42576,42576
33204,42576,42576
33205,42576,42576
33206,42576,42576
33207,42576,42576
33208,42576,42576
33209,42576,42576
33210,42576,42576
33211,42576,42576
33212,42576,42576
33213,42576,42576
33214,42576,42576
33215,42576,42576
33216,42576,42576
33217,42576,42576
33218,42576,42576
33219,42576,42576
33220,42576,42576
33221,42576,42576
33222,42576,42576
33223,42576,42576
33224,42576,42576
33225,42576,42576
33226,42576,42576
33227,42576,42576
33228,42576,42576
33229,42576,42576
33230,42576,42576
33231,42576,42576
33232,42576,42576
33233,42576,42576
33234,42576,42576
33235,42576,42576
33236,42576,42576
33237,42576,42576
33238,42576,42576
33239,42576,42576
33240,42576,42576
33241,42576,42576
33242,42576,42576
33243,42576,42576
33244,42576,42576
33245,42576,42576
33246,42576,42576
33247,42576,42576
33248,42576,42576
33249,42576,42576
33250,42576,42576
33251,42576,42576
33252,42576,42576
33253,42576,42576
33254,42576,42576
33255,42576,42576
33256,42576,42576
33257,42576,42576
33258,42576,42576
33259,42576,42576
33260,42576,42576
33261,42576,42576
33262,42576,42576
33263,42576,42576
33264,42576,42576
33265,42576,42576
33266,42576,42576
33267,42576,42576
33268,42576,42576
33269,42576,42576
33270,42576,42576
33271,42576,42576
33272,42576,42576
33273,42576,42576
33274,42576,42576
33275,42576,42576
33276,42576,42576
33277,42576,42576
33278,42576,42576
33279,42576,42576
33280,42576,42576
33281,42576,42576
33282,42576,42576
33283,42576,42576
33284,42576,42576
33285,42576,42576
33286,42576,42576
33287,42576,42576
33288,42576,42576
33289,42576,42576
33290,42576,42576
33291,42576,42576
33292,42576,42576
33293,42576,42576
33294,42576,42576
33295,42576,42576
33296,42576,42576
33297,42576,42576
33298,42576,42576
33299,42576,42576
33300,42576,42576
33301,42576,42576
33302,42576,42576
33303,42576,42576
33304,42576,42576
33305,42576,42576
33306,42576,42576
33307,42576,42576
33308,42576,42576
33309,42576,42576
33310,42576,42576
33311,42576,42576
33312,42576,42576
33313,42576,42576
33314,42576,42576
33315,42576,42576
33316,42576,42576
33317,42576,42576
33318,42576,42576
33319,42576,42576
33320,42576,42576
33321,42576,42576
33322,42576,42576
33323,42576,42576
33324,42576,42576
33325,42576,42576
33326,42576,42576
33327,42577,42577
33328,42577,42577
33329,42577,42577
33330,42577,42577
33331,42577,42577
33332,42577,42577
33333,42577,42577
33334,42577,42577
33335,42577,42577
33336,42577,42577
33337,42577,42577
33338,42577,42577
33339,42577,42577
33340,42577,42577
33341,42577,42577
33342,42577,42577
33343,42577,42577
33344,42577,42577
33345,42577,42577
33346,42577,42577
33347,42577,42577
33348,42577,42577
33349,42577,42577
33350,42577,42577
33351,42577,42577
33352,42577,42577
33353,42577,42577
33354,42577,42577
33355,42577,42577
33356,42577,42577
33357,42577,42577
33358,42577,42577
33359,42577,42577
33360,42577,42577
33361,42577,42577
33362,42577,42577
33363,42577,42577
33364,42577,42577
33365,42577,42577
33366,42577,42577
33367,42577,42577
33368,42577,42577
33369,42577,42577
33370,42577,42577
33371,42577,42577
33372,42577,42577
33373,42577,42577
33374,42577,42577
33375,42577,42577
33376,42577,42577
33377,42577,42577
33378,42577,42577
33379,42577,42577
33380,42577,42577
33381,42577,42577
33382,42577,42577
33383,42577,42577
33384,42577,42577
33385,42577,42577
33386,42577,42577
33387,42577,42577
33388,42577,42577
33389,42577,42577
33390,42577,42577
33391,42577,42577
33392,42577,42577
33393,42577,42577
33394,42577,42577
33395,42577,42577
33396,42577,42577
33397,42577,42577
33398,42577,42577
33399,42577,42577
33400,42577,42577
33401,42577,42577
33402,42577,42577
33403,42577,42577
33404,42577,42577
33405,42577,42577
33406,42577,42577
33407,42577,42577
33408,42577,42577
33409,42577,42577
33410,42577,42577
33411,42577,42577
33412,42577,42577
33413,42577,42577
33414,42577,42577
33415,42577,42577
33416,42577,42577
33417,42577,42577
33418,42577,42577
33419,42577,42577
33420,42577,42577
33421,42577,42577
33422,42577,42577
33423,42577,42577
33424,42577,42577
33425,42577,42577
33426,42577,42577
33427,42577,42577
33428,42577,42577
33429,42577,42577
33430,42577,42577
33431,42577,42577
33432,42577,42577
33433,42577,42577
33434,42577,42577
33435,42577,42577
33436,42577,42577
33437,42577,42577
33438,42577,42577
33439,42577,42577
33440,42577,42577
33441,42577,42577
33442,42577,42577
33443,42577,42577
33444,42577,42577
33445,42577,42577
33446,42577,42577
33447,42577,42577
33448,42577,42577
33449,42577,42577
33450,42577,42577
33451,42577,42577
33452,42577,42577
33453,42577,42577
33454,42577,42577
33455,42577,42577
33456,42577,42577
33457,42577,42577
33458,42577,42577
33459,42577,42577
33460,42577,42577
33461,42577,42577
33462,42577,42577
33463,42577,42577
33464,42577,42577
33465,42577,42577
33466,42577,42577
33467,42577,42577
33468,42577,42577
33469,42577,42577
33470,42577,42577
33471,42577,42577
33472,42577,42577
33473,42577,42577
33474,42577,42577
33475,42577,42577
33476,42577,42577
33477,42577,42577
33478,42577,42577
33479,42577,42577
33480,42577,42577
33481,42577,42577
33482,42577,42577
33483,42577,42577
33484,42577,42577
33485,42577,42577
33486,42577,42577
33487,42577,42577
33488,42577,42577
33489,42577,42577
33490,42577,42577
33491,42577,42577
33492,42577,42577
33493,42577,42577
33494,42577,42577
33495,42577,42577
33496,42577,42577
33497,42577,42577
33498,42577,42577
33499,42577,42577
33500,42577,42577
33501,42577,42577
33502,42577,42577
33503,42577,42577
33504,42577,42577
33505,42577,42577
33506,42577,42577
33507,42577,42577
33508,42577,42577
33509,42577,42577
33510,42577,42577
33511,42577,42577
33512,42577,42577
33513,42577,42577
33514,42577,42577
33515,42577,42577
33516,42577,42577
33517,42577,42577
33518,42577,42577
33519,42577,42577
33520,42577,42577
33521,42577,42577
33522,42577,42577
33523,42577,42577
33524,42577,42577
33525,42577,42577
33526,42577,42577
33527,42577,42577
33528,42577,42577
33529,42577,42577
33530,42577,42577
33531,42577,42577
33532,42577,42577
33533,42577,42577
33534,42578,42578
33535,42578,42578
33536,42578,42578
33537,42578,42578
33538,42578,42578
33539,42578,42578
33540,42578,42578
33541,42578,42578
33542,42578,42578
33543,42578,42578
33544,42578,42578
33545,42578,42578
33546,42578,42578
33547,42578,42578
33548,42578,42578
33549,42578,42578
33550,42578,42578
33551,42578,42578
33552,42578,42578
33553,42578,42578
33554,42578,42578
33555,42578,42578
33556,42578,42578
33557,42578,42578
33558,42578,42578
33559,42578,42578
33560,42578,42578
33561,42578,42578
33562,42578,42578
33563,42578,42578
33564,42578,42578
33565,42578,42578
33566,42578,42578
33567,42578,42578
33568,42578,42578
33569,42578,42578
33570,42578,42578
33571,42578,42578
33572,42578,42578
33573,42578,42578
33574,42578,42578
33575,42578,42578
33576,42578,42578
33577,42578,42578
33578,42578,42578
33579,42578,42578
33580,42578,42578
33581,42578,42578
33582,42578,42578
33583,42578,42578
33584,42578,42578
33585,42578,42578
33586,42578,42578
33587,42578,42578
33588,42578,42578
33589,42578,42578
33590,42578,42578
33591,42578,42578
33592,42578,42578
33593,42578,42578
33594,42578,42578
33595,42578,42578
33596,42578,42578
33597,42578,42578
33598,42578,42578
33599,42578,42578
33600,42578,42578
33601,42578,42578
33602,42578,42578
33603,42578,42578
33604,42578,42578
33605,42578,42578
33606,42578,42578
33607,42578,42578
33608,42578,42578
33609,42578,42578
33610,42578,42578
33611,42578,42578
33612,42578,42578
33613,42578,42578
33614,42578,42578
33615,42578,42578
33616,42578,42578
33617,42578,42578
33618,42578,42578
33619,42578,42578
33620,42578,42578
33621,42578,42578
33622,42578,42578
33623,42578,42578
33624,42578,42578
33625,42578,42578
33626,42578,42578
33627,42578,42578
33628,42578,42578
33629,42578,42578
33630,42578,42578
33631,42578,42578
33632,42578,42578
33633,42578,42578
33634,42578,42578
33635,42578,42578
33636,42578,42578
33637,42578,42578
33638,42578,42578
33639,42578,42578
33640,42578,42578
33641,42578,42578
33642,42578,42578
33643,42578,42578
33644,42578,42578
33645,42578,42578
33646,42578,42578
33647,42578,42578
33648,42578,42578
33649,42578,42578
33650,42578,42578
33651,42578,42578
33652,42578,42578
33653,42578,42578
33654,42578,42578
33655,42578,42578
33656,42578,42578
33657,42578,42578
33658,42578,42578
33659,42578,42578
33660,42578,42578
33661,42578,42578
33662,42578,42578
33663,42578,42578
33664,42578,42578
33665,42578,42578
33666,42578,42578
33667,42578,42578
33668,42578,42578
33669,42578,42578
33670,42578,42578
33671,42578,42578
33672,42578,42578
33673,42578,42578
33674,42578,42578
33675,42578,42578
33676,42578,42578
33677,42578,42578
33678,42578,42578
33679,42578,42578
33680,42578,42578
33681,42578,42578
33682,42578,42578
33683,42578,42578
33684,42578,42578
33685,42578,42578
33686,42578,42578
33687,42578,42578
33688,42578,42578
33689,42578,42578
33690,42578,42578
33691,42578,42578
33692,42578,42578
33693,42578,42578
33694,42578,42578
33695,42578,42578
33696,42578,42578
33697,42578,42578
33698,42578,42578
33699,42578,42578
33700,42578,42578
33701,42578,42578
33702,42578,42578
33703,42578,42578
33704,42578,42578
33705,42578,42578
33706,42578,42578
33707,42578,42578
33708,42578,42578
33709,42578,42578
33710,42578,42578
33711,42578,42578
33712,42578,42578
33713,42578,42578
33714,42578,42578
33715,42578,42578
33716,42578,42578
33717,42578,42578
33718,42578,42578
33719,42578,42578
33720,42578,42578
33721,42578,42578
33722,42578,42578
33723,42578,42578
33724,42578,42578
33725,42578,42578
33726,42578,42578
33727,42578,42578
33728,42578,42578
33729,42578,42578
33730,42578,42578
33731,42578,42578
33732,42578,42578
33733,42578,42578
33734,42578,42578
33735,42578,42578
33736,42578,42578
33737,42578,42578
33738,42578,42578
33739,42578,42578
33740,42578,42578
33741,42579,42579
33742,42579,42579
33743,42579,42579
33744,42579,42579
33745,42579,42579
33746,42579,42579
33747,42579,42579
33748,42579,42579
33749,42579,42579
33750,42579,42579
33751,42579,42579
33752,42579,42579
33753,42579,42579
33754,42579,42579
33755,42579,42579
33756,42579,42579
33757,42579,42579
33758,42579,42579
33759,42579,42579
33760,42579,42579
33761,42579,42579
33762,42579,42579
33763,42579,42579
33764,42579,42579
33765,42579,42579
33766,42579,42579
33767,42579,42579
33768,42579,42579
33769,42579,42579
33770,42579,42579
33771,42579,42579
33772,42579,42579
33773,42579,42579
33774,42579,42579
33775,42579,42579
33776,42579,42579
33777,42579,42579
33778,42579,42579
33779,42579,42579
33780,42579,42579
33781,42579,42579
33782,42579,42579
33783,42579,42579
33784,42579,42579
33785,42579,42579
33786,42579,42579
33787,42579,42579
33788,42579,42579
33789,42579,42579
33790,42579,42579
33791,42579,42579
33792,42579,42579
33793,42579,42579
33794,42579,42579
33795,42579,42579
33796,42579,42579
33797,42579,42579
33798,42579,42579
33799,42579,42579
33800,42579,42579
33801,42579,42579
33802,42579,42579
33803,42579,42579
33804,42579,42579
33805,42579,42579
33806,42579,42579
33807,42579,42579
33808,42579,42579
33809,42579,42579
33810,42579,42579
33811,42579,42579
33812,42579,42579
33813,42579,42579
33814,42579,42579
33815,42579,42579
33816,42579,42579
33817,42579,42579
33818,42579,42579
33819,42579,42579
33820,42579,42579
33821,42579,42579
33822,42579,42579
33823,42579,42579
33824,42579,42579
33825,42579,42579
33826,42579,42579
33827,42579,42579
33828,42579,42579
33829,42579,42579
33830,42579,42579
33831,42579,42579
33832,42579,42579
33833,42579,42579
33834,42579,42579
33835,42579,42579
33836,42579,42579
33837,42579,42579
33838,42579,42579
33839,42579,42579
33840,42579,42579
33841,42579,42579
33842,42579,42579
33843,42579,42579
33844,42579,42579
33845,42579,42579
33846,42579,42579
33847,42579,42579
33848,42579,42579
33849,42579,42579
33850,42579,42579
33851,42579,42579
33852,42579,42579
33853,42579,42579
33854,42579,42579
33855,42579,42579
33856,42579,42579
33857,42579,42579
33858,42579,42579
33859,42579,42579
33860,42579,42579
33861,42579,42579
33862,42579,42579
33863,42579,42579
33864,42579,42579
33865,42579,42579
33866,42579,42579
33867,42579,42579
33868,42579,42579
33869,42579,42579
33870,42579,42579
33871,42579,42579
33872,42579,42579
33873,42579,42579
33874,42579,42579
33875,42579,42579
33876,42579,42579
33877,42579,42579
33878,42579,42579
33879,42579,42579
33880,42579,42579
33881,42579,42579
33882,42579,42579
33883,42579,42579
33884,42579,42579
33885,42579,42579
33886,42579,42579
33887,42579,42579
33888,42579,42579
33889,42579,42579
33890,42579,42579
33891,42579,42579
33892,42579,42579
33893,42579,42579
33894,42579,42579
33895,42579,42579
33896,42579,42579
33897,42579,42579
33898,42579,42579
33899,42579,42579
33900,42579,42579
33901,42579,42579
33902,42579,42579
33903,42579,42579
33904,42579,42579
33905,42579,42579
33906,42579,42579
33907,42579,42579
33908,42579,42579
33909,42579,42579
33910,42579,42579
33911,42579,42579
33912,42579,42579
33913,42579,42579
33914,42579,42579
33915,42579,42579
33916,42579,42579
33917,42579,42579
33918,42579,42579
33919,42579,42579
33920,42579,42579
33921,42579,42579
33922,42579,42579
33923,42579,42579
33924,42579,42579
33925,42579,42579
33926,42579,42579
33927,42579,42579
33928,42579,42579
33929,42579,42579
33930,42579,42579
33931,42579,42579
33932,42579,42579
33933,42579,42579
33934,42579,42579
33935,42579,42579
33936,42579,42579
33937,42579,42579
33938,42579,42579
33939,42579,42579
33940,42579,42579
33941,42579,42579
33942,42579,42579
33943,42579,42579
33944,42579,42579
33945,42579,42579
33946,42579,42579
33947,42579,42579
33948,42580,42580
33949,42580,42580
33950,42580,42580
33951,42580,42580
33952,42580,42580
33953,42580,42580
33954,42580,42580
33955,42580,42580
33956,42580,42580
33957,42580,42580
33958,42580,42580
33959,42580,42580
33960,42580,42580
33961,42580,42580
33962,42580,42580
33963,42580,42580
33964,42580,42580
33965,42580,42580
33966,42580,42580
33967,42580,42580
33968,42580,42580
33969,42580,42580
33970,42580,42580
33971,42580,42580
33972,42580,42580
33973,42580,42580
33974,42580,42580
33975,42580,42580
33976,42580,42580
33977,42580,42580
33978,42580,42580
33979,42580,42580
33980,42580,42580
33981,42580,42580
33982,42580,42580
33983,42580,42580
33984,42580,42580
33985,42580,42580
33986,42580,42580
33987,42580,42580
33988,42580,42580
33989,42580,42580
33990,42580,42580
33991,42580,42580
33992,42580,42580
33993,42580,42580
33994,42580,42580
33995,42580,42580
33996,42580,42580
33997,42580,42580
33998,42580,42580
33999,42580,42580
34000,42580,42580
34001,42580,42580
34002,42580,42580
34003,42580,42580
34004,42580,42580
34005,42580,42580
34006,42580,42580
34007,42580,42580
34008,42580,42580
34009,42580,42580
34010,42580,42580
34011,42580,42580
34012,42580,42580
34013,42580,42580
34014,42580,42580
34015,42580,42580
34016,42580,42580
34017,42580,42580
34018,42580,42580
34019,42580,42580
34020,42580,42580
34021,42580,42580
34022,42580,42580
34023,42580,42580
34024,42580,42580
34025,42580,42580
34026,42580,42580
34027,42580,42580
34028,42580,42580
34029,42580,42580
34030,42580,42580
34031,42580,42580
34032,42580,42580
34033,42580,42580
34034,42580,42580
34035,42580,42580
34036,42580,42580
34037,42580,42580
34038,42580,42580
34039,42580,42580
34040,42580,42580
34041,42580,42580
34042,42580,42580
34043,42580,42580
34044,42580,42580
34045,42580,42580
34046,42580,42580
34047,42580,42580
34048,42580,42580
34049,42580,42580
34050,42580,42580
34051,42580,42580
34052,42580,42580
34053,42580,42580
34054,42580,42580
34055,42580,42580
34056,42580,42580
34057,42580,42580
34058,42580,42580
34059,42580,42580
34060,42580,42580
34061,42580,42580
34062,42580,42580
34063,42580,42580
34064,42580,42580
34065,42580,42580
34066,42580,42580
34067,42580,42580
34068,42580,42580
34069,42580,42580
34070,42580,42580
34071,42580,42580
34072,42580,42580
34073,42580,42580
34074,42580,42580
34075,42580,42580
34076,42580,42580
34077,42580,42580
34078,42580,42580
34079,42580,42580
34080,42580,42580
34081,42580,42580
34082,42580,42580
34083,42580,42580
34084,42580,42580
34085,42580,42580
34086,42580,42580
34087,42580,42580
34088,42580,42580
34089,42580,42580
34090,42580,42580
34091,42580,42580
34092,42580,42580
34093,42580,42580
34094,42580,42580
34095,42580,42580
34096,42580,42580
34097,42580,42580
34098,42580,42580
34099,42580,42580
34100,42580,42580
34101,42580,42580
34102,42580,42580
34103,42580,42580
34104,42580,42580
34105,42580,42580
34106,42580,42580
34107,42580,42580
34108,42580,42580
34109,42580,42580
34110,42580,42580
34111,42580,42580
34112,42580,42580
34113,42580,42580
34114,42580,42580
34115,42580,42580
34116,42580,42580
34117,42580,42580
34118,42580,42580
34119,42580,42580
34120,42580,42580
34121,42580,42580
34122,42580,42580
34123,42580,42580
34124,42580,42580
34125,42580,42580
34126,42580,42580
34127,42580,42580
34128,42580,42580
34129,42580,42580
34130,42580,42580
34131,42580,42580
34132,42580,42580
34133,42580,42580
34134,42580,42580
34135,42580,42580
34136,42580,42580
34137,42580,42580
34138,42580,42580
34139,42580,42580
34140,42580,42580
34141,42580,42580
34142,42580,42580
34143,42580,42580
34144,42580,42580
34145,42580,42580
34146,42580,42580
34147,42580,42580
34148,42580,42580
34149,42580,42580
34150,42580,42580
34151,42580,42580
34152,42580,42580
34153,42580,42580
34154,42580,42580
34155,42581,42581
34156,42581,42581
34157,42581,42581
34158,42581,42581
34159,42581,42581
34160,42581,42581
34161,42581,42581
34162,42581,42581
34163,42581,42581
34164,42581,42581
34165,42581,42581
34166,42581,42581
34167,42581,42581
34168,42581,42581
34169,42581,42581
34170,42581,42581
34171,42581,42581
34172,42581,42581
34173,42581,42581
34174,42581,42581
34175,42581,42581
34176,42581,42581
34177,42581,42581
34178,42581,42581
34179,42581,42581
34180,42581,42581
34181,42581,42581
34182,42581,42581
34183,42581,42581
34184,42581,42581
34185,42581,42581
34186,42581,42581
34187,42581,42581
34188,42581,42581
34189,42581,42581
34190,42581,42581
34191,42581,42581
34192,42581,42581
34193,42581,42581
34194,42581,42581
34195,42581,42581
34196,42581,42581
34197,42581,42581
34198,42581,42581
34199,42581,42581
34200,42581,42581
34201,42581,42581
34202,42581,42581
34203,42581,42581
34204,42581,42581
34205,42581,42581
34206,42581,42581
34207,42581,42581
34208,42581,42581
34209,42581,42581
34210,42581,42581
34211,42581,42581
34212,42581,42581
34213,42581,42581
34214,42581,42581
34215,42581,42581
34216,42581,42581
34217,42581,42581
34218,42581,42581
34219,42581,42581
34220,42581,42581
34221,42581,42581
34222,42581,42581
34223,42581,42581
34224,42581,42581
34225,42581,42581
34226,42581,42581
34227,42581,42581
34228,42581,42581
34229,42581,42581
34230,42581,42581
34231,42581,42581
34232,42581,42581
34233,42581,42581
34234,42581,42581
34235,42581,42581
34236,42581,42581
34237,42581,42581
34238,42581,42581
34239,42581,42581
34240,42581,42581
34241,42581,42581
34242,42581,42581
34243,42581,42581
34244,42581,42581
34245,42581,42581
34246,42581,42581
34247,42581,42581
34248,42581,42581
34249,42581,42581
34250,42581,42581
34251,42581,42581
34252,42581,42581
34253,42581,42581
34254,42581,42581
34255,42581,42581
34256,42581,42581
34257,42581,42581
34258,42581,42581
34259,42581,42581
34260,42581,42581
34261,42581,42581
34262,42581,42581
34263,42581,42581
34264,42581,42581
34265,42581,42581
34266,42581,42581
34267,42581,42581
34268,42581,42581
34269,42581,42581
34270,42581,42581
34271,42581,42581
34272,42581,42581
34273,42581,42581
34274,42581,42581
34275,42581,42581
34276,42581,42581
34277,42581,42581
34278,42581,42581
34279,42581,42581
34280,42581,42581
34281,42581,42581
34282,42581,42581
34283,42581,42581
34284,42581,42581
34285,42581,42581
34286,42581,42581
34287,42581,42581
34288,42581,42581
34289,42581,42581
34290,42581,42581
34291,42581,42581
34292,42581,42581
34293,42581,42581
34294,42581,42581
34295,42581,42581
34296,42581,42581
34297,42581,42581
34298,42581,42581
34299,42581,42581
34300,42581,42581
34301,42581,42581
34302,42581,42581
34303,42581,42581
34304,42581,42581
34305,42581,42581
34306,42581,42581
34307,42581,42581
34308,42581,42581
34309,42581,42581
34310,42581,42581
34311,42581,42581
34312,42581,42581
34313,42581,42581
34314,42581,42581
34315,42581,42581
34316,42581,42581
34317,42581,42581
34318,42581,42581
34319,42581,42581
34320,42581,42581
34321,42581,42581
34322,42581,42581
34323,42581,42581
34324,42581,42581
34325,42581,42581
34326,42581,42581
34327,42581,42581
34328,42581,42581
34329,42581,42581
34330,42581,42581
34331,42581,42581
34332,42581,42581
34333,42581,42581
34334,42581,42581
34335,42581,42581
34336,42581,42581
34337,42581,42581
34338,42581,42581
34339,42581,42581
34340,42581,42581
34341,42581,42581
34342,42581,42581
34343,42581,42581
34344,42581,42581
34345,42581,42581
34346,42581,42581
34347,42581,42581
34348,42581,42581
34349,42581,42581
34350,42581,42581
34351,42581,42581
34352,42581,42581
34353,42581,42581
34354,42581,42581
34355,42581,42581
34356,42581,42581
34357,42581,42581
34358,42581,42581
34359,42581,42581
34360,42581,42581
34361,42581,42581
34362,42582,42582
34363,42582,42582
34364,42582,42582
34365,42582,42582
34366,42582,42582
34367,42582,42582
34368,42582,42582
34369,42582,42582
34370,42582,42582
34371,42582,42582
34372,42582,42582
34373,42582,42582
34374,42582,42582
34375,42582,42582
34376,42582,42582
34377,42582,42582
34378,42582,42582
34379,42582,42582
34380,42582,42582
34381,42582,42582
34382,42582,42582
34383,42582,42582
34384,42582,42582
34385,42582,42582
34386,42582,42582
34387,42582,42582
34388,42582,42582
34389,42582,42582
34390,42582,42582
34391,42582,42582
34392,42582,42582
34393,42582,42582
34394,42582,42582
34395,42582,42582
34396,42582,42582
34397,42582,42582
34398,42582,42582
34399,42582,42582
34400,42582,42582
34401,42582,42582
34402,42582,42582
34403,42582,42582
34404,42582,42582
34405,42582,42582
34406,42582,42582
34407,42582,42582
34408,42582,42582
34409,42582,42582
34410,42582,42582
34411,42582,42582
34412,42582,42582
34413,42582,42582
34414,42582,42582
34415,42582,42582
34416,42582,42582
34417,42582,42582
34418,42582,42582
34419,42582,42582
34420,42582,42582
34421,42582,42582
34422,42582,42582
34423,42582,42582
34424,42582,42582
34425,42582,42582
34426,42582,42582
34427,42582,42582
34428,42582,42582
34429,42582,42582
34430,42582,42582
34431,42582,42582
34432,42582,42582
34433,42582,42582
34434,42582,42582
34435,42582,42582
34436,42582,42582
34437,42582,42582
34438,42582,42582
34439,42582,42582
34440,42582,42582
34441,42582,42582
34442,42582,42582
34443,42582,42582
34444,42582,42582
34445,42582,42582
34446,42582,42582
34447,42582,42582
34448,42582,42582
34449,42582,42582
34450,42582,42582
34451,42582,42582
34452,42582,42582
34453,42582,42582
34454,42582,42582
34455,42582,42582
34456,42582,42582
34457,42582,42582
34458,42582,42582
34459,42582,42582
34460,42582,42582
34461,42582,42582
34462,42582,42582
34463,42582,42582
34464,42582,42582
34465,42582,42582
34466,42582,42582
34467,42582,42582
34468,42582,42582
34469,42582,42582
34470,42582,42582
34471,42582,42582
34472,42582,42582
34473,42582,42582
34474,42582,42582
34475,42582,42582
34476,42582,42582
34477,42582,42582
34478,42582,42582
34479,42582,42582
34480,42582,42582
34481,42582,42582
34482,42582,42582
34483,42582,42582
34484,42582,42582
34485,42582,42582
34486,42582,42582
34487,42582,42582
34488,42582,42582
34489,42582,42582
34490,42582,42582
34491,42582,42582
34492,42582,42582
34493,42582,42582
34494,42582,42582
34495,42582,42582
34496,42582,42582
34497,42582,42582
34498,42582,42582
34499,42582,42582
34500,42582,42582
34501,42582,42582
34502,42582,42582
34503,42582,42582
34504,42582,42582
34505,42582,42582
34506,42582,42582
34507,42582,42582
34508,42582,42582
34509,42582,42582
34510,42582,42582
34511,42582,42582
34512,42582,42582
34513,42582,42582
34514,42582,42582
34515,42582,42582
34516,42582,42582
34517,42582,42582
34518,42582,42582
34519,42582,42582
34520,42582,42582
34521,42582,42582
34522,42582,42582
34523,42582,42582
34524,42582,42582
34525,42582,42582
34526,42582,42582
34527,42582,42582
34528,42582,42582
34529,42582,42582
34530,42582,42582
34531,42582,42582
34532,42582,42582
34533,42582,42582
34534,42582,42582
34535,42582,42582
34536,42582,42582
34537,42582,42582
34538,42582,42582
34539,42582,42582
34540,42582,42582
34541,42582,42582
34542,42582,42582
34543,42582,42582
34544,42582,42582
34545,42582,42582
34546,42582,42582
34547,42582,42582
34548,42582,42582
34549,42582,42582
34550,42582,42582
34551,42582,42582
34552,42582,42582
34553,42582,42582
34554,42582,42582
34555,42582,42582
34556,42582,42582
34557,42582,42582
34558,42582,42582
34559,42582,42582
34560,42582,42582
34561,42582,42582
34562,42582,42582
34563,42582,42582
34564,42582,42582
34565,42582,42582
34566,42582,42582
34567,42582,42582
34568,42582,42582
34569,42583,42583
34570,42583,42583
34571,42583,42583
34572,42583,42583
34573,42583,42583
34574,42583,42583
34575,42583,42583
34576,42583,42583
34577,42583,42583
34578,42583,42583
34579,42583,42583
34580,42583,42583
34581,42583,42583
34582,42583,42583
34583,42583,42583
34584,42583,42583
34585,42583,42583
34586,42583,42583
34587,42583,42583
34588,42583,42583
34589,42583,42583
34590,42583,42583
34591,42583,42583
34592,42583,42583
34593,42583,42583
34594,42583,42583
34595,42583,42583
34596,42583,42583
34597,42583,42583
34598,42583,42583
34599,42583,42583
34600,42583,42583
34601,42583,42583
34602,42583,42583
34603,42583,42583
34604,42583,42583
34605,42583,42583
34606,42583,42583
34607,42583,42583
34608,42583,42583
34609,42583,42583
34610,42583,42583
34611,42583,42583
34612,42583,42583
34613,42583,42583
34614,42583,42583
34615,42583,42583
34616,42583,42583
34617,42583,42583
34618,42583,42583
34619,42583,42583
34620,42583,42583
34621,42583,42583
34622,42583,42583
34623,42583,42583
34624,42583,42583
34625,42583,42583
34626,42583,42583
34627,42583,42583
34628,42583,42583
34629,42583,42583
34630,42583,42583
34631,42583,42583
34632,42583,42583
34633,42583,42583
34634,42583,42583
34635,42583,42583
34636,42583,42583
34637,42583,42583
34638,42583,42583
34639,42583,42583
34640,42583,42583
34641,42583,42583
34642,42583,42583
34643,42583,42583
34644,42583,42583
34645,42583,42583
34646,42583,42583
34647,42583,42583
34648,42583,42583
34649,42583,42583
34650,42583,42583
34651,42583,42583
34652,42583,42583
34653,42583,42583
34654,42583,42583
34655,42583,42583
34656,42583,42583
34657,42583,42583
34658,42583,42583
34659,42583,42583
34660,42583,42583
34661,42583,42583
34662,42583,42583
34663,42583,42583
34664,42583,42583
34665,42583,42583
34666,42583,42583
34667,42583,42583
34668,42583,42583
34669,42583,42583
34670,42583,42583
34671,42583,42583
34672,42583,42583
34673,42583,42583
34674,42583,42583
34675,42583,42583
34676,42583,42583
34677,42583,42583
34678,42583,42583
34679,42583,42583
34680,42583,42583
34681,42583,42583
34682,42583,42583
34683,42583,42583
34684,42583,42583
34685,42583,42583
34686,42583,42583
34687,42583,42583
34688,42583,42583
34689,42583,42583
34690,42583,42583
34691,42583,42583
34692,42583,42583
34693,42583,42583
34694,42583,42583
34695,42583,42583
34696,42583,42583
34697,42583,42583
34698,42583,42583
34699,42583,42583
34700,42583,42583
34701,42583,42583
34702,42583,42583
34703,42583,42583
34704,42583,42583
34705,42583,42583
34706,42583,42583
34707,42583,42583
34708,42583,42583
34709,42583,42583
34710,42583,42583
34711,42583,42583
34712,42583,42583
34713,42583,42583
34714,42583,42583
34715,42583,42583
34716,42583,42583
34717,42583,42583
34718,42583,42583
34719,42583,42583
34720,42583,42583
34721,42583,42583
34722,42583,42583
34723,42583,42583
34724,42583,42583
34725,42583,42583
34726,42583,42583
34727,42583,42583
34728,42583,42583
34729,42583,42583
34730,42583,42583
34731,42583,42583
34732,42583,42583
34733,42583,42583
34734,42583,42583
34735,42583,42583
34736,42583,42583
34737,42583,42583
34738,42583,42583
34739,42583,42583
34740,42583,42583
34741,42583,42583
34742,42583,42583
34743,42583,42583
34744,42583,42583
34745,42583,42583
34746,42583,42583
34747,42583,42583
34748,42583,42583
34749,42583,42583
34750,42583,42583
34751,42583,42583
34752,42583,42583
34753,42583,42583
34754,42583,42583
34755,42583,42583
34756,42583,42583
34757,42583,42583
34758,42583,42583
34759,42583,42583
34760,42583,42583
34761,42583,42583
34762,42583,42583
34763,42583,42583
34764,42583,42583
34765,42583,42583
34766,42583,42583
34767,42583,42583
34768,42583,42583
34769,42583,42583
34770,42583,42583
34771,42583,42583
34772,42583,42583
34773,42583,42583
34774,42583,42583
34775,42583,42583
34776,42584,42584
34777,42584,42584
34778,42584,42584
34779,42584,42584
34780,42584,42584
34781,42584,42584
34782,42584,42584
34783,42584,42584
34784,42584,42584
34785,42584,42584
34786,42584,42584
34787,42584,42584
34788,42584,42584
34789,42584,42584
34790,42584,42584
34791,42584,42584
34792,42584,42584
34793,42584,42584
34794,42584,42584
34795,42584,42584
34796,42584,42584
34797,42584,42584
34798,42584,42584
34799,42584,42584
34800,42584,42584
34801,42584,42584
34802,42584,42584
34803,42584,42584
34804,42584,42584
34805,42584,42584
34806,42584,42584
34807,42584,42584
34808,42584,42584
34809,42584,42584
34810,42584,42584
34811,42584,42584
34812,42584,42584
34813,42584,42584
34814,42584,42584
34815,42584,42584
34816,42584,42584
34817,42584,42584
34818,42584,42584
34819,42584,42584
34820,42584,42584
34821,42584,42584
34822,42584,42584
34823,42584,42584
34824,42584,42584
34825,42584,42584
34826,42584,42584
34827,42584,42584
34828,42584,42584
34829,42584,42584
34830,42584,42584
34831,42584,42584
34832,42584,42584
34833,42584,42584
34834,42584,42584
34835,42584,42584
34836,42584,42584
34837,42584,42584
34838,42584,42584
34839,42584,42584
34840,42584,42584
34841,42584,42584
34842,42584,42584
34843,42584,42584
34844,42584,42584
34845,42584,42584
34846,42584,42584
34847,42584,42584
34848,42584,42584
34849,42584,42584
34850,42584,42584
34851,42584,42584
34852,42584,42584
34853,42584,42584
34854,42584,42584
34855,42584,42584
34856,42584,42584
34857,42584,42584
34858,42584,42584
34859,42584,42584
34860,42584,42584
34861,42584,42584
34862,42584,42584
34863,42584,42584
34864,42584,42584
34865,42584,42584
34866,42584,42584
34867,42584,42584
34868,42584,42584
34869,42584,42584
34870,42584,42584
34871,42584,42584
34872,42584,42584
34873,42584,42584
34874,42584,42584
34875,42584,42584
34876,42584,42584
34877,42584,42584
34878,42584,42584
34879,42584,42584
34880,42584,42584
34881,42584,42584
34882,42584,42584
34883,42584,42584
34884,42584,42584
34885,42584,42584
34886,42584,42584
34887,42584,42584
34888,42584,42584
34889,42584,42584
34890,42584,42584
34891,42584,42584
34892,42584,42584
34893,42584,42584
34894,42584,42584
34895,42584,42584
34896,42584,42584
34897,42584,42584
34898,42584,42584
34899,42584,42584
34900,42584,42584
34901,42584,42584
34902,42584,42584
34903,42584,42584
34904,42584,42584
34905,42584,42584
34906,42584,42584
34907,42584,42584
34908,42584,42584
34909,42584,42584
34910,42584,42584
34911,42584,42584
34912,42584,42584
34913,42584,42584
34914,42584,42584
34915,42584,42584
34916,42584,42584
34917,42584,42584
34918,42584,42584
34919,42584,42584
34920,42584,42584
34921,42584,42584
34922,42584,42584
34923,42584,42584
34924,42584,42584
34925,42584,42584
34926,42584,42584
34927,42584,42584
34928,42584,42584
34929,42584,42584
34930,42584,42584
34931,42584,42584
34932,42584,42584
34933,42584,42584
34934,42584,42584
34935,42584,42584
34936,42584,42584
34937,42584,42584
34938,42584,42584
34939,42584,42584
34940,42584,42584
34941,42584,42584
34942,42584,42584
34943,42584,42584
34944,42584,42584
34945,42584,42584
34946,42584,42584
34947,42584,42584
34948,42584,42584
34949,42584,42584
34950,42584,42584
34951,42584,42584
34952,42584,42584
34953,42584,42584
34954,42584,42584
34955,42584,42584
34956,42584,42584
34957,42584,42584
34958,42584,42584
34959,42584,42584
34960,42584,42584
34961,42584,42584
34962,42584,42584
34963,42584,42584
34964,42584,42584
34965,42584,42584
34966,42584,42584
34967,42584,42584
34968,42584,42584
34969,42584,42584
34970,42584,42584
34971,42584,42584
34972,42584,42584
34973,42584,42584
34974,42584,42584
34975,42584,42584
34976,42584,42584
34977,42584,42584
34978,42584,42584
34979,42584,42584
34980,42584,42584
34981,42584,42584
34982,42584,42584
34983,42585,42585
34984,42585,42585
34985,42585,42585
34986,42585,42585
34987,42585,42585
34988,42585,42585
34989,42585,42585
34990,42585,42585
34991,42585,42585
34992,42585,42585
34993,42585,42585
34994,42585,42585
34995,42585,42585
34996,42585,42585
34997,42585,42585
34998,42585,42585
34999,42585,42585
35000,42585,42585
35001,42585,42585
35002,42585,42585
35003,42585,42585
35004,42585,42585
35005,42585,42585
35006,42585,42585
35007,42585,42585
35008,42585,42585
35009,42585,42585
35010,42585,42585
35011,42585,42585
35012,42585,42585
35013,42585,42585
35014,42585,42585
35015,42585,42585
35016,42585,42585
35017,42585,42585
35018,42585,42585
35019,42585,42585
35020,42585,42585
35021,42585,42585
35022,42585,42585
35023,42585,42585
35024,42585,42585
35025,42585,42585
35026,42585,42585
35027,42585,42585
35028,42585,42585
35029,42585,42585
35030,42585,42585
35031,42585,42585
35032,42585,42585
35033,42585,42585
35034,42585,42585
35035,42585,42585
35036,42585,42585
35037,42585,42585
35038,42585,42585
35039,42585,42585
35040,42585,42585
35041,42585,42585
35042,42585,42585
35043,42585,42585
35044,42585,42585
35045,42585,42585
35046,42585,42585
35047,42585,42585
35048,42585,42585
35049,42585,42585
35050,42585,42585
35051,42585,42585
35052,42585,42585
35053,42585,42585
35054,42585,42585
35055,42585,42585
35056,42585,42585
35057,42585,42585
35058,42585,42585
35059,42585,42585
35060,42585,42585
35061,42585,42585
35062,42585,42585
35063,42585,42585
35064,42585,42585
35065,42585,42585
35066,42585,42585
35067,42585,42585
35068,42585,42585
35069,42585,42585
35070,42585,42585
35071,42585,42585
35072,42585,42585
35073,42585,42585
35074,42585,42585
35075,42585,42585
35076,42585,42585
35077,42585,42585
35078,42585,42585
35079,42585,42585
35080,42585,42585
35081,42585,42585
35082,42585,42585
35083,42585,42585
35084,42585,42585
35085,42585,42585
35086,42585,42585
35087,42585,42585
35088,42585,42585
35089,42585,42585
35090,42585,42585
35091,42585,42585
35092,42585,42585
35093,42585,42585
35094,42585,42585
35095,42585,42585
35096,42585,42585
35097,42585,42585
35098,42585,42585
35099,42585,42585
35100,42585,42585
35101,42585,42585
35102,42585,42585
35103,42585,42585
35104,42585,42585
35105,42585,42585
35106,42585,42585
35107,42585,42585
35108,42585,42585
35109,42585,42585
35110,42585,42585
35111,42585,42585
35112,42585,42585
35113,42585,42585
35114,42585,42585
35115,42585,42585
35116,42585,42585
35117,42585,42585
35118,42585,42585
35119,42585,42585
35120,42585,42585
35121,42585,42585
35122,42585,42585
35123,42585,42585
35124,42585,42585
35125,42585,42585
35126,42585,42585
35127,42585,42585
35128,42585,42585
35129,42585,42585
35130,42585,42585
35131,42585,42585
35132,42585,42585
35133,42585,42585
35134,42585,42585
35135,42585,42585
35136,42585,42585
35137,42585,42585
35138,42585,42585
35139,42585,42585
35140,42585,42585
35141,42585,42585
35142,42585,42585
35143,42585,42585
35144,42585,42585
35145,42585,42585
35146,42585,42585
35147,42585,42585
35148,42585,42585
35149,42585,42585
35150,42585,42585
35151,42585,42585
35152,42585,42585
35153,42585,42585
35154,42585,42585
35155,42585,42585
35156,42585,42585
35157,42585,42585
35158,42585,42585
35159,42585,42585
35160,42585,42585
35161,42585,42585
35162,42585,42585
35163,42585,42585
35164,42585,42585
35165,42585,42585
35166,42585,42585
35167,42585,42585
35168,42585,42585
35169,42585,42585
35170,42585,42585
35171,42585,42585
35172,42585,42585
35173,42585,42585
35174,42585,42585
35175,42585,42585
35176,42585,42585
35177,42585,42585
35178,42585,42585
35179,42585,42585
35180,42585,42585
35181,42585,42585
35182,42585,42585
35183,42585,42585
35184,42585,42585
35185,42585,42585
35186,42585,42585
35187,42585,42585
35188,42585,42585
35189,42585,42585
35190,42586,42586
35191,42586,42586
35192,42586,42586
35193,42586,42586
35194,42586,42586
35195,42586,42586
35196,42586,42586
35197,42586,42586
35198,42586,42586
35199,42586,42586
35200,42586,42586
35201,42586,42586
35202,42586,42586
35203,42586,42586
35204,42586,42586
35205,42586,42586
35206,42586,42586
35207,42586,42586
35208,42586,42586
35209,42586,42586
35210,42586,42586
35211,42586,42586
35212,42586,42586
35213,42586,42586
35214,42586,42586
35215,42586,42586
35216,42586,42586
35217,42586,42586
35218,42586,42586
35219,42586,42586
35220,42586,42586
35221,42586,42586
35222,42586,42586
35223,42586,42586
35224,42586,42586
35225,42586,42586
35226,42586,42586
35227,42586,42586
35228,42586,42586
35229,42586,42586
35230,42586,42586
35231,42586,42586
35232,42586,42586
35233,42586,42586
35234,42586,42586
35235,42586,42586
35236,42586,42586
35237,42586,42586
35238,42586,42586
35239,42586,42586
35240,42586,42586
35241,42586,42586
35242,42586,42586
35243,42586,42586
35244,42586,42586
35245,42586,42586
35246,42586,42586
35247,42586,42586
35248,42586,42586
35249,42586,42586
35250,42586,42586
35251,42586,42586
35252,42586,42586
35253,42586,42586
35254,42586,42586
35255,42586,42586
35256,42586,42586
35257,42586,42586
35258,42586,42586
35259,42586,42586
35260,42586,42586
35261,42586,42586
35262,42586,42586
35263,42586,42586
35264,42586,42586
35265,42586,42586
35266,42586,42586
35267,42586,42586
35268,42586,42586
35269,42586,42586
35270,42586,42586
35271,42586,42586
35272,42586,42586
35273,42586,42586
35274,42586,42586
35275,42586,42586
35276,42586,42586
35277,42586,42586
35278,42586,42586
35279,42586,42586
35280,42586,42586
35281,42586,42586
35282,42586,42586
35283,42586,42586
35284,42586,42586
35285,42586,42586
35286,42586,42586
35287,42586,42586
35288,42586,42586
35289,42586,42586
35290,42586,42586
35291,42586,42586
35292,42586,42586
35293,42586,42586
35294,42586,42586
35295,42586,42586
35296,42586,42586
35297,42586,42586
35298,42586,42586
35299,42586,42586
35300,42586,42586
35301,42586,42586
35302,42586,42586
35303,42586,42586
35304,42586,42586
35305,42586,42586
35306,42586,42586
35307,42586,42586
35308,42586,42586
35309,42586,42586
35310,42586,42586
35311,42586,42586
35312,42586,42586
35313,42586,42586
35314,42586,42586
35315,42586,42586
35316,42586,42586
35317,42586,42586
35318,42586,42586
35319,42586,42586
35320,42586,42586
35321,42586,42586
35322,42586,42586
35323,42586,42586
35324,42586,42586
35325,42586,42586
35326,42586,42586
35327,42586,42586
35328,42586,42586
35329,42586,42586
35330,42586,42586
35331,42586,42586
35332,42586,42586
35333,42586,42586
35334,42586,42586
35335,42586,42586
35336,42586,42586
35337,42586,42586
35338,42586,42586
35339,42586,42586
35340,42586,42586
35341,42586,42586
35342,42586,42586
35343,42586,42586
35344,42586,42586
35345,42586,42586
35346,42586,42586
35347,42586,42586
35348,42586,42586
35349,42586,42586
35350,42586,42586
35351,42586,42586
35352,42586,42586
35353,42586,42586
35354,42586,42586
35355,42586,42586
35356,42586,42586
35357,42586,42586
35358,42586,42586
35359,42586,42586
35360,42586,42586
35361,42586,42586
35362,42586,42586
35363,42586,42586
35364,42586,42586
35365,42586,42586
35366,42586,42586
35367,42586,42586
35368,42586,42586
35369,42586,42586
35370,42586,42586
35371,42586,42586
35372,42586,42586
35373,42586,42586
35374,42586,42586
35375,42586,42586
35376,42586,42586
35377,42586,42586
35378,42586,42586
35379,42586,42586
35380,42586,42586
35381,42586,42586
35382,42586,42586
35383,42586,42586
35384,42586,42586
35385,42586,42586
35386,42586,42586
35387,42586,42586
35388,42586,42586
35389,42586,42586
35390,42586,42586
35391,42586,42586
35392,42586,42586
35393,42586,42586
35394,42586,42586
35395,42586,42586
35396,42586,42586
35397,42587,42587
35398,42587,42587
35399,42587,42587
35400,42587,42587
35401,42587,42587
35402,42587,42587
35403,42587,42587
35404,42587,42587
35405,42587,42587
35406,42587,42587
35407,42587,42587
35408,42587,42587
35409,42587,42587
35410,42587,42587
35411,42587,42587
35412,42587,42587
35413,42587,42587
35414,42587,42587
35415,42587,42587
35416,42587,42587
35417,42587,42587
35418,42587,42587
35419,42587,42587
35420,42587,42587
35421,42587,42587
35422,42587,42587
35423,42587,42587
35424,42587,42587
35425,42587,42587
35426,42587,42587
35427,42587,42587
35428,42587,42587
35429,42587,42587
35430,42587,42587
35431,42587,42587
35432,42587,42587
35433,42587,42587
35434,42587,42587
35435,42587,42587
35436,42587,42587
35437,42587,42587
35438,42587,42587
35439,42587,42587
35440,42587,42587
35441,42587,42587
35442,42587,42587
35443,42587,42587
35444,42587,42587
35445,42587,42587
35446,42587,42587
35447,42587,42587
35448,42587,42587
35449,42587,42587
35450,42587,42587
35451,42587,42587
35452,42587,42587
35453,42587,42587
35454,42587,42587
35455,42587,42587
35456,42587,42587
35457,42587,42587
35458,42587,42587
35459,42587,42587
35460,42587,42587
35461,42587,42587
35462,42587,42587
35463,42587,42587
35464,42587,42587
35465,42587,42587
35466,42587,42587
35467,42587,42587
35468,42587,42587
35469,42587,42587
35470,42587,42587
35471,42587,42587
35472,42587,42587
35473,42587,42587
35474,42587,42587
35475,42587,42587
35476,42587,42587
35477,42587,42587
35478,42587,42587
35479,42587,42587
35480,42587,42587
35481,42587,42587
35482,42587,42587
35483,42587,42587
35484,42587,42587
35485,42587,42587
35486,42587,42587
35487,42587,42587
35488,42587,42587
35489,42587,42587
35490,42587,42587
35491,42587,42587
35492,42587,42587
35493,42587,42587
35494,42587,42587
35495,42587,42587
35496,42587,42587
35497,42587,42587
35498,42587,42587
35499,42587,42587
35500,42587,42587
35501,42587,42587
35502,42587,42587
35503,42587,42587
35504,42587,42587
35505,42587,42587
35506,42587,42587
35507,42587,42587
35508,42587,42587
35509,42587,42587
35510,42587,42587
35511,42587,42587
35512,42587,42587
35513,42587,42587
35514,42587,42587
35515,42587,42587
35516,42587,42587
35517,42587,42587
35518,42587,42587
35519,42587,42587
35520,42587,42587
35521,42587,42587
35522,42587,42587
35523,42587,42587
35524,42587,42587
35525,42587,42587
35526,42587,42587
35527,42587,42587
35528,42587,42587
35529,42587,42587
35530,42587,42587
35531,42587,42587
35532,42587,42587
35533,42587,42587
35534,42587,42587
35535,42587,42587
35536,42587,42587
35537,42587,42587
35538,42587,42587
35539,42587,42587
35540,42587,42587
35541,42587,42587
35542,42587,42587
35543,42587,42587
35544,42587,42587
35545,42587,42587
35546,42587,42587
35547,42587,42587
35548,42587,42587
35549,42587,42587
35550,42587,42587
35551,42587,42587
35552,42587,42587
35553,42587,42587
35554,42587,42587
35555,42587,42587
35556,42587,42587
35557,42587,42587
35558,42587,42587
35559,42587,42587
35560,42587,42587
35561,42587,42587
35562,42587,42587
35563,42587,42587
35564,42587,42587
35565,42587,42587
35566,42587,42587
35567,42587,42587
35568,42587,42587
35569,42587,42587
35570,42587,42587
35571,42587,42587
35572,42587,42587
35573,42587,42587
35574,42587,42587
35575,42587,42587
35576,42587,42587
35577,42587,42587
35578,42587,42587
35579,42587,42587
35580,42587,42587
35581,42587,42587
35582,42587,42587
35583,42587,42587
35584,42587,42587
35585,42587,42587
35586,42587,42587
35587,42587,42587
35588,42587,42587
35589,42587,42587
35590,42587,42587
35591,42587,42587
35592,42587,42587
35593,42587,42587
35594,42587,42587
35595,42587,42587
35596,42587,42587
35597,42587,42587
35598,42587,42587
35599,42587,42587
35600,42587,42587
35601,42587,42587
35602,42587,42587
35603,42587,42587
35604,42588,42588
35605,42588,42588
35606,42588,42588
35607,42588,42588
35608,42588,42588
35609,42588,42588
35610,42588,42588
35611,42588,42588
35612,42588,42588
35613,42588,42588
35614,42588,42588
35615,42588,42588
35616,42588,42588
35617,42588,42588
35618,42588,42588
35619,42588,42588
35620,42588,42588
35621,42588,42588
35622,42588,42588
35623,42588,42588
35624,42588,42588
35625,42588,42588
35626,42588,42588
35627,42588,42588
35628,42588,42588
35629,42588,42588
35630,42588,42588
35631,42588,42588
35632,42588,42588
35633,42588,42588
35634,42588,42588
35635,42588,42588
35636,42588,42588
35637,42588,42588
35638,42588,42588
35639,42588,42588
35640,42588,42588
35641,42588,42588
35642,42588,42588
35643,42588,42588
35644,42588,42588
35645,42588,42588
35646,42588,42588
35647,42588,42588
35648,42588,42588
35649,42588,42588
35650,42588,42588
35651,42588,42588
35652,42588,42588
35653,42588,42588
35654,42588,42588
35655,42588,42588
35656,42588,42588
35657,42588,42588
35658,42588,42588
35659,42588,42588
35660,42588,42588
35661,42588,42588
35662,42588,42588
35663,42588,42588
35664,42588,42588
35665,42588,42588
35666,42588,42588
35667,42588,42588
35668,42588,42588
35669,42588,42588
35670,42588,42588
35671,42588,42588
35672,42588,42588
35673,42588,42588
35674,42588,42588
35675,42588,42588
35676,42588,42588
35677,42588,42588
35678,42588,42588
35679,42588,42588
35680,42588,42588
35681,42588,42588
35682,42588,42588
35683,42588,42588
35684,42588,42588
35685,42588,42588
35686,42588,42588
35687,42588,42588
35688,42588,42588
35689,42588,42588
35690,42588,42588
35691,42588,42588
35692,42588,42588
35693,42588,42588
35694,42588,42588
35695,42588,42588
35696,42588,42588
35697,42588,42588
35698,42588,42588
35699,42588,42588
35700,42588,42588
35701,42588,42588
35702,42588,42588
35703,42588,42588
35704,42588,42588
35705,42588,42588
35706,42588,42588
35707,42588,42588
35708,42588,42588
35709,42588,42588
35710,42588,42588
35711,42588,42588
35712,42588,42588
35713,42588,42588
35714,42588,42588
35715,42588,42588
35716,42588,42588
35717,42588,42588
35718,42588,42588
35719,42588,42588
35720,42588,42588
35721,42588,42588
35722,42588,42588
35723,42588,42588
35724,42588,42588
35725,42588,42588
35726,42588,42588
35727,42588,42588
35728,42588,42588
35729,42588,42588
35730,42588,42588
35731,42588,42588
35732,42588,42588
35733,42588,42588
35734,42588,42588
35735,42588,42588
35736,42588,42588
35737,42588,42588
35738,42588,42588
35739,42588,42588
35740,42588,42588
35741,42588,42588
35742,42588,42588
35743,42588,42588
35744,42588,42588
35745,42588,42588
35746,42588,42588
35747,42588,42588
35748,42588,42588
35749,42588,42588
35750,42588,42588
35751,42588,42588
35752,42588,42588
35753,42588,42588
35754,42588,42588
35755,42588,42588
35756,42588,42588
35757,42588,42588
35758,42588,42588
35759,42588,42588
35760,42588,42588
35761,42588,42588
35762,42588,42588
35763,42588,42588
35764,42588,42588
35765,42588,42588
35766,42588,42588
35767,42588,42588
35768,42588,42588
35769,42588,42588
35770,42588,42588
35771,42588,42588
35772,42588,42588
35773,42588,42588
35774,42588,42588
35775,42588,42588
35776,42588,42588
35777,42588,42588
35778,42588,42588
35779,42588,42588
35780,42588,42588
35781,42588,42588
35782,42588,42588
35783,42588,42588
35784,42588,42588
35785,42588,42588
35786,42588,42588
35787,42588,42588
35788,42588,42588
35789,42588,42588
35790,42588,42588
35791,42588,42588
35792,42588,42588
35793,42588,42588
35794,42588,42588
35795,42588,42588
35796,42588,42588
35797,42588,42588
35798,42588,42588
35799,42588,42588
35800,42588,42588
35801,42588,42588
35802,42588,42588
35803,42588,42588
35804,42588,42588
35805,42588,42588
35806,42588,42588
35807,42588,42588
35808,42588,42588
35809,42588,42588
35810,42588,42588
35811,42589,42589
35812,42589,42589
35813,42589,42589
35814,42589,42589
35815,42589,42589
35816,42589,42589
35817,42589,42589
35818,42589,42589
35819,42589,42589
35820,42589,42589
35821,42589,42589
35822,42589,42589
35823,42589,42589
35824,42589,42589
35825,42589,42589
35826,42589,42589
35827,42589,42589
35828,42589,42589
35829,42589,42589
35830,42589,42589
35831,42589,42589
35832,42589,42589
35833,42589,42589
35834,42589,42589
35835,42589,42589
35836,42589,42589
35837,42589,42589
35838,42589,42589
35839,42589,42589
35840,42589,42589
35841,42589,42589
35842,42589,42589
35843,42589,42589
35844,42589,42589
35845,42589,42589
35846,42589,42589
35847,42589,42589
35848,42589,42589
35849,42589,42589
35850,42589,42589
35851,42589,42589
35852,42589,42589
35853,42589,42589
35854,42589,42589
35855,42589,42589
35856,42589,42589
35857,42589,42589
35858,42589,42589
35859,42589,42589
35860,42589,42589
35861,42589,42589
35862,42589,42589
35863,42589,42589
35864,42589,42589
35865,42589,42589
35866,42589,42589
35867,42589,42589
35868,42589,42589
35869,42589,42589
35870,42589,42589
35871,42589,42589
35872,42589,42589
35873,42589,42589
35874,42589,42589
35875,42589,42589
35876,42589,42589
35877,42589,42589
35878,42589,42589
35879,42589,42589
35880,42589,42589
35881,42589,42589
35882,42589,42589
35883,42589,42589
35884,42589,42589
35885,42589,42589
35886,42589,42589
35887,42589,42589
35888,42589,42589
35889,42589,42589
35890,42589,42589
35891,42589,42589
35892,42589,42589
35893,42589,42589
35894,42589,42589
35895,42589,42589
35896,42589,42589
35897,42589,42589
35898,42589,42589
35899,42589,42589
35900,42589,42589
35901,42589,42589
35902,42589,42589
35903,42589,42589
35904,42589,42589
35905,42589,42589
35906,42589,42589
35907,42589,42589
35908,42589,42589
35909,42589,42589
35910,42589,42589
35911,42589,42589
35912,42589,42589
35913,42589,42589
35914,42589,42589
35915,42589,42589
35916,42589,42589
35917,42589,42589
35918,42589,42589
35919,42589,42589
35920,42589,42589
35921,42589,42589
35922,42589,42589
35923,42589,42589
35924,42589,42589
35925,42589,42589
35926,42589,42589
35927,42589,42589
35928,42589,42589
35929,42589,42589
35930,42589,42589
35931,42589,42589
35932,42589,42589
35933,42589,42589
35934,42589,42589
35935,42589,42589
35936,42589,42589
35937,42589,42589
35938,42589,42589
35939,42589,42589
35940,42589,42589
35941,42589,42589
35942,42589,42589
35943,42589,42589
35944,42589,42589
35945,42589,42589
35946,42589,42589
35947,42589,42589
35948,42589,42589
35949,42589,42589
35950,42589,42589
35951,42589,42589
35952,42589,42589
35953,42589,42589
35954,42589,42589
35955,42589,42589
35956,42589,42589
35957,42589,42589
35958,42589,42589
35959,42589,42589
35960,42589,42589
35961,42589,42589
35962,42589,42589
35963,42589,42589
35964,42589,42589
35965,42589,42589
35966,42589,42589
35967,42589,42589
35968,42589,42589
35969,42589,42589
35970,42589,42589
35971,42589,42589
35972,42589,42589
35973,42589,42589
35974,42589,42589
35975,42589,42589
35976,42589,42589
35977,42589,42589
35978,42589,42589
35979,42589,42589
35980,42589,42589
35981,42589,42589
35982,42589,42589
35983,42589,42589
35984,42589,42589
35985,42589,42589
35986,42589,42589
35987,42589,42589
35988,42589,42589
35989,42589,42589
35990,42589,42589
35991,42589,42589
35992,42589,42589
35993,42589,42589
35994,42589,42589
35995,42589,42589
35996,42589,42589
35997,42589,42589
35998,42589,42589
35999,42589,42589
36000,42589,42589
36001,42589,42589
36002,42589,42589
36003,42589,42589
36004,42589,42589
36005,42589,42589
36006,42589,42589
36007,42589,42589
36008,42589,42589
36009,42589,42589
36010,42589,42589
36011,42589,42589
36012,42589,42589
36013,42589,42589
36014,42589,42589
36015,42589,42589
36016,42589,42589
36017,42589,42589
36018,42590,42590
36019,42590,42590
36020,42590,42590
36021,42590,42590
36022,42590,42590
36023,42590,42590
36024,42590,42590
36025,42590,42590
36026,42590,42590
36027,42590,42590
36028,42590,42590
36029,42590,42590
36030,42590,42590
36031,42590,42590
36032,42590,42590
36033,42590,42590
36034,42590,42590
36035,42590,42590
36036,42590,42590
36037,42590,42590
36038,42590,42590
36039,42590,42590
36040,42590,42590
36041,42590,42590
36042,42590,42590
36043,42590,42590
36044,42590,42590
36045,42590,42590
36046,42590,42590
36047,42590,42590
36048,42590,42590
36049,42590,42590
36050,42590,42590
36051,42590,42590
36052,42590,42590
36053,42590,42590
36054,42590,42590
36055,42590,42590
36056,42590,42590
36057,42590,42590
36058,42590,42590
36059,42590,42590
36060,42590,42590
36061,42590,42590
36062,42590,42590
36063,42590,42590
36064,42590,42590
36065,42590,42590
36066,42590,42590
36067,42590,42590
36068,42590,42590
36069,42590,42590
36070,42590,42590
36071,42590,42590
36072,42590,42590
36073,42590,42590
36074,42590,42590
36075,42590,42590
36076,42590,42590
36077,42590,42590
36078,42590,42590
36079,42590,42590
36080,42590,42590
36081,42590,42590
36082,42590,42590
36083,42590,42590
36084,42590,42590
36085,42590,42590
36086,42590,42590
36087,42590,42590
36088,42590,42590
36089,42590,42590
36090,42590,42590
36091,42590,42590
36092,42590,42590
36093,42590,42590
36094,42590,42590
36095,42590,42590
36096,42590,42590
36097,42590,42590
36098,42590,42590
36099,42590,42590
36100,42590,42590
36101,42590,42590
36102,42590,42590
36103,42590,42590
36104,42590,42590
36105,42590,42590
36106,42590,42590
36107,42590,42590
36108,42590,42590
36109,42590,42590
36110,42590,42590
36111,42590,42590
36112,42590,42590
36113,42590,42590
36114,42590,42590
36115,42590,42590
36116,42590,42590
36117,42590,42590
36118,42590,42590
36119,42590,42590
36120,42590,42590
36121,42590,42590
36122,42590,42590
36123,42590,42590
36124,42590,42590
36125,42590,42590
36126,42590,42590
36127,42590,42590
36128,42590,42590
36129,42590,42590
36130,42590,42590
36131,42590,42590
36132,42590,42590
36133,42590,42590
36134,42590,42590
36135,42590,42590
36136,42590,42590
36137,42590,42590
36138,42590,42590
36139,42590,42590
36140,42590,42590
36141,42590,42590
36142,42590,42590
36143,42590,42590
36144,42590,42590
36145,42590,42590
36146,42590,42590
36147,42590,42590
36148,42590,42590
36149,42590,42590
36150,42590,42590
36151,42590,42590
36152,42590,42590
36153,42590,42590
36154,42590,42590
36155,42590,42590
36156,42590,42590
36157,42590,42590
36158,42590,42590
36159,42590,42590
36160,42590,42590
36161,42590,42590
36162,42590,42590
36163,42590,42590
36164,42590,42590
36165,42590,42590
36166,42590,42590
36167,42590,42590
36168,42590,42590
36169,42590,42590
36170,42590,42590
36171,42590,42590
36172,42590,42590
36173,42590,42590
36174,42590,42590
36175,42590,42590
36176,42590,42590
36177,42590,42590
36178,42590,42590
36179,42590,42590
36180,42590,42590
36181,42590,42590
36182,42590,42590
36183,42590,42590
36184,42590,42590
36185,42590,42590
36186,42590,42590
36187,42590,42590
36188,42590,42590
36189,42590,42590
36190,42590,42590
36191,42590,42590
36192,42590,42590
36193,42590,42590
36194,42590,42590
36195,42590,42590
36196,42590,42590
36197,42590,42590
36198,42590,42590
36199,42590,42590
36200,42590,42590
36201,42590,42590
36202,42590,42590
36203,42590,42590
36204,42590,42590
36205,42590,42590
36206,42590,42590
36207,42590,42590
36208,42590,42590
36209,42590,42590
36210,42590,42590
36211,42590,42590
36212,42590,42590
36213,42590,42590
36214,42590,42590
36215,42590,42590
36216,42590,42590
36217,42590,42590
36218,42590,42590
36219,42590,42590
36220,42590,42590
36221,42590,42590
36222,42590,42590
36223,42590,42590
36224,42590,42590
36225,42591,42591
36226,42591,42591
36227,42591,42591
36228,42591,42591
36229,42591,42591
36230,42591,42591
36231,42591,42591
36232,42591,42591
36233,42591,42591
36234,42591,42591
36235,42591,42591
36236,42591,42591
36237,42591,42591
36238,42591,42591
36239,42591,42591
36240,42591,42591
36241,42591,42591
36242,42591,42591
36243,42591,42591
36244,42591,42591
36245,42591,42591
36246,42591,42591
36247,42591,42591
36248,42591,42591
36249,42591,42591
36250,42591,42591
36251,42591,42591
36252,42591,42591
36253,42591,42591
36254,42591,42591
36255,42591,42591
36256,42591,42591
36257,42591,42591
36258,42591,42591
36259,42591,42591
36260,42591,42591
36261,42591,42591
36262,42591,42591
36263,42591,42591
36264,42591,42591
36265,42591,42591
36266,42591,42591
36267,42591,42591
36268,42591,42591
36269,42591,42591
36270,42591,42591
36271,42591,42591
36272,42591,42591
36273,42591,42591
36274,42591,42591
36275,42591,42591
36276,42591,42591
36277,42591,42591
36278,42591,42591
36279,42591,42591
36280,42591,42591
36281,42591,42591
36282,42591,42591
36283,42591,42591
36284,42591,42591
36285,42591,42591
36286,42591,42591
36287,42591,42591
36288,42591,42591
36289,42591,42591
36290,42591,42591
36291,42591,42591
36292,42591,42591
36293,42591,42591
36294,42591,42591
36295,42591,42591
36296,42591,42591
36297,42591,42591
36298,42591,42591
36299,42591,42591
36300,42591,42591
36301,42591,42591
36302,42591,42591
36303,42591,42591
36304,42591,42591
36305,42591,42591
36306,42591,42591
36307,42591,42591
36308,42591,42591
36309,42591,42591
36310,42591,42591
36311,42591,42591
36312,42591,42591
36313,42591,42591
36314,42591,42591
36315,42591,42591
36316,42591,42591
36317,42591,42591
36318,42591,42591
36319,42591,42591
36320,42591,42591
36321,42591,42591
36322,42591,42591
36323,42591,42591
36324,42591,42591
36325,42591,42591
36326,42591,42591
36327,42591,42591
36328,42591,42591
36329,42591,42591
36330,42591,42591
36331,42591,42591
36332,42591,42591
36333,42591,42591
36334,42591,42591
36335,42591,42591
36336,42591,42591
36337,42591,42591
36338,42591,42591
36339,42591,42591
36340,42591,42591
36341,42591,42591
36342,42591,42591
36343,42591,42591
36344,42591,42591
36345,42591,42591
36346,42591,42591
36347,42591,42591
36348,42591,42591
36349,42591,42591
36350,42591,42591
36351,42591,42591
36352,42591,42591
36353,42591,42591
36354,42591,42591
36355,42591,42591
36356,42591,42591
36357,42591,42591
36358,42591,42591
36359,42591,42591
36360,42591,42591
36361,42591,42591
36362,42591,42591
36363,42591,42591
36364,42591,42591
36365,42591,42591
36366,42591,42591
36367,42591,42591
36368,42591,42591
36369,42591,42591
36370,42591,42591
36371,42591,42591
36372,42591,42591
36373,42591,42591
36374,42591,42591
36375,42591,42591
36376,42591,42591
36377,42591,42591
36378,42591,42591
36379,42591,42591
36380,42591,42591
36381,42591,42591
36382,42591,42591
36383,42591,42591
36384,42591,42591
36385,42591,42591
36386,42591,42591
36387,42591,42591
36388,42591,42591
36389,42591,42591
36390,42591,42591
36391,42591,42591
36392,42591,42591
36393,42591,42591
36394,42591,42591
36395,42591,42591
36396,42591,42591
36397,42591,42591
36398,42591,42591
36399,42591,42591
36400,42591,42591
36401,42591,42591
36402,42591,42591
36403,42591,42591
36404,42591,42591
36405,42591,42591
36406,42591,42591
36407,42591,42591
36408,42591,42591
36409,42591,42591
36410,42591,42591
36411,42591,42591
36412,42591,42591
36413,42591,42591
36414,42591,42591
36415,42591,42591
36416,42591,42591
36417,42591,42591
36418,42591,42591
36419,42591,42591
36420,42591,42591
36421,42591,42591
36422,42591,42591
36423,42591,42591
36424,42591,42591
36425,42591,42591
36426,42591,42591
36427,42591,42591
36428,42591,42591
36429,42591,42591
36430,42591,42591
36431,42591,42591
36432,42592,42592
36433,42592,42592
36434,42592,42592
36435,42592,42592
36436,42592,42592
36437,42592,42592
36438,42592,42592
36439,42592,42592
36440,42592,42592
36441,42592,42592
36442,42592,42592
36443,42592,42592
36444,42592,42592
36445,42592,42592
36446,42592,42592
36447,42592,42592
36448,42592,42592
36449,42592,42592
36450,42592,42592
36451,42592,42592
36452,42592,42592
36453,42592,42592
36454,42592,42592
36455,42592,42592
36456,42592,42592
36457,42592,42592
36458,42592,42592
36459,42592,42592
36460,42592,42592
36461,42592,42592
36462,42592,42592
36463,42592,42592
36464,42592,42592
36465,42592,42592
36466,42592,42592
36467,42592,42592
36468,42592,42592
36469,42592,42592
36470,42592,42592
36471,42592,42592
36472,42592,42592
36473,42592,42592
36474,42592,42592
36475,42592,42592
36476,42592,42592
36477,42592,42592
36478,42592,42592
36479,42592,42592
36480,42592,42592
36481,42592,42592
36482,42592,42592
36483,42592,42592
36484,42592,42592
36485,42592,42592
36486,42592,42592
36487,42592,42592
36488,42592,42592
36489,42592,42592
36490,42592,42592
36491,42592,42592
36492,42592,42592
36493,42592,42592
36494,42592,42592
36495,42592,42592
36496,42592,42592
36497,42592,42592
36498,42592,42592
36499,42592,42592
36500,42592,42592
36501,42592,42592
36502,42592,42592
36503,42592,42592
36504,42592,42592
36505,42592,42592
36506,42592,42592
36507,42592,42592
36508,42592,42592
36509,42592,42592
36510,42592,42592
36511,42592,42592
36512,42592,42592
36513,42592,42592
36514,42592,42592
36515,42592,42592
36516,42592,42592
36517,42592,42592
36518,42592,42592
36519,42592,42592
36520,42592,42592
36521,42592,42592
36522,42592,42592
36523,42592,42592
36524,42592,42592
36525,42592,42592
36526,42592,42592
36527,42592,42592
36528,42592,42592
36529,42592,42592
36530,42592,42592
36531,42592,42592
36532,42592,42592
36533,42592,42592
36534,42592,42592
36535,42592,42592
36536,42592,42592
36537,42592,42592
36538,42592,42592
36539,42592,42592
36540,42592,42592
36541,42592,42592
36542,42592,42592
36543,42592,42592
36544,42592,42592
36545,42592,42592
36546,42592,42592
36547,42592,42592
36548,42592,42592
36549,42592,42592
36550,42592,42592
36551,42592,42592
36552,42592,42592
36553,42592,42592
36554,42592,42592
36555,42592,42592
36556,42592,42592
36557,42592,42592
36558,42592,42592
36559,42592,42592
36560,42592,42592
36561,42592,42592
36562,42592,42592
36563,42592,42592
36564,42592,42592
36565,42592,42592
36566,42592,42592
36567,42592,42592
36568,42592,42592
36569,42592,42592
36570,42592,42592
36571,42592,42592
36572,42592,42592
36573,42592,42592
36574,42592,42592
36575,42592,42592
36576,42592,42592
36577,42592,42592
36578,42592,42592
36579,42592,42592
36580,42592,42592
36581,42592,42592
36582,42592,42592
36583,42592,42592
36584,42592,42592
36585,42592,42592
36586,42592,42592
36587,42592,42592
36588,42592,42592
36589,42592,42592
36590,42592,42592
36591,42592,42592
36592,42592,42592
36593,42592,42592
36594,42592,42592
36595,42592,42592
36596,42592,42592
36597,42592,42592
36598,42592,42592
36599,42592,42592
36600,42592,42592
36601,42592,42592
36602,42592,42592
36603,42592,42592
36604,42592,42592
36605,42592,42592
36606,42592,42592
36607,42592,42592
36608,42592,42592
36609,42592,42592
36610,42592,42592
36611,42592,42592
36612,42592,42592
36613,42592,42592
36614,42592,42592
36615,42592,42592
36616,42592,42592
36617,42592,42592
36618,42592,42592
36619,42592,42592
36620,42592,42592
36621,42592,42592
36622,42592,42592
36623,42592,42592
36624,42592,42592
36625,42592,42592
36626,42592,42592
36627,42592,42592
36628,42592,42592
36629,42592,42592
36630,42592,42592
36631,42592,42592
36632,42592,42592
36633,42592,42592
36634,42592,42592
36635,42592,42592
36636,42592,42592
36637,42592,42592
36638,42592,42592
36639,42593,42593
36640,42593,42593
36641,42593,42593
36642,42593,42593
36643,42593,42593
36644,42593,42593
36645,42593,42593
36646,42593,42593
36647,42593,42593
36648,42593,42593
36649,42593,42593
36650,42593,42593
36651,42593,42593
36652,42593,42593
36653,42593,42593
36654,42593,42593
36655,42593,42593
36656,42593,42593
36657,42593,42593
36658,42593,42593
36659,42593,42593
36660,42593,42593
36661,42593,42593
36662,42593,42593
36663,42593,42593
36664,42593,42593
36665,42593,42593
36666,42593,42593
36667,42593,42593
36668,42593,42593
36669,42593,42593
36670,42593,42593
36671,42593,42593
36672,42593,42593
36673,42593,42593
36674,42593,42593
36675,42593,42593
36676,42593,42593
36677,42593,42593
36678,42593,42593
36679,42593,42593
36680,42593,42593
36681,42593,42593
36682,42593,42593
36683,42593,42593
36684,42593,42593
36685,42593,42593
36686,42593,42593
36687,42593,42593
36688,42593,42593
36689,42593,42593
36690,42593,42593
36691,42593,42593
36692,42593,42593
36693,42593,42593
36694,42593,42593
36695,42593,42593
36696,42593,42593
36697,42593,42593
36698,42593,42593
36699,42593,42593
36700,42593,42593
36701,42593,42593
36702,42593,42593
36703,42593,42593
36704,42593,42593
36705,42593,42593
36706,42593,42593
36707,42593,42593
36708,42593,42593
36709,42593,42593
36710,42593,42593
36711,42593,42593
36712,42593,42593
36713,42593,42593
36714,42593,42593
36715,42593,42593
36716,42593,42593
36717,42593,42593
36718,42593,42593
36719,42593,42593
36720,42593,42593
36721,42593,42593
36722,42593,42593
36723,42593,42593
36724,42593,42593
36725,42593,42593
36726,42593,42593
36727,42593,42593
36728,42593,42593
36729,42593,42593
36730,42593,42593
36731,42593,42593
36732,42593,42593
36733,42593,42593
36734,42593,42593
36735,42593,42593
36736,42593,42593
36737,42593,42593
36738,42593,42593
36739,42593,42593
36740,42593,42593
36741,42593,42593
36742,42593,42593
36743,42593,42593
36744,42593,42593
36745,42593,42593
36746,42593,42593
36747,42593,42593
36748,42593,42593
36749,42593,42593
36750,42593,42593
36751,42593,42593
36752,42593,42593
36753,42593,42593
36754,42593,42593
36755,42593,42593
36756,42593,42593
36757,42593,42593
36758,42593,42593
36759,42593,42593
36760,42593,42593
36761,42593,42593
36762,42593,42593
36763,42593,42593
36764,42593,42593
36765,42593,42593
36766,42593,42593
36767,42593,42593
36768,42593,42593
36769,42593,42593
36770,42593,42593
36771,42593,42593
36772,42593,42593
36773,42593,42593
36774,42593,42593
36775,42593,42593
36776,42593,42593
36777,42593,42593
36778,42593,42593
36779,42593,42593
36780,42593,42593
36781,42593,42593
36782,42593,42593
36783,42593,42593
36784,42593,42593
36785,42593,42593
36786,42593,42593
36787,42593,42593
36788,42593,42593
36789,42593,42593
36790,42593,42593
36791,42593,42593
36792,42593,42593
36793,42593,42593
36794,42593,42593
36795,42593,42593
36796,42593,42593
36797,42593,42593
36798,42593,42593
36799,42593,42593
36800,42593,42593
36801,42593,42593
36802,42593,42593
36803,42593,42593
36804,42593,42593
36805,42593,42593
36806,42593,42593
36807,42593,42593
36808,42593,42593
36809,42593,42593
36810,42593,42593
36811,42593,42593
36812,42593,42593
36813,42593,42593
36814,42593,42593
36815,42593,42593
36816,42593,42593
36817,42593,42593
36818,42593,42593
36819,42593,42593
36820,42593,42593
36821,42593,42593
36822,42593,42593
36823,42593,42593
36824,42593,42593
36825,42593,42593
36826,42593,42593
36827,42593,42593
36828,42593,42593
36829,42593,42593
36830,42593,42593
36831,42593,42593
36832,42593,42593
36833,42593,42593
36834,42593,42593
36835,42593,42593
36836,42593,42593
36837,42593,42593
36838,42593,42593
36839,42593,42593
36840,42593,42593
36841,42593,42593
36842,42593,42593
36843,42593,42593
36844,42593,42593
36845,42593,42593
36846,42594,42594
36847,42594,42594
36848,42594,42594
36849,42594,42594
36850,42594,42594
36851,42594,42594
36852,42594,42594
36853,42594,42594
36854,42594,42594
36855,42594,42594
36856,42594,42594
36857,42594,42594
36858,42594,42594
36859,42594,42594
36860,42594,42594
36861,42594,42594
36862,42594,42594
36863,42594,42594
36864,42594,42594
36865,42594,42594
36866,42594,42594
36867,42594,42594
36868,42594,42594
36869,42594,42594
36870,42594,42594
36871,42594,42594
36872,42594,42594
36873,42594,42594
36874,42594,42594
36875,42594,42594
36876,42594,42594
36877,42594,42594
36878,42594,42594
36879,42594,42594
36880,42594,42594
36881,42594,42594
36882,42594,42594
36883,42594,42594
36884,42594,42594
36885,42594,42594
36886,42594,42594
36887,42594,42594
36888,42594,42594
36889,42594,42594
36890,42594,42594
36891,42594,42594
36892,42594,42594
36893,42594,42594
36894,42594,42594
36895,42594,42594
36896,42594,42594
36897,42594,42594
36898,42594,42594
36899,42594,42594
36900,42594,42594
36901,42594,42594
36902,42594,42594
36903,42594,42594
36904,42594,42594
36905,42594,42594
36906,42594,42594
36907,42594,42594
36908,42594,42594
36909,42594,42594
36910,42594,42594
36911,42594,42594
36912,42594,42594
36913,42594,42594
36914,42594,42594
36915,42594,42594
36916,42594,42594
36917,42594,42594
36918,42594,42594
36919,42594,42594
36920,42594,42594
36921,42594,42594
36922,42594,42594
36923,42594,42594
36924,42594,42594
36925,42594,42594
36926,42594,42594
36927,42594,42594
36928,42594,42594
36929,42594,42594
36930,42594,42594
36931,42594,42594
36932,42594,42594
36933,42594,42594
36934,42594,42594
36935,42594,42594
36936,42594,42594
36937,42594,42594
36938,42594,42594
36939,42594,42594
36940,42594,42594
36941,42594,42594
36942,42594,42594
36943,42594,42594
36944,42594,42594
36945,42594,42594
36946,42594,42594
36947,42594,42594
36948,42594,42594
36949,42594,42594
36950,42594,42594
36951,42594,42594
36952,42594,42594
36953,42594,42594
36954,42594,42594
36955,42594,42594
36956,42594,42594
36957,42594,42594
36958,42594,42594
36959,42594,42594
36960,42594,42594
36961,42594,42594
36962,42594,42594
36963,42594,42594
36964,42594,42594
36965,42594,42594
36966,42594,42594
36967,42594,42594
36968,42594,42594
36969,42594,42594
36970,42594,42594
36971,42594,42594
36972,42594,42594
36973,42594,42594
36974,42594,42594
36975,42594,42594
36976,42594,42594
36977,42594,42594
36978,42594,42594
36979,42594,42594
36980,42594,42594
36981,42594,42594
36982,42594,42594
36983,42594,42594
36984,42594,42594
36985,42594,42594
36986,42594,42594
36987,42594,42594
36988,42594,42594
36989,42594,42594
36990,42594,42594
36991,42594,42594
36992,42594,42594
36993,42594,42594
36994,42594,42594
36995,42594,42594
36996,42594,42594
36997,42594,42594
36998,42594,42594
36999,42594,42594
37000,42594,42594
37001,42594,42594
37002,42594,42594
37003,42594,42594
37004,42594,42594
37005,42594,42594
37006,42594,42594
37007,42594,42594
37008,42594,42594
37009,42594,42594
37010,42594,42594
37011,42594,42594
37012,42594,42594
37013,42594,42594
37014,42594,42594
37015,42594,42594
37016,42594,42594
37017,42594,42594
37018,42594,42594
37019,42594,42594
37020,42594,42594
37021,42594,42594
37022,42594,42594
37023,42594,42594
37024,42594,42594
37025,42594,42594
37026,42594,42594
37027,42594,42594
37028,42594,42594
37029,42594,42594
37030,42594,42594
37031,42594,42594
37032,42594,42594
37033,42594,42594
37034,42594,42594
37035,42594,42594
37036,42594,42594
37037,42594,42594
37038,42594,42594
37039,42594,42594
37040,42594,42594
37041,42594,42594
37042,42594,42594
37043,42594,42594
37044,42594,42594
37045,42594,42594
37046,42594,42594
37047,42594,42594
37048,42594,42594
37049,42594,42594
37050,42594,42594
37051,42594,42594
37052,42594,42594
37053,42595,42595
37054,42595,42595
37055,42595,42595
37056,42595,42595
37057,42595,42595
37058,42595,42595
37059,42595,42595
37060,42595,42595
37061,42595,42595
37062,42595,42595
37063,42595,42595
37064,42595,42595
37065,42595,42595
37066,42595,42595
37067,42595,42595
37068,42595,42595
37069,42595,42595
37070,42595,42595
37071,42595,42595
37072,42595,42595
37073,42595,42595
37074,42595,42595
37075,42595,42595
37076,42595,42595
37077,42595,42595
37078,42595,42595
37079,42595,42595
37080,42595,42595
37081,42595,42595
37082,42595,42595
37083,42595,42595
37084,42595,42595
37085,42595,42595
37086,42595,42595
37087,42595,42595
37088,42595,42595
37089,42595,42595
37090,42595,42595
37091,42595,42595
37092,42595,42595
37093,42595,42595
37094,42595,42595
37095,42595,42595
37096,42595,42595
37097,42595,42595
37098,42595,42595
37099,42595,42595
37100,42595,42595
37101,42595,42595
37102,42595,42595
37103,42595,42595
37104,42595,42595
37105,42595,42595
37106,42595,42595
37107,42595,42595
37108,42595,42595
37109,42595,42595
37110,42595,42595
37111,42595,42595
37112,42595,42595
37113,42595,42595
37114,42595,42595
37115,42595,42595
37116,42595,42595
37117,42595,42595
37118,42595,42595
37119,42595,42595
37120,42595,42595
37121,42595,42595
37122,42595,42595
37123,42595,42595
37124,42595,42595
37125,42595,42595
37126,42595,42595
37127,42595,42595
37128,42595,42595
37129,42595,42595
37130,42595,42595
37131,42595,42595
37132,42595,42595
37133,42595,42595
37134,42595,42595
37135,42595,42595
37136,42595,42595
37137,42595,42595
37138,42595,42595
37139,42595,42595
37140,42595,42595
37141,42595,42595
37142,42595,42595
37143,42595,42595
37144,42595,42595
37145,42595,42595
37146,42595,42595
37147,42595,42595
37148,42595,42595
37149,42595,42595
37150,42595,42595
37151,42595,42595
37152,42595,42595
37153,42595,42595
37154,42595,42595
37155,42595,42595
37156,42595,42595
37157,42595,42595
37158,42595,42595
37159,42595,42595
37160,42595,42595
37161,42595,42595
37162,42595,42595
37163,42595,42595
37164,42595,42595
37165,42595,42595
37166,42595,42595
37167,42595,42595
37168,42595,42595
37169,42595,42595
37170,42595,42595
37171,42595,42595
37172,42595,42595
37173,42595,42595
37174,42595,42595
37175,42595,42595
37176,42595,42595
37177,42595,42595
37178,42595,42595
37179,42595,42595
37180,42595,42595
37181,42595,42595
37182,42595,42595
37183,42595,42595
37184,42595,42595
37185,42595,42595
37186,42595,42595
37187,42595,42595
37188,42595,42595
37189,42595,42595
37190,42595,42595
37191,42595,42595
37192,42595,42595
37193,42595,42595
37194,42595,42595
37195,42595,42595
37196,42595,42595
37197,42595,42595
37198,42595,42595
37199,42595,42595
37200,42595,42595
37201,42595,42595
37202,42595,42595
37203,42595,42595
37204,42595,42595
37205,42595,42595
37206,42595,42595
37207,42595,42595
37208,42595,42595
37209,42595,42595
37210,42595,42595
37211,42595,42595
37212,42595,42595
37213,42595,42595
37214,42595,42595
37215,42595,42595
37216,42595,42595
37217,42595,42595
37218,42595,42595
37219,42595,42595
37220,42595,42595
37221,42595,42595
37222,42595,42595
37223,42595,42595
37224,42595,42595
37225,42595,42595
37226,42595,42595
37227,42595,42595
37228,42595,42595
37229,42595,42595
37230,42595,42595
37231,42595,42595
37232,42595,42595
37233,42595,42595
37234,42595,42595
37235,42595,42595
37236,42595,42595
37237,42595,42595
37238,42595,42595
37239,42595,42595
37240,42595,42595
37241,42595,42595
37242,42595,42595
37243,42595,42595
37244,42595,42595
37245,42595,42595
37246,42595,42595
37247,42595,42595
37248,42595,42595
37249,42595,42595
37250,42595,42595
37251,42595,42595
37252,42595,42595
37253,42595,42595
37254,42595,42595
37255,42595,42595
37256,42595,42595
37257,42595,42595
37258,42595,42595
37259,42595,42595
37260,42596,42596
37261,42596,42596
37262,42596,42596
37263,42596,42596
37264,42596,42596
37265,42596,42596
37266,42596,42596
37267,42596,42596
37268,42596,42596
37269,42596,42596
37270,42596,42596
37271,42596,42596
37272,42596,42596
37273,42596,42596
37274,42596,42596
37275,42596,42596
37276,42596,42596
37277,42596,42596
37278,42596,42596
37279,42596,42596
37280,42596,42596
37281,42596,42596
37282,42596,42596
37283,42596,42596
37284,42596,42596
37285,42596,42596
37286,42596,42596
37287,42596,42596
37288,42596,42596
37289,42596,42596
37290,42596,42596
37291,42596,42596
37292,42596,42596
37293,42596,42596
37294,42596,42596
37295,42596,42596
37296,42596,42596
37297,42596,42596
37298,42596,42596
37299,42596,42596
37300,42596,42596
37301,42596,42596
37302,42596,42596
37303,42596,42596
37304,42596,42596
37305,42596,42596
37306,42596,42596
37307,42596,42596
37308,42596,42596
37309,42596,42596
37310,42596,42596
37311,42596,42596
37312,42596,42596
37313,42596,42596
37314,42596,42596
37315,42596,42596
37316,42596,42596
37317,42596,42596
37318,42596,42596
37319,42596,42596
37320,42596,42596
37321,42596,42596
37322,42596,42596
37323,42596,42596
37324,42596,42596
37325,42596,42596
37326,42596,42596
37327,42596,42596
37328,42596,42596
37329,42596,42596
37330,42596,42596
37331,42596,42596
37332,42596,42596
37333,42596,42596
37334,42596,42596
37335,42596,42596
37336,42596,42596
37337,42596,42596
37338,42596,42596
37339,42596,42596
37340,42596,42596
37341,42596,42596
37342,42596,42596
37343,42596,42596
37344,42596,42596
37345,42596,42596
37346,42596,42596
37347,42596,42596
37348,42596,42596
37349,42596,42596
37350,42596,42596
37351,42596,42596
37352,42596,42596
37353,42596,42596
37354,42596,42596
37355,42596,42596
37356,42596,42596
37357,42596,42596
37358,42596,42596
37359,42596,42596
37360,42596,42596
37361,42596,42596
37362,42596,42596
37363,42596,42596
37364,42596,42596
37365,42596,42596
37366,42596,42596
37367,42596,42596
37368,42596,42596
37369,42596,42596
37370,42596,42596
37371,42596,42596
37372,42596,42596
37373,42596,42596
37374,42596,42596
37375,42596,42596
37376,42596,42596
37377,42596,42596
37378,42596,42596
37379,42596,42596
37380,42596,42596
37381,42596,42596
37382,42596,42596
37383,42596,42596
37384,42596,42596
37385,42596,42596
37386,42596,42596
37387,42596,42596
37388,42596,42596
37389,42596,42596
37390,42596,42596
37391,42596,42596
37392,42596,42596
37393,42596,42596
37394,42596,42596
37395,42596,42596
37396,42596,42596
37397,42596,42596
37398,42596,42596
37399,42596,42596
37400,42596,42596
37401,42596,42596
37402,42596,42596
37403,42596,42596
37404,42596,42596
37405,42596,42596
37406,42596,42596
37407,42596,42596
37408,42596,42596
37409,42596,42596
37410,42596,42596
37411,42596,42596
37412,42596,42596
37413,42596,42596
37414,42596,42596
37415,42596,42596
37416,42596,42596
37417,42596,42596
37418,42596,42596
37419,42596,42596
37420,42596,42596
37421,42596,42596
37422,42596,42596
37423,42596,42596
37424,42596,42596
37425,42596,42596
37426,42596,42596
37427,42596,42596
37428,42596,42596
37429,42596,42596
37430,42596,42596
37431,42596,42596
37432,42596,42596
37433,42596,42596
37434,42596,42596
37435,42596,42596
37436,42596,42596
37437,42596,42596
37438,42596,42596
37439,42596,42596
37440,42596,42596
37441,42596,42596
37442,42596,42596
37443,42596,42596
37444,42596,42596
37445,42596,42596
37446,42596,42596
37447,42596,42596
37448,42596,42596
37449,42596,42596
37450,42596,42596
37451,42596,42596
37452,42596,42596
37453,42596,42596
37454,42596,42596
37455,42596,42596
37456,42596,42596
37457,42596,42596
37458,42596,42596
37459,42596,42596
37460,42596,42596
37461,42596,42596
37462,42596,42596
37463,42596,42596
37464,42596,42596
37465,42596,42596
37466,42596,42596
37467,42597,42597
37468,42597,42597
37469,42597,42597
37470,42597,42597
37471,42597,42597
37472,42597,42597
37473,42597,42597
37474,42597,42597
37475,42597,42597
37476,42597,42597
37477,42597,42597
37478,42597,42597
37479,42597,42597
37480,42597,42597
37481,42597,42597
37482,42597,42597
37483,42597,42597
37484,42597,42597
37485,42597,42597
37486,42597,42597
37487,42597,42597
37488,42597,42597
37489,42597,42597
37490,42597,42597
37491,42597,42597
37492,42597,42597
37493,42597,42597
37494,42597,42597
37495,42597,42597
37496,42597,42597
37497,42597,42597
37498,42597,42597
37499,42597,42597
37500,42597,42597
37501,42597,42597
37502,42597,42597
37503,42597,42597
37504,42597,42597
37505,42597,42597
37506,42597,42597
37507,42597,42597
37508,42597,42597
37509,42597,42597
37510,42597,42597
37511,42597,42597
37512,42597,42597
37513,42597,42597
37514,42597,42597
37515,42597,42597
37516,42597,42597
37517,42597,42597
37518,42597,42597
37519,42597,42597
37520,42597,42597
37521,42597,42597
37522,42597,42597
37523,42597,42597
37524,42597,42597
37525,42597,42597
37526,42597,42597
37527,42597,42597
37528,42597,42597
37529,42597,42597
37530,42597,42597
37531,42597,42597
37532,42597,42597
37533,42597,42597
37534,42597,42597
37535,42597,42597
37536,42597,42597
37537,42597,42597
37538,42597,42597
37539,42597,42597
37540,42597,42597
37541,42597,42597
37542,42597,42597
37543,42597,42597
37544,42597,42597
37545,42597,42597
37546,42597,42597
37547,42597,42597
37548,42597,42597
37549,42597,42597
37550,42597,42597
37551,42597,42597
37552,42597,42597
37553,42597,42597
37554,42597,42597
37555,42597,42597
37556,42597,42597
37557,42597,42597
37558,42597,42597
37559,42597,42597
37560,42597,42597
37561,42597,42597
37562,42597,42597
37563,42597,42597
37564,42597,42597
37565,42597,42597
37566,42597,42597
37567,42597,42597
37568,42597,42597
37569,42597,42597
37570,42597,42597
37571,42597,42597
37572,42597,42597
37573,42597,42597
37574,42597,42597
37575,42597,42597
37576,42597,42597
37577,42597,42597
37578,42597,42597
37579,42597,42597
37580,42597,42597
37581,42597,42597
37582,42597,42597
37583,42597,42597
37584,42597,42597
37585,42597,42597
37586,42597,42597
37587,42597,42597
37588,42597,42597
37589,42597,42597
37590,42597,42597
37591,42597,42597
37592,42597,42597
37593,42597,42597
37594,42597,42597
37595,42597,42597
37596,42597,42597
37597,42597,42597
37598,42597,42597
37599,42597,42597
37600,42597,42597
37601,42597,42597
37602,42597,42597
37603,42597,42597
37604,42597,42597
37605,42597,42597
37606,42597,42597
37607,42597,42597
37608,42597,42597
37609,42597,42597
37610,42597,42597
37611,42597,42597
37612,42597,42597
37613,42597,42597
37614,42597,42597
37615,42597,42597
37616,42597,42597
37617,42597,42597
37618,42597,42597
37619,42597,42597
37620,42597,42597
37621,42597,42597
37622,42597,42597
37623,42597,42597
37624,42597,42597
37625,42597,42597
37626,42597,42597
37627,42597,42597
37628,42597,42597
37629,42597,42597
37630,42597,42597
37631,42597,42597
37632,42597,42597
37633,42597,42597
37634,42597,42597
37635,42597,42597
37636,42597,42597
37637,42597,42597
37638,42597,42597
37639,42597,42597
37640,42597,42597
37641,42597,42597
37642,42597,42597
37643,42597,42597
37644,42597,42597
37645,42597,42597
37646,42597,42597
37647,42597,42597
37648,42597,42597
37649,42597,42597
37650,42597,42597
37651,42597,42597
37652,42597,42597
37653,42597,42597
37654,42597,42597
37655,42597,42597
37656,42597,42597
37657,42597,42597
37658,42597,42597
37659,42597,42597
37660,42597,42597
37661,42597,42597
37662,42597,42597
37663,42597,42597
37664,42597,42597
37665,42597,42597
37666,42597,42597
37667,42597,42597
37668,42597,42597
37669,42597,42597
37670,42597,42597
37671,42597,42597
37672,42597,42597
37673,42597,42597
37674,42598,42598
37675,42598,42598
37676,42598,42598
37677,42598,42598
37678,42598,42598
37679,42598,42598
37680,42598,42598
37681,42598,42598
37682,42598,42598
37683,42598,42598
37684,42598,42598
37685,42598,42598
37686,42598,42598
37687,42598,42598
37688,42598,42598
37689,42598,42598
37690,42598,42598
37691,42598,42598
37692,42598,42598
37693,42598,42598
37694,42598,42598
37695,42598,42598
37696,42598,42598
37697,42598,42598
37698,42598,42598
37699,42598,42598
37700,42598,42598
37701,42598,42598
37702,42598,42598
37703,42598,42598
37704,42598,42598
37705,42598,42598
37706,42598,42598
37707,42598,42598
37708,42598,42598
37709,42598,42598
37710,42598,42598
37711,42598,42598
37712,42598,42598
37713,42598,42598
37714,42598,42598
37715,42598,42598
37716,42598,42598
37717,42598,42598
37718,42598,42598
37719,42598,42598
37720,42598,42598
37721,42598,42598
37722,42598,42598
37723,42598,42598
37724,42598,42598
37725,42598,42598
37726,42598,42598
37727,42598,42598
37728,42598,42598
37729,42598,42598
37730,42598,42598
37731,42598,42598
37732,42598,42598
37733,42598,42598
37734,42598,42598
37735,42598,42598
37736,42598,42598
37737,42598,42598
37738,42598,42598
37739,42598,42598
37740,42598,42598
37741,42598,42598
37742,42598,42598
37743,42598,42598
37744,42598,42598
37745,42598,42598
37746,42598,42598
37747,42598,42598
37748,42598,42598
37749,42598,42598
37750,42598,42598
37751,42598,42598
37752,42598,42598
37753,42598,42598
37754,42598,42598
37755,42598,42598
37756,42598,42598
37757,42598,42598
37758,42598,42598
37759,42598,42598
37760,42598,42598
37761,42598,42598
37762,42598,42598
37763,42598,42598
37764,42598,42598
37765,42598,42598
37766,42598,42598
37767,42598,42598
37768,42598,42598
37769,42598,42598
37770,42598,42598
37771,42598,42598
37772,42598,42598
37773,42598,42598
37774,42598,42598
37775,42598,42598
37776,42598,42598
37777,42598,42598
37778,42598,42598
37779,42598,42598
37780,42598,42598
37781,42598,42598
37782,42598,42598
37783,42598,42598
37784,42598,42598
37785,42598,42598
37786,42598,42598
37787,42598,42598
37788,42598,42598
37789,42598,42598
37790,42598,42598
37791,42598,42598
37792,42598,42598
37793,42598,42598
37794,42598,42598
37795,42598,42598
37796,42598,42598
37797,42598,42598
37798,42598,42598
37799,42598,42598
37800,42598,42598
37801,42598,42598
37802,42598,42598
37803,42598,42598
37804,42598,42598
37805,42598,42598
37806,42598,42598
37807,42598,42598
37808,42598,42598
37809,42598,42598
37810,42598,42598
37811,42598,42598
37812,42598,42598
37813,42598,42598
37814,42598,42598
37815,42598,42598
37816,42598,42598
37817,42598,42598
37818,42598,42598
37819,42598,42598
37820,42598,42598
37821,42598,42598
37822,42598,42598
37823,42598,42598
37824,42598,42598
37825,42598,42598
37826,42598,42598
37827,42598,42598
37828,42598,42598
37829,42598,42598
37830,42598,42598
37831,42598,42598
37832,42598,42598
37833,42598,42598
37834,42598,42598
37835,42598,42598
37836,42598,42598
37837,42598,42598
37838,42598,42598
37839,42598,42598
37840,42598,42598
37841,42598,42598
37842,42598,42598
37843,42598,42598
37844,42598,42598
37845,42598,42598
37846,42598,42598
37847,42598,42598
37848,42598,42598
37849,42598,42598
37850,42598,42598
37851,42598,42598
37852,42598,42598
37853,42598,42598
37854,42598,42598
37855,42598,42598
37856,42598,42598
37857,42598,42598
37858,42598,42598
37859,42598,42598
37860,42598,42598
37861,42598,42598
37862,42598,42598
37863,42598,42598
37864,42598,42598
37865,42598,42598
37866,42598,42598
37867,42598,42598
37868,42598,42598
37869,42598,42598
37870,42598,42598
37871,42598,42598
37872,42598,42598
37873,42598,42598
37874,42598,42598
37875,42598,42598
37876,42598,42598
37877,42598,42598
37878,42598,42598
37879,42598,42598
37880,42598,42598
