,X,Y
0,85196,55320
1,85196,55321
2,85196,55322
3,85196,55323
4,85196,55324
5,85196,55325
6,85196,55326
7,85196,55327
8,85196,55328
9,85196,55329
10,85196,55330
11,85196,55331
12,85196,55332
13,85196,55333
14,85196,55334
15,85196,55335
16,85196,55336
17,85196,55337
18,85196,55338
19,85196,55339
20,85196,55340
21,85196,55341
22,85196,55342
23,85196,55343
24,85196,55344
25,85196,55345
26,85196,55346
27,85196,55347
28,85196,55348
29,85196,55349
30,85196,55350
31,85196,55351
32,85196,55352
33,85196,55353
34,85196,55354
35,85196,55355
36,85196,55356
37,85196,55357
38,85196,55358
39,85196,55359
40,85196,55360
41,85196,55361
42,85196,55362
43,85196,55363
44,85196,55364
45,85196,55365
46,85196,55366
47,85196,55367
48,85196,55368
49,85196,55369
50,85196,55370
51,85196,55371
52,85196,55372
53,85196,55373
54,85196,55374
55,85196,55375
56,85196,55376
57,85196,55377
58,85196,55378
59,85196,55379
60,85196,55380
61,85196,55381
62,85196,55382
63,85196,55383
64,85196,55384
65,85196,55385
66,85196,55386
67,85196,55387
68,85196,55388
69,85196,55389
70,85196,55390
71,85196,55391
72,85196,55392
73,85196,55393
74,85196,55394
75,85196,55395
76,85196,55396
77,85196,55397
78,85196,55398
79,85196,55399
80,85196,55400
81,85196,55401
82,85196,55402
83,85196,55403
84,85196,55404
85,85196,55405
86,85196,55406
87,85196,55407
88,85196,55408
89,85196,55409
90,85196,55410
91,85196,55411
92,85196,55412
93,85196,55413
94,85196,55414
95,85196,55415
96,85196,55416
97,85196,55417
98,85196,55418
99,85196,55419
100,85196,55420
101,85196,55496
102,85196,55497
103,85196,55498
104,85196,55499
105,85196,55500
106,85196,55501
107,85196,55502
108,85196,55503
109,85196,55504
110,85196,55505
111,85196,55506
112,85196,55507
113,85196,55508
114,85196,55509
115,85196,55510
116,85196,55511
117,85196,55512
118,85196,55513
119,85196,55514
120,85196,55515
121,85196,55516
122,85196,55517
123,85196,55518
124,85196,55519
125,85196,55520
126,85196,55521
127,85196,55522
128,85196,55523
129,85196,55524
130,85196,55525
131,85197,55320
132,85197,55321
133,85197,55322
134,85197,55323
135,85197,55324
136,85197,55325
137,85197,55326
138,85197,55327
139,85197,55328
140,85197,55329
141,85197,55330
142,85197,55331
143,85197,55332
144,85197,55333
145,85197,55334
146,85197,55335
147,85197,55336
148,85197,55337
149,85197,55338
150,85197,55339
151,85197,55340
152,85197,55341
153,85197,55342
154,85197,55343
155,85197,55344
156,85197,55345
157,85197,55346
158,85197,55347
159,85197,55348
160,85197,55349
161,85197,55350
162,85197,55351
163,85197,55352
164,85197,55353
165,85197,55354
166,85197,55355
167,85197,55356
168,85197,55357
169,85197,55358
170,85197,55359
171,85197,55360
172,85197,55361
173,85197,55362
174,85197,55363
175,85197,55364
176,85197,55365
177,85197,55366
178,85197,55367
179,85197,55368
180,85197,55369
181,85197,55370
182,85197,55371
183,85197,55372
184,85197,55373
185,85197,55374
186,85197,55375
187,85197,55376
188,85197,55377
189,85197,55378
190,85197,55379
191,85197,55380
192,85197,55381
193,85197,55382
194,85197,55383
195,85197,55384
196,85197,55385
197,85197,55386
198,85197,55387
199,85197,55388
200,85197,55389
201,85197,55390
202,85197,55391
203,85197,55392
204,85197,55393
205,85197,55394
206,85197,55395
207,85197,55396
208,85197,55397
209,85197,55398
210,85197,55399
211,85197,55400
212,85197,55401
213,85197,55402
214,85197,55403
215,85197,55404
216,85197,55405
217,85197,55406
218,85197,55407
219,85197,55408
220,85197,55409
221,85197,55410
222,85197,55411
223,85197,55412
224,85197,55413
225,85197,55414
226,85197,55415
227,85197,55416
228,85197,55417
229,85197,55418
230,85197,55419
231,85197,55420
232,85197,55496
233,85197,55497
234,85197,55498
235,85197,55499
236,85197,55500
237,85197,55501
238,85197,55502
239,85197,55503
240,85197,55504
241,85197,55505
242,85197,55506
243,85197,55507
244,85197,55508
245,85197,55509
246,85197,55510
247,85197,55511
248,85197,55512
249,85197,55513
250,85197,55514
251,85197,55515
252,85197,55516
253,85197,55517
254,85197,55518
255,85197,55519
256,85197,55520
257,85197,55521
258,85197,55522
259,85197,55523
260,85197,55524
261,85197,55525
262,85198,55320
263,85198,55321
264,85198,55322
265,85198,55323
266,85198,55324
267,85198,55325
268,85198,55326
269,85198,55327
270,85198,55328
271,85198,55329
272,85198,55330
273,85198,55331
274,85198,55332
275,85198,55333
276,85198,55334
277,85198,55335
278,85198,55336
279,85198,55337
280,85198,55338
281,85198,55339
282,85198,55340
283,85198,55341
284,85198,55342
285,85198,55343
286,85198,55344
287,85198,55345
288,85198,55346
289,85198,55347
290,85198,55348
291,85198,55349
292,85198,55350
293,85198,55351
294,85198,55352
295,85198,55353
296,85198,55354
297,85198,55355
298,85198,55356
299,85198,55357
300,85198,55358
301,85198,55359
302,85198,55360
303,85198,55361
304,85198,55362
305,85198,55363
306,85198,55364
307,85198,55365
308,85198,55366
309,85198,55367
310,85198,55368
311,85198,55369
312,85198,55370
313,85198,55371
314,85198,55372
315,85198,55373
316,85198,55374
317,85198,55375
318,85198,55376
319,85198,55377
320,85198,55378
321,85198,55379
322,85198,55380
323,85198,55381
324,85198,55382
325,85198,55383
326,85198,55384
327,85198,55385
328,85198,55386
329,85198,55387
330,85198,55388
331,85198,55389
332,85198,55390
333,85198,55391
334,85198,55392
335,85198,55393
336,85198,55394
337,85198,55395
338,85198,55396
339,85198,55397
340,85198,55398
341,85198,55399
342,85198,55400
343,85198,55401
344,85198,55402
345,85198,55403
346,85198,55404
347,85198,55405
348,85198,55406
349,85198,55407
350,85198,55408
351,85198,55409
352,85198,55410
353,85198,55411
354,85198,55412
355,85198,55413
356,85198,55414
357,85198,55415
358,85198,55416
359,85198,55417
360,85198,55418
361,85198,55419
362,85198,55420
363,85198,55496
364,85198,55497
365,85198,55498
366,85198,55499
367,85198,55500
368,85198,55501
369,85198,55502
370,85198,55503
371,85198,55504
372,85198,55505
373,85198,55506
374,85198,55507
375,85198,55508
376,85198,55509
377,85198,55510
378,85198,55511
379,85198,55512
380,85198,55513
381,85198,55514
382,85198,55515
383,85198,55516
384,85198,55517
385,85198,55518
386,85198,55519
387,85198,55520
388,85198,55521
389,85198,55522
390,85198,55523
391,85198,55524
392,85198,55525
393,85199,55320
394,85199,55321
395,85199,55322
396,85199,55323
397,85199,55324
398,85199,55325
399,85199,55326
400,85199,55327
401,85199,55328
402,85199,55329
403,85199,55330
404,85199,55331
405,85199,55332
406,85199,55333
407,85199,55334
408,85199,55335
409,85199,55336
410,85199,55337
411,85199,55338
412,85199,55339
413,85199,55340
414,85199,55341
415,85199,55342
416,85199,55343
417,85199,55344
418,85199,55345
419,85199,55346
420,85199,55347
421,85199,55348
422,85199,55349
423,85199,55350
424,85199,55351
425,85199,55352
426,85199,55353
427,85199,55354
428,85199,55355
429,85199,55356
430,85199,55357
431,85199,55358
432,85199,55359
433,85199,55360
434,85199,55361
435,85199,55362
436,85199,55363
437,85199,55364
438,85199,55365
439,85199,55366
440,85199,55367
441,85199,55368
442,85199,55369
443,85199,55370
444,85199,55371
445,85199,55372
446,85199,55373
447,85199,55374
448,85199,55375
449,85199,55376
450,85199,55377
451,85199,55378
452,85199,55379
453,85199,55380
454,85199,55381
455,85199,55382
456,85199,55383
457,85199,55384
458,85199,55385
459,85199,55386
460,85199,55387
461,85199,55388
462,85199,55389
463,85199,55390
464,85199,55391
465,85199,55392
466,85199,55393
467,85199,55394
468,85199,55395
469,85199,55396
470,85199,55397
471,85199,55398
472,85199,55399
473,85199,55400
474,85199,55401
475,85199,55402
476,85199,55403
477,85199,55404
478,85199,55405
479,85199,55406
480,85199,55407
481,85199,55408
482,85199,55409
483,85199,55410
484,85199,55411
485,85199,55412
486,85199,55413
487,85199,55414
488,85199,55415
489,85199,55416
490,85199,55417
491,85199,55418
492,85199,55419
493,85199,55420
494,85199,55497
495,85199,55498
496,85199,55499
497,85199,55500
498,85199,55501
499,85199,55502
500,85199,55503
501,85199,55504
502,85199,55505
503,85199,55506
504,85199,55507
505,85199,55508
506,85199,55509
507,85199,55510
508,85199,55511
509,85199,55512
510,85199,55513
511,85199,55514
512,85199,55515
513,85199,55516
514,85199,55517
515,85199,55518
516,85199,55519
517,85199,55520
518,85199,55521
519,85199,55522
520,85199,55523
521,85199,55524
522,85199,55525
523,85200,55320
524,85200,55321
525,85200,55322
526,85200,55323
527,85200,55324
528,85200,55325
529,85200,55326
530,85200,55327
531,85200,55328
532,85200,55329
533,85200,55330
534,85200,55331
535,85200,55332
536,85200,55333
537,85200,55334
538,85200,55335
539,85200,55336
540,85200,55337
541,85200,55338
542,85200,55339
543,85200,55340
544,85200,55341
545,85200,55342
546,85200,55343
547,85200,55344
548,85200,55345
549,85200,55346
550,85200,55347
551,85200,55348
552,85200,55349
553,85200,55350
554,85200,55351
555,85200,55352
556,85200,55353
557,85200,55354
558,85200,55355
559,85200,55356
560,85200,55357
561,85200,55358
562,85200,55359
563,85200,55360
564,85200,55361
565,85200,55362
566,85200,55363
567,85200,55364
568,85200,55365
569,85200,55366
570,85200,55367
571,85200,55368
572,85200,55369
573,85200,55370
574,85200,55371
575,85200,55372
576,85200,55373
577,85200,55374
578,85200,55375
579,85200,55376
580,85200,55377
581,85200,55378
582,85200,55379
583,85200,55380
584,85200,55381
585,85200,55382
586,85200,55383
587,85200,55384
588,85200,55385
589,85200,55386
590,85200,55387
591,85200,55388
592,85200,55389
593,85200,55390
594,85200,55391
595,85200,55392
596,85200,55393
597,85200,55394
598,85200,55395
599,85200,55396
600,85200,55397
601,85200,55398
602,85200,55399
603,85200,55400
604,85200,55401
605,85200,55402
606,85200,55403
607,85200,55404
608,85200,55405
609,85200,55406
610,85200,55407
611,85200,55408
612,85200,55409
613,85200,55410
614,85200,55411
615,85200,55412
616,85200,55413
617,85200,55414
618,85200,55415
619,85200,55416
620,85200,55417
621,85200,55418
622,85200,55419
623,85200,55497
624,85200,55498
625,85200,55499
626,85200,55500
627,85200,55501
628,85200,55502
629,85200,55503
630,85200,55504
631,85200,55505
632,85200,55506
633,85200,55507
634,85200,55508
635,85200,55509
636,85200,55510
637,85200,55511
638,85200,55512
639,85200,55513
640,85200,55514
641,85200,55515
642,85200,55516
643,85200,55517
644,85200,55518
645,85200,55519
646,85200,55520
647,85200,55521
648,85200,55522
649,85200,55523
650,85200,55524
651,85201,55320
652,85201,55321
653,85201,55322
654,85201,55323
655,85201,55324
656,85201,55325
657,85201,55326
658,85201,55327
659,85201,55328
660,85201,55329
661,85201,55330
662,85201,55331
663,85201,55332
664,85201,55333
665,85201,55334
666,85201,55335
667,85201,55336
668,85201,55337
669,85201,55338
670,85201,55339
671,85201,55340
672,85201,55341
673,85201,55342
674,85201,55343
675,85201,55344
676,85201,55345
677,85201,55346
678,85201,55347
679,85201,55348
680,85201,55349
681,85201,55350
682,85201,55351
683,85201,55352
684,85201,55353
685,85201,55354
686,85201,55355
687,85201,55356
688,85201,55357
689,85201,55358
690,85201,55359
691,85201,55360
692,85201,55361
693,85201,55362
694,85201,55363
695,85201,55364
696,85201,55365
697,85201,55366
698,85201,55367
699,85201,55368
700,85201,55369
701,85201,55370
702,85201,55371
703,85201,55372
704,85201,55373
705,85201,55374
706,85201,55375
707,85201,55376
708,85201,55377
709,85201,55378
710,85201,55379
711,85201,55380
712,85201,55381
713,85201,55382
714,85201,55383
715,85201,55384
716,85201,55385
717,85201,55386
718,85201,55387
719,85201,55388
720,85201,55389
721,85201,55390
722,85201,55391
723,85201,55392
724,85201,55393
725,85201,55394
726,85201,55395
727,85201,55396
728,85201,55397
729,85201,55398
730,85201,55399
731,85201,55400
732,85201,55401
733,85201,55402
734,85201,55403
735,85201,55404
736,85201,55405
737,85201,55406
738,85201,55407
739,85201,55408
740,85201,55409
741,85201,55410
742,85201,55411
743,85201,55412
744,85201,55413
745,85201,55414
746,85201,55415
747,85201,55416
748,85201,55417
749,85201,55418
750,85201,55419
751,85201,55497
752,85201,55498
753,85201,55499
754,85201,55500
755,85201,55501
756,85201,55502
757,85201,55503
758,85201,55504
759,85201,55505
760,85201,55506
761,85201,55507
762,85201,55508
763,85201,55509
764,85201,55510
765,85201,55511
766,85201,55512
767,85201,55513
768,85201,55514
769,85201,55515
770,85201,55516
771,85201,55517
772,85201,55518
773,85201,55519
774,85201,55520
775,85201,55521
776,85201,55522
777,85201,55523
778,85201,55524
779,85202,55320
780,85202,55321
781,85202,55322
782,85202,55323
783,85202,55324
784,85202,55325
785,85202,55326
786,85202,55327
787,85202,55328
788,85202,55329
789,85202,55330
790,85202,55331
791,85202,55332
792,85202,55333
793,85202,55334
794,85202,55335
795,85202,55336
796,85202,55337
797,85202,55338
798,85202,55339
799,85202,55340
800,85202,55341
801,85202,55342
802,85202,55343
803,85202,55344
804,85202,55345
805,85202,55346
806,85202,55347
807,85202,55348
808,85202,55349
809,85202,55350
810,85202,55351
811,85202,55352
812,85202,55353
813,85202,55354
814,85202,55355
815,85202,55356
816,85202,55357
817,85202,55358
818,85202,55359
819,85202,55360
820,85202,55361
821,85202,55362
822,85202,55363
823,85202,55364
824,85202,55365
825,85202,55366
826,85202,55367
827,85202,55368
828,85202,55369
829,85202,55370
830,85202,55371
831,85202,55372
832,85202,55373
833,85202,55374
834,85202,55375
835,85202,55376
836,85202,55377
837,85202,55378
838,85202,55379
839,85202,55380
840,85202,55381
841,85202,55382
842,85202,55383
843,85202,55384
844,85202,55385
845,85202,55386
846,85202,55387
847,85202,55388
848,85202,55389
849,85202,55390
850,85202,55391
851,85202,55392
852,85202,55393
853,85202,55394
854,85202,55395
855,85202,55396
856,85202,55397
857,85202,55398
858,85202,55399
859,85202,55400
860,85202,55401
861,85202,55402
862,85202,55403
863,85202,55404
864,85202,55405
865,85202,55406
866,85202,55407
867,85202,55408
868,85202,55409
869,85202,55410
870,85202,55411
871,85202,55412
872,85202,55413
873,85202,55414
874,85202,55415
875,85202,55416
876,85202,55417
877,85202,55418
878,85202,55419
879,85202,55497
880,85202,55498
881,85202,55499
882,85202,55500
883,85202,55501
884,85202,55502
885,85202,55503
886,85202,55504
887,85202,55505
888,85202,55506
889,85202,55507
890,85202,55508
891,85202,55509
892,85202,55510
893,85202,55511
894,85202,55512
895,85202,55513
896,85202,55514
897,85202,55515
898,85202,55516
899,85202,55517
900,85202,55518
901,85202,55519
902,85202,55520
903,85202,55521
904,85202,55522
905,85202,55523
906,85202,55524
907,85203,55320
908,85203,55321
909,85203,55322
910,85203,55323
911,85203,55324
912,85203,55325
913,85203,55326
914,85203,55327
915,85203,55328
916,85203,55329
917,85203,55330
918,85203,55331
919,85203,55332
920,85203,55333
921,85203,55334
922,85203,55335
923,85203,55336
924,85203,55337
925,85203,55338
926,85203,55339
927,85203,55340
928,85203,55341
929,85203,55342
930,85203,55343
931,85203,55344
932,85203,55345
933,85203,55346
934,85203,55347
935,85203,55348
936,85203,55349
937,85203,55350
938,85203,55351
939,85203,55352
940,85203,55353
941,85203,55354
942,85203,55355
943,85203,55356
944,85203,55357
945,85203,55358
946,85203,55359
947,85203,55360
948,85203,55361
949,85203,55362
950,85203,55363
951,85203,55364
952,85203,55365
953,85203,55366
954,85203,55367
955,85203,55368
956,85203,55369
957,85203,55370
958,85203,55371
959,85203,55372
960,85203,55373
961,85203,55374
962,85203,55375
963,85203,55376
964,85203,55377
965,85203,55378
966,85203,55379
967,85203,55380
968,85203,55381
969,85203,55382
970,85203,55383
971,85203,55384
972,85203,55385
973,85203,55386
974,85203,55387
975,85203,55388
976,85203,55389
977,85203,55390
978,85203,55391
979,85203,55392
980,85203,55393
981,85203,55394
982,85203,55395
983,85203,55396
984,85203,55397
985,85203,55398
986,85203,55399
987,85203,55400
988,85203,55401
989,85203,55402
990,85203,55403
991,85203,55404
992,85203,55405
993,85203,55406
994,85203,55407
995,85203,55408
996,85203,55409
997,85203,55410
998,85203,55411
999,85203,55412
1000,85203,55413
1001,85203,55414
1002,85203,55415
1003,85203,55416
1004,85203,55417
1005,85203,55418
1006,85203,55419
1007,85203,55498
1008,85203,55499
1009,85203,55500
1010,85203,55501
1011,85203,55502
1012,85203,55503
1013,85203,55504
1014,85203,55505
1015,85203,55506
1016,85203,55507
1017,85203,55508
1018,85203,55509
1019,85203,55510
1020,85203,55511
1021,85203,55512
1022,85203,55513
1023,85203,55514
1024,85203,55515
1025,85203,55516
1026,85203,55517
1027,85203,55518
1028,85203,55519
1029,85203,55520
1030,85203,55521
1031,85203,55522
1032,85203,55523
1033,85203,55524
1034,85204,55320
1035,85204,55321
1036,85204,55322
1037,85204,55323
1038,85204,55324
1039,85204,55325
1040,85204,55326
1041,85204,55327
1042,85204,55328
1043,85204,55329
1044,85204,55330
1045,85204,55331
1046,85204,55332
1047,85204,55333
1048,85204,55334
1049,85204,55335
1050,85204,55336
1051,85204,55337
1052,85204,55338
1053,85204,55339
1054,85204,55340
1055,85204,55341
1056,85204,55342
1057,85204,55343
1058,85204,55344
1059,85204,55345
1060,85204,55346
1061,85204,55347
1062,85204,55348
1063,85204,55349
1064,85204,55350
1065,85204,55351
1066,85204,55352
1067,85204,55353
1068,85204,55354
1069,85204,55355
1070,85204,55356
1071,85204,55357
1072,85204,55358
1073,85204,55359
1074,85204,55360
1075,85204,55361
1076,85204,55362
1077,85204,55363
1078,85204,55364
1079,85204,55365
1080,85204,55366
1081,85204,55367
1082,85204,55368
1083,85204,55369
1084,85204,55370
1085,85204,55371
1086,85204,55372
1087,85204,55373
1088,85204,55374
1089,85204,55375
1090,85204,55376
1091,85204,55377
1092,85204,55378
1093,85204,55379
1094,85204,55380
1095,85204,55381
1096,85204,55382
1097,85204,55383
1098,85204,55384
1099,85204,55385
1100,85204,55386
1101,85204,55387
1102,85204,55388
1103,85204,55389
1104,85204,55390
1105,85204,55391
1106,85204,55392
1107,85204,55393
1108,85204,55394
1109,85204,55395
1110,85204,55396
1111,85204,55397
1112,85204,55398
1113,85204,55399
1114,85204,55400
1115,85204,55401
1116,85204,55402
1117,85204,55403
1118,85204,55404
1119,85204,55405
1120,85204,55406
1121,85204,55407
1122,85204,55408
1123,85204,55409
1124,85204,55410
1125,85204,55411
1126,85204,55412
1127,85204,55413
1128,85204,55414
1129,85204,55415
1130,85204,55416
1131,85204,55417
1132,85204,55418
1133,85204,55419
1134,85204,55498
1135,85204,55499
1136,85204,55500
1137,85204,55501
1138,85204,55502
1139,85204,55503
1140,85204,55504
1141,85204,55505
1142,85204,55506
1143,85204,55507
1144,85204,55508
1145,85204,55509
1146,85204,55510
1147,85204,55511
1148,85204,55512
1149,85204,55513
1150,85204,55514
1151,85204,55515
1152,85204,55516
1153,85204,55517
1154,85204,55518
1155,85204,55519
1156,85204,55520
1157,85204,55521
1158,85204,55522
1159,85204,55523
1160,85204,55524
1161,85205,55320
1162,85205,55321
1163,85205,55322
1164,85205,55323
1165,85205,55324
1166,85205,55325
1167,85205,55326
1168,85205,55327
1169,85205,55328
1170,85205,55329
1171,85205,55330
1172,85205,55331
1173,85205,55332
1174,85205,55333
1175,85205,55334
1176,85205,55335
1177,85205,55336
1178,85205,55337
1179,85205,55338
1180,85205,55339
1181,85205,55340
1182,85205,55341
1183,85205,55342
1184,85205,55343
1185,85205,55344
1186,85205,55345
1187,85205,55346
1188,85205,55347
1189,85205,55348
1190,85205,55349
1191,85205,55350
1192,85205,55351
1193,85205,55352
1194,85205,55353
1195,85205,55354
1196,85205,55355
1197,85205,55356
1198,85205,55357
1199,85205,55358
1200,85205,55359
1201,85205,55360
1202,85205,55361
1203,85205,55362
1204,85205,55363
1205,85205,55364
1206,85205,55365
1207,85205,55366
1208,85205,55367
1209,85205,55368
1210,85205,55369
1211,85205,55370
1212,85205,55371
1213,85205,55372
1214,85205,55373
1215,85205,55374
1216,85205,55375
1217,85205,55376
1218,85205,55377
1219,85205,55378
1220,85205,55379
1221,85205,55380
1222,85205,55381
1223,85205,55382
1224,85205,55383
1225,85205,55384
1226,85205,55385
1227,85205,55386
1228,85205,55387
1229,85205,55388
1230,85205,55389
1231,85205,55390
1232,85205,55391
1233,85205,55392
1234,85205,55393
1235,85205,55394
1236,85205,55395
1237,85205,55396
1238,85205,55397
1239,85205,55398
1240,85205,55399
1241,85205,55400
1242,85205,55401
1243,85205,55402
1244,85205,55403
1245,85205,55404
1246,85205,55405
1247,85205,55406
1248,85205,55407
1249,85205,55408
1250,85205,55409
1251,85205,55410
1252,85205,55411
1253,85205,55412
1254,85205,55413
1255,85205,55414
1256,85205,55415
1257,85205,55416
1258,85205,55417
1259,85205,55418
1260,85205,55419
1261,85205,55498
1262,85205,55499
1263,85205,55500
1264,85205,55501
1265,85205,55502
1266,85205,55503
1267,85205,55504
1268,85205,55505
1269,85205,55506
1270,85205,55507
1271,85205,55508
1272,85205,55509
1273,85205,55510
1274,85205,55511
1275,85205,55512
1276,85205,55513
1277,85205,55514
1278,85205,55515
1279,85205,55516
1280,85205,55517
1281,85205,55518
1282,85205,55519
1283,85205,55520
1284,85205,55521
1285,85205,55522
1286,85205,55523
1287,85205,55524
1288,85206,55320
1289,85206,55321
1290,85206,55322
1291,85206,55323
1292,85206,55324
1293,85206,55325
1294,85206,55326
1295,85206,55327
1296,85206,55328
1297,85206,55329
1298,85206,55330
1299,85206,55331
1300,85206,55332
1301,85206,55333
1302,85206,55334
1303,85206,55335
1304,85206,55336
1305,85206,55337
1306,85206,55338
1307,85206,55339
1308,85206,55340
1309,85206,55341
1310,85206,55342
1311,85206,55343
1312,85206,55344
1313,85206,55345
1314,85206,55346
1315,85206,55347
1316,85206,55348
1317,85206,55349
1318,85206,55350
1319,85206,55351
1320,85206,55352
1321,85206,55353
1322,85206,55354
1323,85206,55355
1324,85206,55356
1325,85206,55357
1326,85206,55358
1327,85206,55359
1328,85206,55360
1329,85206,55361
1330,85206,55362
1331,85206,55363
1332,85206,55364
1333,85206,55365
1334,85206,55366
1335,85206,55367
1336,85206,55368
1337,85206,55369
1338,85206,55370
1339,85206,55371
1340,85206,55372
1341,85206,55373
1342,85206,55374
1343,85206,55375
1344,85206,55376
1345,85206,55377
1346,85206,55378
1347,85206,55379
1348,85206,55380
1349,85206,55381
1350,85206,55382
1351,85206,55383
1352,85206,55384
1353,85206,55385
1354,85206,55386
1355,85206,55387
1356,85206,55388
1357,85206,55389
1358,85206,55390
1359,85206,55391
1360,85206,55392
1361,85206,55393
1362,85206,55394
1363,85206,55395
1364,85206,55396
1365,85206,55397
1366,85206,55398
1367,85206,55399
1368,85206,55400
1369,85206,55401
1370,85206,55402
1371,85206,55403
1372,85206,55404
1373,85206,55405
1374,85206,55406
1375,85206,55407
1376,85206,55408
1377,85206,55409
1378,85206,55410
1379,85206,55411
1380,85206,55412
1381,85206,55413
1382,85206,55414
1383,85206,55415
1384,85206,55416
1385,85206,55417
1386,85206,55418
1387,85206,55419
1388,85206,55420
1389,85206,55507
1390,85206,55508
1391,85206,55509
1392,85206,55510
1393,85206,55511
1394,85206,55512
1395,85206,55513
1396,85206,55514
1397,85206,55515
1398,85206,55516
1399,85206,55517
1400,85206,55518
1401,85206,55519
1402,85206,55520
1403,85206,55521
1404,85206,55522
1405,85206,55523
1406,85206,55524
1407,85207,55320
1408,85207,55321
1409,85207,55322
1410,85207,55323
1411,85207,55324
1412,85207,55325
1413,85207,55326
1414,85207,55327
1415,85207,55328
1416,85207,55329
1417,85207,55330
1418,85207,55331
1419,85207,55332
1420,85207,55333
1421,85207,55334
1422,85207,55335
1423,85207,55336
1424,85207,55337
1425,85207,55338
1426,85207,55339
1427,85207,55340
1428,85207,55341
1429,85207,55342
1430,85207,55343
1431,85207,55344
1432,85207,55345
1433,85207,55346
1434,85207,55347
1435,85207,55348
1436,85207,55349
1437,85207,55350
1438,85207,55351
1439,85207,55352
1440,85207,55353
1441,85207,55354
1442,85207,55355
1443,85207,55356
1444,85207,55357
1445,85207,55358
1446,85207,55359
1447,85207,55360
1448,85207,55361
1449,85207,55362
1450,85207,55363
1451,85207,55364
1452,85207,55365
1453,85207,55366
1454,85207,55367
1455,85207,55368
1456,85207,55369
1457,85207,55370
1458,85207,55371
1459,85207,55372
1460,85207,55373
1461,85207,55374
1462,85207,55375
1463,85207,55376
1464,85207,55377
1465,85207,55378
1466,85207,55379
1467,85207,55380
1468,85207,55381
1469,85207,55382
1470,85207,55383
1471,85207,55384
1472,85207,55385
1473,85207,55386
1474,85207,55387
1475,85207,55388
1476,85207,55389
1477,85207,55390
1478,85207,55391
1479,85207,55392
1480,85207,55393
1481,85207,55394
1482,85207,55395
1483,85207,55396
1484,85207,55397
1485,85207,55398
1486,85207,55399
1487,85207,55400
1488,85207,55401
1489,85207,55402
1490,85207,55403
1491,85207,55404
1492,85207,55405
1493,85207,55406
1494,85207,55407
1495,85207,55408
1496,85207,55409
1497,85207,55410
1498,85207,55411
1499,85207,55412
1500,85207,55413
1501,85207,55414
1502,85207,55415
1503,85207,55416
1504,85207,55417
1505,85207,55418
1506,85207,55419
1507,85207,55420
1508,85207,55508
1509,85207,55509
1510,85207,55510
1511,85207,55511
1512,85207,55512
1513,85207,55513
1514,85207,55514
1515,85207,55515
1516,85207,55516
1517,85207,55517
1518,85207,55518
1519,85207,55519
1520,85207,55520
1521,85207,55521
1522,85207,55522
1523,85207,55523
1524,85207,55524
1525,85208,55320
1526,85208,55321
1527,85208,55322
1528,85208,55323
1529,85208,55324
1530,85208,55325
1531,85208,55326
1532,85208,55327
1533,85208,55328
1534,85208,55329
1535,85208,55330
1536,85208,55331
1537,85208,55332
1538,85208,55333
1539,85208,55334
1540,85208,55335
1541,85208,55336
1542,85208,55337
1543,85208,55338
1544,85208,55339
1545,85208,55340
1546,85208,55341
1547,85208,55342
1548,85208,55343
1549,85208,55344
1550,85208,55345
1551,85208,55346
1552,85208,55347
1553,85208,55348
1554,85208,55349
1555,85208,55350
1556,85208,55351
1557,85208,55352
1558,85208,55353
1559,85208,55354
1560,85208,55355
1561,85208,55356
1562,85208,55357
1563,85208,55358
1564,85208,55359
1565,85208,55360
1566,85208,55361
1567,85208,55362
1568,85208,55363
1569,85208,55364
1570,85208,55365
1571,85208,55366
1572,85208,55367
1573,85208,55368
1574,85208,55369
1575,85208,55370
1576,85208,55371
1577,85208,55372
1578,85208,55373
1579,85208,55374
1580,85208,55375
1581,85208,55376
1582,85208,55377
1583,85208,55378
1584,85208,55379
1585,85208,55380
1586,85208,55381
1587,85208,55382
1588,85208,55383
1589,85208,55384
1590,85208,55385
1591,85208,55386
1592,85208,55387
1593,85208,55388
1594,85208,55389
1595,85208,55390
1596,85208,55391
1597,85208,55392
1598,85208,55393
1599,85208,55394
1600,85208,55395
1601,85208,55396
1602,85208,55397
1603,85208,55398
1604,85208,55399
1605,85208,55400
1606,85208,55401
1607,85208,55402
1608,85208,55403
1609,85208,55404
1610,85208,55405
1611,85208,55406
1612,85208,55407
1613,85208,55408
1614,85208,55409
1615,85208,55410
1616,85208,55411
1617,85208,55412
1618,85208,55413
1619,85208,55414
1620,85208,55415
1621,85208,55416
1622,85208,55417
1623,85208,55418
1624,85208,55419
1625,85208,55420
1626,85208,55421
1627,85208,55509
1628,85208,55510
1629,85208,55511
1630,85208,55512
1631,85208,55513
1632,85208,55514
1633,85208,55515
1634,85208,55516
1635,85208,55517
1636,85208,55518
1637,85208,55519
1638,85208,55520
1639,85208,55521
1640,85208,55522
1641,85208,55523
1642,85209,55320
1643,85209,55321
1644,85209,55322
1645,85209,55323
1646,85209,55324
1647,85209,55325
1648,85209,55326
1649,85209,55327
1650,85209,55328
1651,85209,55329
1652,85209,55330
1653,85209,55331
1654,85209,55332
1655,85209,55333
1656,85209,55334
1657,85209,55335
1658,85209,55336
1659,85209,55337
1660,85209,55338
1661,85209,55339
1662,85209,55340
1663,85209,55341
1664,85209,55342
1665,85209,55343
1666,85209,55344
1667,85209,55345
1668,85209,55346
1669,85209,55347
1670,85209,55348
1671,85209,55349
1672,85209,55350
1673,85209,55351
1674,85209,55352
1675,85209,55353
1676,85209,55354
1677,85209,55355
1678,85209,55356
1679,85209,55357
1680,85209,55358
1681,85209,55359
1682,85209,55360
1683,85209,55361
1684,85209,55362
1685,85209,55363
1686,85209,55364
1687,85209,55365
1688,85209,55366
1689,85209,55367
1690,85209,55368
1691,85209,55369
1692,85209,55370
1693,85209,55371
1694,85209,55372
1695,85209,55373
1696,85209,55374
1697,85209,55375
1698,85209,55376
1699,85209,55377
1700,85209,55378
1701,85209,55379
1702,85209,55380
1703,85209,55381
1704,85209,55382
1705,85209,55383
1706,85209,55384
1707,85209,55385
1708,85209,55386
1709,85209,55387
1710,85209,55388
1711,85209,55389
1712,85209,55390
1713,85209,55391
1714,85209,55392
1715,85209,55393
1716,85209,55394
1717,85209,55395
1718,85209,55396
1719,85209,55397
1720,85209,55398
1721,85209,55399
1722,85209,55400
1723,85209,55401
1724,85209,55402
1725,85209,55403
1726,85209,55404
1727,85209,55405
1728,85209,55406
1729,85209,55407
1730,85209,55408
1731,85209,55409
1732,85209,55410
1733,85209,55411
1734,85209,55412
1735,85209,55413
1736,85209,55414
1737,85209,55415
1738,85209,55416
1739,85209,55417
1740,85209,55418
1741,85209,55419
1742,85209,55420
1743,85209,55421
1744,85209,55509
1745,85209,55510
1746,85209,55511
1747,85209,55512
1748,85209,55513
1749,85209,55514
1750,85209,55515
1751,85209,55516
1752,85209,55517
1753,85209,55518
1754,85209,55519
1755,85209,55520
1756,85209,55521
1757,85209,55522
1758,85209,55523
1759,85210,55320
1760,85210,55321
1761,85210,55322
1762,85210,55323
1763,85210,55324
1764,85210,55325
1765,85210,55326
1766,85210,55327
1767,85210,55328
1768,85210,55329
1769,85210,55330
1770,85210,55331
1771,85210,55332
1772,85210,55333
1773,85210,55334
1774,85210,55335
1775,85210,55336
1776,85210,55337
1777,85210,55338
1778,85210,55339
1779,85210,55340
1780,85210,55341
1781,85210,55342
1782,85210,55343
1783,85210,55344
1784,85210,55345
1785,85210,55346
1786,85210,55347
1787,85210,55348
1788,85210,55349
1789,85210,55350
1790,85210,55351
1791,85210,55352
1792,85210,55353
1793,85210,55354
1794,85210,55355
1795,85210,55356
1796,85210,55357
1797,85210,55358
1798,85210,55359
1799,85210,55360
1800,85210,55361
1801,85210,55362
1802,85210,55363
1803,85210,55364
1804,85210,55365
1805,85210,55366
1806,85210,55367
1807,85210,55368
1808,85210,55369
1809,85210,55370
1810,85210,55371
1811,85210,55372
1812,85210,55373
1813,85210,55374
1814,85210,55375
1815,85210,55376
1816,85210,55377
1817,85210,55378
1818,85210,55379
1819,85210,55380
1820,85210,55381
1821,85210,55382
1822,85210,55383
1823,85210,55384
1824,85210,55385
1825,85210,55386
1826,85210,55387
1827,85210,55388
1828,85210,55389
1829,85210,55390
1830,85210,55391
1831,85210,55392
1832,85210,55393
1833,85210,55394
1834,85210,55395
1835,85210,55396
1836,85210,55397
1837,85210,55398
1838,85210,55399
1839,85210,55400
1840,85210,55401
1841,85210,55402
1842,85210,55403
1843,85210,55404
1844,85210,55405
1845,85210,55406
1846,85210,55407
1847,85210,55408
1848,85210,55409
1849,85210,55410
1850,85210,55411
1851,85210,55412
1852,85210,55413
1853,85210,55414
1854,85210,55415
1855,85210,55416
1856,85210,55417
1857,85210,55418
1858,85210,55419
1859,85210,55420
1860,85210,55421
1861,85210,55422
1862,85210,55510
1863,85210,55512
1864,85210,55513
1865,85210,55514
1866,85210,55515
1867,85210,55516
1868,85210,55517
1869,85210,55518
1870,85210,55519
1871,85210,55520
1872,85210,55521
1873,85210,55522
1874,85210,55523
1875,85211,55320
1876,85211,55321
1877,85211,55322
1878,85211,55323
1879,85211,55324
1880,85211,55325
1881,85211,55326
1882,85211,55327
1883,85211,55328
1884,85211,55329
1885,85211,55330
1886,85211,55331
1887,85211,55332
1888,85211,55333
1889,85211,55334
1890,85211,55335
1891,85211,55336
1892,85211,55337
1893,85211,55338
1894,85211,55339
1895,85211,55340
1896,85211,55341
1897,85211,55342
1898,85211,55343
1899,85211,55344
1900,85211,55345
1901,85211,55346
1902,85211,55347
1903,85211,55348
1904,85211,55349
1905,85211,55350
1906,85211,55351
1907,85211,55352
1908,85211,55353
1909,85211,55354
1910,85211,55355
1911,85211,55356
1912,85211,55357
1913,85211,55358
1914,85211,55359
1915,85211,55360
1916,85211,55361
1917,85211,55362
1918,85211,55363
1919,85211,55364
1920,85211,55365
1921,85211,55366
1922,85211,55367
1923,85211,55368
1924,85211,55369
1925,85211,55370
1926,85211,55371
1927,85211,55372
1928,85211,55373
1929,85211,55374
1930,85211,55375
1931,85211,55376
1932,85211,55377
1933,85211,55378
1934,85211,55379
1935,85211,55380
1936,85211,55381
1937,85211,55382
1938,85211,55383
1939,85211,55384
1940,85211,55385
1941,85211,55386
1942,85211,55387
1943,85211,55388
1944,85211,55389
1945,85211,55390
1946,85211,55391
1947,85211,55392
1948,85211,55393
1949,85211,55394
1950,85211,55395
1951,85211,55396
1952,85211,55397
1953,85211,55398
1954,85211,55399
1955,85211,55400
1956,85211,55401
1957,85211,55402
1958,85211,55403
1959,85211,55404
1960,85211,55405
1961,85211,55406
1962,85211,55407
1963,85211,55408
1964,85211,55409
1965,85211,55410
1966,85211,55411
1967,85211,55412
1968,85211,55413
1969,85211,55414
1970,85211,55415
1971,85211,55416
1972,85211,55417
1973,85211,55418
1974,85211,55419
1975,85211,55420
1976,85211,55421
1977,85211,55422
1978,85211,55423
1979,85211,55513
1980,85211,55514
1981,85211,55515
1982,85211,55516
1983,85211,55517
1984,85211,55518
1985,85211,55519
1986,85211,55520
1987,85211,55521
1988,85211,55522
1989,85211,55523
1990,85212,55320
1991,85212,55321
1992,85212,55322
1993,85212,55323
1994,85212,55324
1995,85212,55325
1996,85212,55326
1997,85212,55327
1998,85212,55328
1999,85212,55329
2000,85212,55330
2001,85212,55331
2002,85212,55332
2003,85212,55333
2004,85212,55334
2005,85212,55335
2006,85212,55336
2007,85212,55337
2008,85212,55338
2009,85212,55339
2010,85212,55340
2011,85212,55341
2012,85212,55342
2013,85212,55343
2014,85212,55344
2015,85212,55345
2016,85212,55346
2017,85212,55347
2018,85212,55348
2019,85212,55349
2020,85212,55350
2021,85212,55351
2022,85212,55352
2023,85212,55353
2024,85212,55354
2025,85212,55355
2026,85212,55356
2027,85212,55357
2028,85212,55358
2029,85212,55359
2030,85212,55360
2031,85212,55361
2032,85212,55362
2033,85212,55363
2034,85212,55364
2035,85212,55365
2036,85212,55366
2037,85212,55367
2038,85212,55368
2039,85212,55369
2040,85212,55370
2041,85212,55371
2042,85212,55372
2043,85212,55373
2044,85212,55374
2045,85212,55375
2046,85212,55376
2047,85212,55377
2048,85212,55378
2049,85212,55379
2050,85212,55380
2051,85212,55381
2052,85212,55382
2053,85212,55383
2054,85212,55384
2055,85212,55385
2056,85212,55386
2057,85212,55387
2058,85212,55388
2059,85212,55389
2060,85212,55390
2061,85212,55391
2062,85212,55392
2063,85212,55393
2064,85212,55394
2065,85212,55395
2066,85212,55396
2067,85212,55397
2068,85212,55398
2069,85212,55399
2070,85212,55400
2071,85212,55401
2072,85212,55402
2073,85212,55403
2074,85212,55404
2075,85212,55405
2076,85212,55406
2077,85212,55407
2078,85212,55408
2079,85212,55409
2080,85212,55410
2081,85212,55411
2082,85212,55412
2083,85212,55413
2084,85212,55414
2085,85212,55415
2086,85212,55416
2087,85212,55417
2088,85212,55418
2089,85212,55419
2090,85212,55420
2091,85212,55421
2092,85212,55422
2093,85212,55423
2094,85212,55424
2095,85212,55513
2096,85212,55514
2097,85212,55515
2098,85212,55516
2099,85212,55517
2100,85212,55518
2101,85212,55519
2102,85212,55520
2103,85212,55521
2104,85212,55522
2105,85213,55320
2106,85213,55321
2107,85213,55322
2108,85213,55323
2109,85213,55324
2110,85213,55325
2111,85213,55326
2112,85213,55327
2113,85213,55328
2114,85213,55329
2115,85213,55330
2116,85213,55331
2117,85213,55332
2118,85213,55333
2119,85213,55334
2120,85213,55335
2121,85213,55336
2122,85213,55337
2123,85213,55338
2124,85213,55339
2125,85213,55340
2126,85213,55341
2127,85213,55342
2128,85213,55343
2129,85213,55344
2130,85213,55345
2131,85213,55346
2132,85213,55347
2133,85213,55348
2134,85213,55349
2135,85213,55350
2136,85213,55351
2137,85213,55352
2138,85213,55353
2139,85213,55354
2140,85213,55355
2141,85213,55356
2142,85213,55357
2143,85213,55358
2144,85213,55359
2145,85213,55360
2146,85213,55361
2147,85213,55362
2148,85213,55363
2149,85213,55364
2150,85213,55365
2151,85213,55366
2152,85213,55367
2153,85213,55368
2154,85213,55369
2155,85213,55370
2156,85213,55371
2157,85213,55372
2158,85213,55373
2159,85213,55374
2160,85213,55375
2161,85213,55376
2162,85213,55377
2163,85213,55378
2164,85213,55379
2165,85213,55380
2166,85213,55381
2167,85213,55382
2168,85213,55383
2169,85213,55384
2170,85213,55385
2171,85213,55386
2172,85213,55387
2173,85213,55388
2174,85213,55389
2175,85213,55390
2176,85213,55391
2177,85213,55392
2178,85213,55393
2179,85213,55394
2180,85213,55395
2181,85213,55396
2182,85213,55397
2183,85213,55398
2184,85213,55399
2185,85213,55400
2186,85213,55401
2187,85213,55402
2188,85213,55403
2189,85213,55404
2190,85213,55405
2191,85213,55406
2192,85213,55407
2193,85213,55408
2194,85213,55409
2195,85213,55410
2196,85213,55411
2197,85213,55412
2198,85213,55413
2199,85213,55414
2200,85213,55415
2201,85213,55416
2202,85213,55417
2203,85213,55418
2204,85213,55419
2205,85213,55420
2206,85213,55421
2207,85213,55422
2208,85213,55423
2209,85213,55424
2210,85213,55425
2211,85213,55514
2212,85213,55515
2213,85213,55516
2214,85213,55517
2215,85213,55518
2216,85213,55519
2217,85213,55520
2218,85213,55521
2219,85214,55320
2220,85214,55321
2221,85214,55322
2222,85214,55323
2223,85214,55324
2224,85214,55325
2225,85214,55326
2226,85214,55327
2227,85214,55328
2228,85214,55329
2229,85214,55330
2230,85214,55331
2231,85214,55332
2232,85214,55333
2233,85214,55334
2234,85214,55335
2235,85214,55336
2236,85214,55337
2237,85214,55338
2238,85214,55339
2239,85214,55340
2240,85214,55341
2241,85214,55342
2242,85214,55343
2243,85214,55344
2244,85214,55345
2245,85214,55346
2246,85214,55347
2247,85214,55348
2248,85214,55349
2249,85214,55350
2250,85214,55351
2251,85214,55352
2252,85214,55353
2253,85214,55354
2254,85214,55355
2255,85214,55356
2256,85214,55357
2257,85214,55358
2258,85214,55359
2259,85214,55360
2260,85214,55361
2261,85214,55362
2262,85214,55363
2263,85214,55364
2264,85214,55365
2265,85214,55366
2266,85214,55367
2267,85214,55368
2268,85214,55369
2269,85214,55370
2270,85214,55371
2271,85214,55372
2272,85214,55373
2273,85214,55374
2274,85214,55375
2275,85214,55376
2276,85214,55377
2277,85214,55378
2278,85214,55379
2279,85214,55380
2280,85214,55381
2281,85214,55382
2282,85214,55383
2283,85214,55384
2284,85214,55385
2285,85214,55386
2286,85214,55387
2287,85214,55388
2288,85214,55389
2289,85214,55390
2290,85214,55391
2291,85214,55392
2292,85214,55393
2293,85214,55394
2294,85214,55395
2295,85214,55396
2296,85214,55397
2297,85214,55398
2298,85214,55399
2299,85214,55400
2300,85214,55401
2301,85214,55402
2302,85214,55403
2303,85214,55404
2304,85214,55405
2305,85214,55406
2306,85214,55407
2307,85214,55408
2308,85214,55409
2309,85214,55410
2310,85214,55411
2311,85214,55412
2312,85214,55413
2313,85214,55414
2314,85214,55415
2315,85214,55416
2316,85214,55417
2317,85214,55418
2318,85214,55419
2319,85214,55420
2320,85214,55421
2321,85214,55422
2322,85214,55423
2323,85214,55424
2324,85214,55425
2325,85214,55426
2326,85214,55514
2327,85214,55515
2328,85214,55516
2329,85214,55517
2330,85214,55518
2331,85214,55519
2332,85215,55320
2333,85215,55321
2334,85215,55322
2335,85215,55323
2336,85215,55324
2337,85215,55325
2338,85215,55326
2339,85215,55327
2340,85215,55328
2341,85215,55329
2342,85215,55330
2343,85215,55331
2344,85215,55332
2345,85215,55333
2346,85215,55334
2347,85215,55335
2348,85215,55336
2349,85215,55337
2350,85215,55338
2351,85215,55339
2352,85215,55340
2353,85215,55341
2354,85215,55342
2355,85215,55343
2356,85215,55344
2357,85215,55345
2358,85215,55346
2359,85215,55347
2360,85215,55348
2361,85215,55349
2362,85215,55350
2363,85215,55351
2364,85215,55352
2365,85215,55353
2366,85215,55354
2367,85215,55355
2368,85215,55356
2369,85215,55357
2370,85215,55358
2371,85215,55359
2372,85215,55360
2373,85215,55361
2374,85215,55362
2375,85215,55363
2376,85215,55364
2377,85215,55365
2378,85215,55366
2379,85215,55367
2380,85215,55368
2381,85215,55369
2382,85215,55370
2383,85215,55371
2384,85215,55372
2385,85215,55373
2386,85215,55374
2387,85215,55375
2388,85215,55376
2389,85215,55377
2390,85215,55378
2391,85215,55379
2392,85215,55380
2393,85215,55381
2394,85215,55382
2395,85215,55383
2396,85215,55384
2397,85215,55385
2398,85215,55386
2399,85215,55387
2400,85215,55388
2401,85215,55389
2402,85215,55390
2403,85215,55391
2404,85215,55392
2405,85215,55393
2406,85215,55394
2407,85215,55395
2408,85215,55396
2409,85215,55397
2410,85215,55398
2411,85215,55399
2412,85215,55400
2413,85215,55401
2414,85215,55402
2415,85215,55403
2416,85215,55404
2417,85215,55405
2418,85215,55406
2419,85215,55407
2420,85215,55408
2421,85215,55409
2422,85215,55410
2423,85215,55411
2424,85215,55412
2425,85215,55413
2426,85215,55414
2427,85215,55415
2428,85215,55416
2429,85215,55417
2430,85215,55418
2431,85215,55419
2432,85215,55420
2433,85215,55421
2434,85215,55422
2435,85215,55423
2436,85215,55424
2437,85215,55425
2438,85215,55426
2439,85216,55320
2440,85216,55321
2441,85216,55322
2442,85216,55323
2443,85216,55324
2444,85216,55325
2445,85216,55326
2446,85216,55327
2447,85216,55328
2448,85216,55329
2449,85216,55330
2450,85216,55331
2451,85216,55332
2452,85216,55333
2453,85216,55334
2454,85216,55335
2455,85216,55336
2456,85216,55337
2457,85216,55338
2458,85216,55339
2459,85216,55340
2460,85216,55341
2461,85216,55342
2462,85216,55343
2463,85216,55344
2464,85216,55345
2465,85216,55346
2466,85216,55347
2467,85216,55348
2468,85216,55349
2469,85216,55350
2470,85216,55351
2471,85216,55352
2472,85216,55353
2473,85216,55354
2474,85216,55355
2475,85216,55356
2476,85216,55357
2477,85216,55358
2478,85216,55359
2479,85216,55360
2480,85216,55361
2481,85216,55362
2482,85216,55363
2483,85216,55364
2484,85216,55365
2485,85216,55366
2486,85216,55367
2487,85216,55368
2488,85216,55369
2489,85216,55370
2490,85216,55371
2491,85216,55372
2492,85216,55373
2493,85216,55374
2494,85216,55375
2495,85216,55376
2496,85216,55377
2497,85216,55378
2498,85216,55379
2499,85216,55380
2500,85216,55381
2501,85216,55382
2502,85216,55383
2503,85216,55384
2504,85216,55385
2505,85216,55386
2506,85216,55387
2507,85216,55388
2508,85216,55389
2509,85216,55390
2510,85216,55391
2511,85216,55392
2512,85216,55393
2513,85216,55394
2514,85216,55395
2515,85216,55396
2516,85216,55397
2517,85216,55398
2518,85216,55399
2519,85216,55400
2520,85216,55401
2521,85216,55402
2522,85216,55403
2523,85216,55404
2524,85216,55405
2525,85216,55406
2526,85216,55407
2527,85216,55408
2528,85216,55409
2529,85216,55410
2530,85216,55411
2531,85216,55412
2532,85216,55413
2533,85216,55414
2534,85216,55415
2535,85216,55416
2536,85216,55417
2537,85216,55418
2538,85216,55419
2539,85216,55420
2540,85216,55421
2541,85216,55422
2542,85216,55423
2543,85216,55424
2544,85216,55425
2545,85216,55426
2546,85217,55320
2547,85217,55321
2548,85217,55322
2549,85217,55323
2550,85217,55324
2551,85217,55325
2552,85217,55326
2553,85217,55327
2554,85217,55328
2555,85217,55329
2556,85217,55330
2557,85217,55331
2558,85217,55332
2559,85217,55333
2560,85217,55334
2561,85217,55335
2562,85217,55336
2563,85217,55337
2564,85217,55338
2565,85217,55339
2566,85217,55340
2567,85217,55341
2568,85217,55342
2569,85217,55343
2570,85217,55344
2571,85217,55345
2572,85217,55346
2573,85217,55347
2574,85217,55348
2575,85217,55349
2576,85217,55350
2577,85217,55351
2578,85217,55352
2579,85217,55353
2580,85217,55354
2581,85217,55355
2582,85217,55356
2583,85217,55357
2584,85217,55358
2585,85217,55359
2586,85217,55360
2587,85217,55361
2588,85217,55362
2589,85217,55363
2590,85217,55364
2591,85217,55365
2592,85217,55366
2593,85217,55367
2594,85217,55368
2595,85217,55369
2596,85217,55370
2597,85217,55371
2598,85217,55372
2599,85217,55373
2600,85217,55374
2601,85217,55375
2602,85217,55376
2603,85217,55377
2604,85217,55378
2605,85217,55379
2606,85217,55380
2607,85217,55381
2608,85217,55382
2609,85217,55383
2610,85217,55384
2611,85217,55385
2612,85217,55386
2613,85217,55387
2614,85217,55388
2615,85217,55389
2616,85217,55390
2617,85217,55391
2618,85217,55392
2619,85217,55393
2620,85217,55394
2621,85217,55395
2622,85217,55396
2623,85217,55397
2624,85217,55398
2625,85217,55399
2626,85217,55400
2627,85217,55401
2628,85217,55402
2629,85217,55403
2630,85217,55404
2631,85217,55405
2632,85217,55406
2633,85217,55407
2634,85217,55408
2635,85217,55409
2636,85217,55410
2637,85217,55411
2638,85217,55412
2639,85217,55413
2640,85217,55414
2641,85217,55415
2642,85217,55416
2643,85217,55417
2644,85217,55418
2645,85217,55419
2646,85217,55420
2647,85217,55421
2648,85217,55422
2649,85217,55423
2650,85217,55424
2651,85217,55425
2652,85217,55426
2653,85217,55427
2654,85218,55320
2655,85218,55321
2656,85218,55322
2657,85218,55323
2658,85218,55324
2659,85218,55325
2660,85218,55326
2661,85218,55327
2662,85218,55328
2663,85218,55329
2664,85218,55330
2665,85218,55331
2666,85218,55332
2667,85218,55333
2668,85218,55334
2669,85218,55335
2670,85218,55336
2671,85218,55337
2672,85218,55338
2673,85218,55339
2674,85218,55340
2675,85218,55341
2676,85218,55342
2677,85218,55343
2678,85218,55344
2679,85218,55345
2680,85218,55346
2681,85218,55347
2682,85218,55348
2683,85218,55349
2684,85218,55350
2685,85218,55351
2686,85218,55352
2687,85218,55353
2688,85218,55354
2689,85218,55355
2690,85218,55356
2691,85218,55357
2692,85218,55358
2693,85218,55359
2694,85218,55360
2695,85218,55361
2696,85218,55362
2697,85218,55363
2698,85218,55364
2699,85218,55365
2700,85218,55366
2701,85218,55367
2702,85218,55368
2703,85218,55369
2704,85218,55370
2705,85218,55371
2706,85218,55372
2707,85218,55373
2708,85218,55374
2709,85218,55375
2710,85218,55376
2711,85218,55377
2712,85218,55378
2713,85218,55379
2714,85218,55380
2715,85218,55381
2716,85218,55382
2717,85218,55383
2718,85218,55384
2719,85218,55385
2720,85218,55386
2721,85218,55387
2722,85218,55388
2723,85218,55389
2724,85218,55390
2725,85218,55391
2726,85218,55392
2727,85218,55393
2728,85218,55394
2729,85218,55395
2730,85218,55396
2731,85218,55397
2732,85218,55398
2733,85218,55399
2734,85218,55400
2735,85218,55401
2736,85218,55402
2737,85218,55403
2738,85218,55404
2739,85218,55405
2740,85218,55406
2741,85218,55407
2742,85218,55408
2743,85218,55409
2744,85218,55410
2745,85218,55411
2746,85218,55412
2747,85218,55413
2748,85218,55414
2749,85218,55415
2750,85218,55416
2751,85218,55417
2752,85218,55418
2753,85218,55419
2754,85218,55420
2755,85218,55421
2756,85218,55422
2757,85218,55423
2758,85218,55424
2759,85218,55425
2760,85218,55426
2761,85218,55427
2762,85219,55320
2763,85219,55321
2764,85219,55322
2765,85219,55323
2766,85219,55324
2767,85219,55325
2768,85219,55326
2769,85219,55327
2770,85219,55328
2771,85219,55329
2772,85219,55330
2773,85219,55331
2774,85219,55332
2775,85219,55333
2776,85219,55334
2777,85219,55335
2778,85219,55336
2779,85219,55337
2780,85219,55338
2781,85219,55339
2782,85219,55340
2783,85219,55341
2784,85219,55342
2785,85219,55343
2786,85219,55344
2787,85219,55345
2788,85219,55346
2789,85219,55347
2790,85219,55348
2791,85219,55349
2792,85219,55350
2793,85219,55351
2794,85219,55352
2795,85219,55353
2796,85219,55354
2797,85219,55355
2798,85219,55356
2799,85219,55357
2800,85219,55358
2801,85219,55359
2802,85219,55360
2803,85219,55361
2804,85219,55362
2805,85219,55363
2806,85219,55364
2807,85219,55365
2808,85219,55366
2809,85219,55367
2810,85219,55368
2811,85219,55369
2812,85219,55370
2813,85219,55371
2814,85219,55372
2815,85219,55373
2816,85219,55374
2817,85219,55375
2818,85219,55376
2819,85219,55377
2820,85219,55378
2821,85219,55379
2822,85219,55380
2823,85219,55381
2824,85219,55382
2825,85219,55383
2826,85219,55384
2827,85219,55385
2828,85219,55386
2829,85219,55387
2830,85219,55388
2831,85219,55389
2832,85219,55390
2833,85219,55391
2834,85219,55392
2835,85219,55393
2836,85219,55394
2837,85219,55395
2838,85219,55396
2839,85219,55397
2840,85219,55398
2841,85219,55399
2842,85219,55400
2843,85219,55401
2844,85219,55402
2845,85219,55403
2846,85219,55404
2847,85219,55405
2848,85219,55406
2849,85219,55407
2850,85219,55408
2851,85219,55409
2852,85219,55410
2853,85219,55411
2854,85219,55412
2855,85219,55413
2856,85219,55414
2857,85219,55415
2858,85219,55416
2859,85219,55417
2860,85219,55418
2861,85219,55419
2862,85219,55420
2863,85219,55421
2864,85219,55422
2865,85219,55423
2866,85219,55424
2867,85219,55425
2868,85219,55426
2869,85219,55427
2870,85219,55428
2871,85220,55320
2872,85220,55321
2873,85220,55322
2874,85220,55323
2875,85220,55324
2876,85220,55325
2877,85220,55326
2878,85220,55327
2879,85220,55328
2880,85220,55329
2881,85220,55330
2882,85220,55331
2883,85220,55332
2884,85220,55333
2885,85220,55334
2886,85220,55335
2887,85220,55336
2888,85220,55337
2889,85220,55338
2890,85220,55339
2891,85220,55340
2892,85220,55341
2893,85220,55342
2894,85220,55343
2895,85220,55344
2896,85220,55345
2897,85220,55346
2898,85220,55347
2899,85220,55348
2900,85220,55349
2901,85220,55350
2902,85220,55351
2903,85220,55352
2904,85220,55353
2905,85220,55354
2906,85220,55355
2907,85220,55356
2908,85220,55357
2909,85220,55358
2910,85220,55359
2911,85220,55360
2912,85220,55361
2913,85220,55362
2914,85220,55363
2915,85220,55364
2916,85220,55365
2917,85220,55366
2918,85220,55367
2919,85220,55368
2920,85220,55369
2921,85220,55370
2922,85220,55371
2923,85220,55372
2924,85220,55373
2925,85220,55374
2926,85220,55375
2927,85220,55376
2928,85220,55377
2929,85220,55378
2930,85220,55379
2931,85220,55380
2932,85220,55381
2933,85220,55382
2934,85220,55383
2935,85220,55384
2936,85220,55385
2937,85220,55386
2938,85220,55387
2939,85220,55388
2940,85220,55389
2941,85220,55390
2942,85220,55391
2943,85220,55392
2944,85220,55393
2945,85220,55394
2946,85220,55395
2947,85220,55396
2948,85220,55397
2949,85220,55398
2950,85220,55399
2951,85220,55400
2952,85220,55401
2953,85220,55402
2954,85220,55403
2955,85220,55404
2956,85220,55405
2957,85220,55406
2958,85220,55407
2959,85220,55408
2960,85220,55409
2961,85220,55410
2962,85220,55411
2963,85220,55412
2964,85220,55413
2965,85220,55414
2966,85220,55415
2967,85220,55416
2968,85220,55417
2969,85220,55418
2970,85220,55419
2971,85220,55420
2972,85220,55421
2973,85220,55422
2974,85220,55423
2975,85220,55424
2976,85220,55425
2977,85220,55426
2978,85220,55427
2979,85220,55428
2980,85221,55320
2981,85221,55321
2982,85221,55322
2983,85221,55323
2984,85221,55324
2985,85221,55325
2986,85221,55326
2987,85221,55327
2988,85221,55328
2989,85221,55329
2990,85221,55330
2991,85221,55331
2992,85221,55332
2993,85221,55333
2994,85221,55334
2995,85221,55335
2996,85221,55336
2997,85221,55337
2998,85221,55338
2999,85221,55339
3000,85221,55340
3001,85221,55341
3002,85221,55342
3003,85221,55343
3004,85221,55344
3005,85221,55345
3006,85221,55346
3007,85221,55347
3008,85221,55348
3009,85221,55349
3010,85221,55350
3011,85221,55351
3012,85221,55352
3013,85221,55353
3014,85221,55354
3015,85221,55355
3016,85221,55356
3017,85221,55357
3018,85221,55358
3019,85221,55359
3020,85221,55360
3021,85221,55361
3022,85221,55362
3023,85221,55363
3024,85221,55364
3025,85221,55365
3026,85221,55366
3027,85221,55367
3028,85221,55368
3029,85221,55369
3030,85221,55370
3031,85221,55371
3032,85221,55372
3033,85221,55373
3034,85221,55374
3035,85221,55375
3036,85221,55376
3037,85221,55377
3038,85221,55378
3039,85221,55379
3040,85221,55380
3041,85221,55381
3042,85221,55382
3043,85221,55383
3044,85221,55384
3045,85221,55385
3046,85221,55386
3047,85221,55387
3048,85221,55388
3049,85221,55389
3050,85221,55390
3051,85221,55391
3052,85221,55392
3053,85221,55393
3054,85221,55394
3055,85221,55395
3056,85221,55396
3057,85221,55397
3058,85221,55398
3059,85221,55399
3060,85221,55400
3061,85221,55401
3062,85221,55402
3063,85221,55403
3064,85221,55404
3065,85221,55405
3066,85221,55406
3067,85221,55407
3068,85221,55408
3069,85221,55409
3070,85221,55410
3071,85221,55411
3072,85221,55412
3073,85221,55413
3074,85221,55414
3075,85221,55415
3076,85221,55416
3077,85221,55417
3078,85221,55418
3079,85221,55419
3080,85221,55420
3081,85221,55421
3082,85221,55422
3083,85221,55423
3084,85221,55424
3085,85221,55425
3086,85221,55426
3087,85221,55427
3088,85221,55428
3089,85222,55320
3090,85222,55321
3091,85222,55322
3092,85222,55323
3093,85222,55324
3094,85222,55325
3095,85222,55326
3096,85222,55327
3097,85222,55328
3098,85222,55329
3099,85222,55330
3100,85222,55331
3101,85222,55332
3102,85222,55333
3103,85222,55334
3104,85222,55335
3105,85222,55336
3106,85222,55337
3107,85222,55338
3108,85222,55339
3109,85222,55340
3110,85222,55341
3111,85222,55342
3112,85222,55343
3113,85222,55344
3114,85222,55345
3115,85222,55346
3116,85222,55347
3117,85222,55348
3118,85222,55349
3119,85222,55350
3120,85222,55351
3121,85222,55352
3122,85222,55353
3123,85222,55354
3124,85222,55355
3125,85222,55356
3126,85222,55357
3127,85222,55358
3128,85222,55359
3129,85222,55360
3130,85222,55361
3131,85222,55362
3132,85222,55363
3133,85222,55364
3134,85222,55365
3135,85222,55366
3136,85222,55367
3137,85222,55368
3138,85222,55369
3139,85222,55370
3140,85222,55371
3141,85222,55372
3142,85222,55373
3143,85222,55374
3144,85222,55375
3145,85222,55376
3146,85222,55377
3147,85222,55378
3148,85222,55379
3149,85222,55380
3150,85222,55381
3151,85222,55382
3152,85222,55383
3153,85222,55384
3154,85222,55385
3155,85222,55386
3156,85222,55387
3157,85222,55388
3158,85222,55389
3159,85222,55390
3160,85222,55391
3161,85222,55392
3162,85222,55393
3163,85222,55394
3164,85222,55395
3165,85222,55396
3166,85222,55397
3167,85222,55398
3168,85222,55399
3169,85222,55400
3170,85222,55401
3171,85222,55402
3172,85222,55403
3173,85222,55404
3174,85222,55405
3175,85222,55406
3176,85222,55407
3177,85222,55408
3178,85222,55409
3179,85222,55410
3180,85222,55411
3181,85222,55412
3182,85222,55413
3183,85222,55414
3184,85222,55415
3185,85222,55416
3186,85222,55417
3187,85222,55418
3188,85222,55419
3189,85222,55420
3190,85222,55421
3191,85222,55422
3192,85222,55423
3193,85222,55424
3194,85222,55425
3195,85222,55426
3196,85222,55427
3197,85222,55428
3198,85223,55320
3199,85223,55321
3200,85223,55322
3201,85223,55323
3202,85223,55324
3203,85223,55325
3204,85223,55326
3205,85223,55327
3206,85223,55328
3207,85223,55329
3208,85223,55330
3209,85223,55331
3210,85223,55332
3211,85223,55333
3212,85223,55334
3213,85223,55335
3214,85223,55336
3215,85223,55337
3216,85223,55338
3217,85223,55339
3218,85223,55340
3219,85223,55341
3220,85223,55342
3221,85223,55343
3222,85223,55344
3223,85223,55345
3224,85223,55346
3225,85223,55347
3226,85223,55348
3227,85223,55349
3228,85223,55350
3229,85223,55351
3230,85223,55352
3231,85223,55353
3232,85223,55354
3233,85223,55355
3234,85223,55356
3235,85223,55357
3236,85223,55358
3237,85223,55359
3238,85223,55360
3239,85223,55361
3240,85223,55362
3241,85223,55363
3242,85223,55364
3243,85223,55365
3244,85223,55366
3245,85223,55367
3246,85223,55368
3247,85223,55369
3248,85223,55370
3249,85223,55371
3250,85223,55372
3251,85223,55373
3252,85223,55374
3253,85223,55375
3254,85223,55376
3255,85223,55377
3256,85223,55378
3257,85223,55379
3258,85223,55380
3259,85223,55381
3260,85223,55382
3261,85223,55383
3262,85223,55384
3263,85223,55385
3264,85223,55386
3265,85223,55387
3266,85223,55388
3267,85223,55389
3268,85223,55390
3269,85223,55391
3270,85223,55392
3271,85223,55393
3272,85223,55394
3273,85223,55395
3274,85223,55396
3275,85223,55397
3276,85223,55398
3277,85223,55399
3278,85223,55400
3279,85223,55401
3280,85223,55402
3281,85223,55403
3282,85223,55404
3283,85223,55405
3284,85223,55406
3285,85223,55407
3286,85223,55408
3287,85223,55409
3288,85223,55410
3289,85223,55411
3290,85223,55412
3291,85223,55413
3292,85223,55414
3293,85223,55415
3294,85223,55416
3295,85223,55417
3296,85223,55418
3297,85223,55419
3298,85223,55420
3299,85223,55421
3300,85223,55422
3301,85223,55423
3302,85223,55424
3303,85223,55425
3304,85223,55426
3305,85223,55427
3306,85223,55428
3307,85223,55429
3308,85224,55320
3309,85224,55321
3310,85224,55322
3311,85224,55323
3312,85224,55324
3313,85224,55325
3314,85224,55326
3315,85224,55327
3316,85224,55328
3317,85224,55329
3318,85224,55330
3319,85224,55331
3320,85224,55332
3321,85224,55333
3322,85224,55334
3323,85224,55335
3324,85224,55336
3325,85224,55337
3326,85224,55338
3327,85224,55339
3328,85224,55340
3329,85224,55341
3330,85224,55342
3331,85224,55343
3332,85224,55344
3333,85224,55345
3334,85224,55346
3335,85224,55347
3336,85224,55348
3337,85224,55349
3338,85224,55350
3339,85224,55351
3340,85224,55352
3341,85224,55353
3342,85224,55354
3343,85224,55355
3344,85224,55356
3345,85224,55357
3346,85224,55358
3347,85224,55359
3348,85224,55360
3349,85224,55361
3350,85224,55362
3351,85224,55363
3352,85224,55364
3353,85224,55365
3354,85224,55366
3355,85224,55367
3356,85224,55368
3357,85224,55369
3358,85224,55370
3359,85224,55371
3360,85224,55372
3361,85224,55373
3362,85224,55374
3363,85224,55375
3364,85224,55376
3365,85224,55377
3366,85224,55378
3367,85224,55379
3368,85224,55380
3369,85224,55381
3370,85224,55382
3371,85224,55383
3372,85224,55384
3373,85224,55385
3374,85224,55386
3375,85224,55387
3376,85224,55388
3377,85224,55389
3378,85224,55390
3379,85224,55391
3380,85224,55392
3381,85224,55393
3382,85224,55394
3383,85224,55395
3384,85224,55396
3385,85224,55397
3386,85224,55398
3387,85224,55399
3388,85224,55400
3389,85224,55401
3390,85224,55402
3391,85224,55403
3392,85224,55404
3393,85224,55405
3394,85224,55406
3395,85224,55407
3396,85224,55408
3397,85224,55409
3398,85224,55410
3399,85224,55411
3400,85224,55412
3401,85224,55413
3402,85224,55414
3403,85224,55415
3404,85224,55416
3405,85224,55417
3406,85224,55418
3407,85224,55419
3408,85224,55420
3409,85224,55421
3410,85224,55422
3411,85224,55423
3412,85224,55424
3413,85224,55425
3414,85224,55426
3415,85224,55427
3416,85224,55428
3417,85224,55429
3418,85225,55320
3419,85225,55321
3420,85225,55322
3421,85225,55323
3422,85225,55324
3423,85225,55325
3424,85225,55326
3425,85225,55327
3426,85225,55328
3427,85225,55329
3428,85225,55330
3429,85225,55331
3430,85225,55332
3431,85225,55333
3432,85225,55334
3433,85225,55335
3434,85225,55336
3435,85225,55337
3436,85225,55338
3437,85225,55339
3438,85225,55340
3439,85225,55341
3440,85225,55342
3441,85225,55343
3442,85225,55344
3443,85225,55345
3444,85225,55346
3445,85225,55347
3446,85225,55348
3447,85225,55349
3448,85225,55350
3449,85225,55351
3450,85225,55352
3451,85225,55353
3452,85225,55354
3453,85225,55355
3454,85225,55356
3455,85225,55357
3456,85225,55358
3457,85225,55359
3458,85225,55360
3459,85225,55361
3460,85225,55362
3461,85225,55363
3462,85225,55364
3463,85225,55365
3464,85225,55366
3465,85225,55367
3466,85225,55368
3467,85225,55369
3468,85225,55370
3469,85225,55371
3470,85225,55372
3471,85225,55373
3472,85225,55374
3473,85225,55375
3474,85225,55376
3475,85225,55377
3476,85225,55378
3477,85225,55379
3478,85225,55380
3479,85225,55381
3480,85225,55382
3481,85225,55383
3482,85225,55384
3483,85225,55385
3484,85225,55386
3485,85225,55387
3486,85225,55388
3487,85225,55389
3488,85225,55390
3489,85225,55391
3490,85225,55392
3491,85225,55393
3492,85225,55394
3493,85225,55395
3494,85225,55396
3495,85225,55397
3496,85225,55398
3497,85225,55399
3498,85225,55400
3499,85225,55401
3500,85225,55402
3501,85225,55403
3502,85225,55404
3503,85225,55405
3504,85225,55406
3505,85225,55407
3506,85225,55408
3507,85225,55409
3508,85225,55410
3509,85225,55411
3510,85225,55412
3511,85225,55413
3512,85225,55414
3513,85225,55415
3514,85225,55416
3515,85225,55417
3516,85225,55418
3517,85225,55419
3518,85225,55420
3519,85225,55421
3520,85225,55422
3521,85225,55423
3522,85225,55424
3523,85225,55425
3524,85225,55426
3525,85225,55427
3526,85225,55428
3527,85225,55429
3528,85225,55430
3529,85226,55320
3530,85226,55321
3531,85226,55322
3532,85226,55323
3533,85226,55324
3534,85226,55325
3535,85226,55326
3536,85226,55327
3537,85226,55328
3538,85226,55329
3539,85226,55330
3540,85226,55331
3541,85226,55332
3542,85226,55333
3543,85226,55334
3544,85226,55335
3545,85226,55336
3546,85226,55337
3547,85226,55338
3548,85226,55339
3549,85226,55340
3550,85226,55341
3551,85226,55342
3552,85226,55343
3553,85226,55344
3554,85226,55345
3555,85226,55346
3556,85226,55347
3557,85226,55348
3558,85226,55349
3559,85226,55350
3560,85226,55351
3561,85226,55352
3562,85226,55353
3563,85226,55354
3564,85226,55355
3565,85226,55356
3566,85226,55357
3567,85226,55358
3568,85226,55359
3569,85226,55360
3570,85226,55361
3571,85226,55362
3572,85226,55363
3573,85226,55364
3574,85226,55365
3575,85226,55366
3576,85226,55367
3577,85226,55368
3578,85226,55369
3579,85226,55370
3580,85226,55371
3581,85226,55372
3582,85226,55373
3583,85226,55374
3584,85226,55375
3585,85226,55376
3586,85226,55377
3587,85226,55378
3588,85226,55379
3589,85226,55380
3590,85226,55381
3591,85226,55382
3592,85226,55383
3593,85226,55384
3594,85226,55385
3595,85226,55386
3596,85226,55387
3597,85226,55388
3598,85226,55389
3599,85226,55390
3600,85226,55391
3601,85226,55392
3602,85226,55393
3603,85226,55394
3604,85226,55395
3605,85226,55396
3606,85226,55397
3607,85226,55398
3608,85226,55399
3609,85226,55400
3610,85226,55401
3611,85226,55402
3612,85226,55403
3613,85226,55404
3614,85226,55405
3615,85226,55406
3616,85226,55407
3617,85226,55408
3618,85226,55409
3619,85226,55410
3620,85226,55411
3621,85226,55412
3622,85226,55413
3623,85226,55414
3624,85226,55415
3625,85226,55416
3626,85226,55417
3627,85226,55418
3628,85226,55419
3629,85226,55420
3630,85226,55421
3631,85226,55422
3632,85226,55423
3633,85226,55424
3634,85226,55425
3635,85226,55426
3636,85226,55427
3637,85226,55428
3638,85226,55429
3639,85226,55430
3640,85226,55431
3641,85227,55320
3642,85227,55321
3643,85227,55322
3644,85227,55323
3645,85227,55324
3646,85227,55325
3647,85227,55326
3648,85227,55327
3649,85227,55328
3650,85227,55329
3651,85227,55330
3652,85227,55331
3653,85227,55332
3654,85227,55333
3655,85227,55334
3656,85227,55335
3657,85227,55336
3658,85227,55337
3659,85227,55338
3660,85227,55339
3661,85227,55340
3662,85227,55341
3663,85227,55342
3664,85227,55343
3665,85227,55344
3666,85227,55345
3667,85227,55346
3668,85227,55347
3669,85227,55348
3670,85227,55349
3671,85227,55350
3672,85227,55351
3673,85227,55352
3674,85227,55353
3675,85227,55354
3676,85227,55355
3677,85227,55356
3678,85227,55357
3679,85227,55358
3680,85227,55359
3681,85227,55360
3682,85227,55361
3683,85227,55362
3684,85227,55363
3685,85227,55364
3686,85227,55365
3687,85227,55366
3688,85227,55367
3689,85227,55368
3690,85227,55369
3691,85227,55370
3692,85227,55371
3693,85227,55372
3694,85227,55373
3695,85227,55374
3696,85227,55375
3697,85227,55376
3698,85227,55377
3699,85227,55378
3700,85227,55379
3701,85227,55380
3702,85227,55381
3703,85227,55382
3704,85227,55383
3705,85227,55384
3706,85227,55385
3707,85227,55386
3708,85227,55387
3709,85227,55388
3710,85227,55389
3711,85227,55390
3712,85227,55391
3713,85227,55392
3714,85227,55393
3715,85227,55394
3716,85227,55395
3717,85227,55396
3718,85227,55397
3719,85227,55398
3720,85227,55399
3721,85227,55400
3722,85227,55401
3723,85227,55402
3724,85227,55403
3725,85227,55404
3726,85227,55405
3727,85227,55406
3728,85227,55407
3729,85227,55408
3730,85227,55409
3731,85227,55410
3732,85227,55411
3733,85227,55412
3734,85227,55413
3735,85227,55414
3736,85227,55415
3737,85227,55416
3738,85227,55417
3739,85227,55418
3740,85227,55419
3741,85227,55420
3742,85227,55421
3743,85227,55422
3744,85227,55423
3745,85227,55424
3746,85227,55425
3747,85227,55426
3748,85227,55427
3749,85227,55428
3750,85227,55429
3751,85227,55430
3752,85227,55431
3753,85228,55320
3754,85228,55321
3755,85228,55322
3756,85228,55323
3757,85228,55324
3758,85228,55325
3759,85228,55326
3760,85228,55327
3761,85228,55328
3762,85228,55329
3763,85228,55330
3764,85228,55331
3765,85228,55332
3766,85228,55333
3767,85228,55334
3768,85228,55335
3769,85228,55336
3770,85228,55337
3771,85228,55338
3772,85228,55339
3773,85228,55340
3774,85228,55341
3775,85228,55342
3776,85228,55343
3777,85228,55344
3778,85228,55345
3779,85228,55346
3780,85228,55347
3781,85228,55348
3782,85228,55349
3783,85228,55350
3784,85228,55351
3785,85228,55352
3786,85228,55353
3787,85228,55354
3788,85228,55355
3789,85228,55356
3790,85228,55357
3791,85228,55358
3792,85228,55359
3793,85228,55360
3794,85228,55361
3795,85228,55362
3796,85228,55363
3797,85228,55364
3798,85228,55365
3799,85228,55366
3800,85228,55367
3801,85228,55368
3802,85228,55369
3803,85228,55370
3804,85228,55371
3805,85228,55372
3806,85228,55373
3807,85228,55374
3808,85228,55375
3809,85228,55376
3810,85228,55377
3811,85228,55378
3812,85228,55379
3813,85228,55380
3814,85228,55381
3815,85228,55382
3816,85228,55383
3817,85228,55384
3818,85228,55385
3819,85228,55386
3820,85228,55387
3821,85228,55388
3822,85228,55389
3823,85228,55390
3824,85228,55391
3825,85228,55392
3826,85228,55393
3827,85228,55394
3828,85228,55395
3829,85228,55396
3830,85228,55397
3831,85228,55398
3832,85228,55399
3833,85228,55400
3834,85228,55401
3835,85228,55402
3836,85228,55403
3837,85228,55404
3838,85228,55405
3839,85228,55406
3840,85228,55407
3841,85228,55408
3842,85228,55409
3843,85228,55410
3844,85228,55411
3845,85228,55412
3846,85228,55413
3847,85228,55414
3848,85228,55415
3849,85228,55416
3850,85228,55417
3851,85228,55418
3852,85228,55419
3853,85228,55420
3854,85228,55421
3855,85228,55422
3856,85228,55423
3857,85228,55424
3858,85228,55425
3859,85228,55426
3860,85228,55427
3861,85228,55428
3862,85228,55429
3863,85228,55430
3864,85228,55431
3865,85228,55432
3866,85229,55320
3867,85229,55321
3868,85229,55322
3869,85229,55323
3870,85229,55324
3871,85229,55325
3872,85229,55326
3873,85229,55327
3874,85229,55328
3875,85229,55329
3876,85229,55330
3877,85229,55331
3878,85229,55332
3879,85229,55333
3880,85229,55334
3881,85229,55335
3882,85229,55336
3883,85229,55337
3884,85229,55338
3885,85229,55339
3886,85229,55340
3887,85229,55341
3888,85229,55342
3889,85229,55343
3890,85229,55344
3891,85229,55345
3892,85229,55346
3893,85229,55347
3894,85229,55348
3895,85229,55349
3896,85229,55350
3897,85229,55351
3898,85229,55352
3899,85229,55353
3900,85229,55354
3901,85229,55355
3902,85229,55356
3903,85229,55357
3904,85229,55358
3905,85229,55359
3906,85229,55360
3907,85229,55361
3908,85229,55362
3909,85229,55363
3910,85229,55364
3911,85229,55365
3912,85229,55366
3913,85229,55367
3914,85229,55368
3915,85229,55369
3916,85229,55370
3917,85229,55371
3918,85229,55372
3919,85229,55373
3920,85229,55374
3921,85229,55375
3922,85229,55376
3923,85229,55377
3924,85229,55378
3925,85229,55379
3926,85229,55380
3927,85229,55381
3928,85229,55382
3929,85229,55383
3930,85229,55384
3931,85229,55385
3932,85229,55386
3933,85229,55387
3934,85229,55388
3935,85229,55389
3936,85229,55390
3937,85229,55391
3938,85229,55392
3939,85229,55393
3940,85229,55394
3941,85229,55395
3942,85229,55396
3943,85229,55397
3944,85229,55398
3945,85229,55399
3946,85229,55400
3947,85229,55401
3948,85229,55402
3949,85229,55403
3950,85229,55404
3951,85229,55405
3952,85229,55406
3953,85229,55407
3954,85229,55408
3955,85229,55409
3956,85229,55410
3957,85229,55411
3958,85229,55412
3959,85229,55413
3960,85229,55414
3961,85229,55415
3962,85229,55416
3963,85229,55417
3964,85229,55418
3965,85229,55419
3966,85229,55420
3967,85229,55421
3968,85229,55422
3969,85229,55423
3970,85229,55424
3971,85229,55425
3972,85229,55426
3973,85229,55427
3974,85229,55428
3975,85229,55429
3976,85229,55430
3977,85229,55431
3978,85229,55432
3979,85229,55433
3980,85230,55320
3981,85230,55321
3982,85230,55322
3983,85230,55323
3984,85230,55324
3985,85230,55325
3986,85230,55326
3987,85230,55327
3988,85230,55328
3989,85230,55329
3990,85230,55330
3991,85230,55331
3992,85230,55332
3993,85230,55333
3994,85230,55334
3995,85230,55335
3996,85230,55336
3997,85230,55337
3998,85230,55338
3999,85230,55339
4000,85230,55340
4001,85230,55341
4002,85230,55342
4003,85230,55343
4004,85230,55344
4005,85230,55345
4006,85230,55346
4007,85230,55347
4008,85230,55348
4009,85230,55349
4010,85230,55350
4011,85230,55351
4012,85230,55352
4013,85230,55353
4014,85230,55354
4015,85230,55355
4016,85230,55356
4017,85230,55357
4018,85230,55358
4019,85230,55359
4020,85230,55360
4021,85230,55361
4022,85230,55362
4023,85230,55363
4024,85230,55364
4025,85230,55365
4026,85230,55366
4027,85230,55367
4028,85230,55368
4029,85230,55369
4030,85230,55370
4031,85230,55371
4032,85230,55372
4033,85230,55373
4034,85230,55374
4035,85230,55375
4036,85230,55376
4037,85230,55377
4038,85230,55378
4039,85230,55379
4040,85230,55380
4041,85230,55381
4042,85230,55382
4043,85230,55383
4044,85230,55384
4045,85230,55385
4046,85230,55386
4047,85230,55387
4048,85230,55388
4049,85230,55389
4050,85230,55390
4051,85230,55391
4052,85230,55392
4053,85230,55393
4054,85230,55394
4055,85230,55395
4056,85230,55396
4057,85230,55397
4058,85230,55398
4059,85230,55399
4060,85230,55400
4061,85230,55401
4062,85230,55402
4063,85230,55403
4064,85230,55404
4065,85230,55405
4066,85230,55406
4067,85230,55407
4068,85230,55408
4069,85230,55409
4070,85230,55410
4071,85230,55411
4072,85230,55412
4073,85230,55413
4074,85230,55414
4075,85230,55415
4076,85230,55416
4077,85230,55417
4078,85230,55418
4079,85230,55419
4080,85230,55420
4081,85230,55421
4082,85230,55422
4083,85230,55423
4084,85230,55424
4085,85230,55425
4086,85230,55426
4087,85230,55427
4088,85230,55428
4089,85230,55429
4090,85230,55430
4091,85230,55431
4092,85230,55432
4093,85231,55320
4094,85231,55321
4095,85231,55322
4096,85231,55323
4097,85231,55324
4098,85231,55325
4099,85231,55326
4100,85231,55327
4101,85231,55328
4102,85231,55329
4103,85231,55330
4104,85231,55331
4105,85231,55332
4106,85231,55333
4107,85231,55334
4108,85231,55335
4109,85231,55336
4110,85231,55337
4111,85231,55338
4112,85231,55339
4113,85231,55340
4114,85231,55341
4115,85231,55342
4116,85231,55343
4117,85231,55344
4118,85231,55345
4119,85231,55346
4120,85231,55347
4121,85231,55348
4122,85231,55349
4123,85231,55350
4124,85231,55351
4125,85231,55352
4126,85231,55353
4127,85231,55354
4128,85231,55355
4129,85231,55356
4130,85231,55357
4131,85231,55358
4132,85231,55359
4133,85231,55360
4134,85231,55361
4135,85231,55362
4136,85231,55363
4137,85231,55364
4138,85231,55365
4139,85231,55366
4140,85231,55367
4141,85231,55368
4142,85231,55369
4143,85231,55370
4144,85231,55371
4145,85231,55372
4146,85231,55373
4147,85231,55374
4148,85231,55375
4149,85231,55376
4150,85231,55377
4151,85231,55378
4152,85231,55379
4153,85231,55380
4154,85231,55381
4155,85231,55382
4156,85231,55383
4157,85231,55384
4158,85231,55385
4159,85231,55386
4160,85231,55387
4161,85231,55388
4162,85231,55389
4163,85231,55390
4164,85231,55391
4165,85231,55392
4166,85231,55393
4167,85231,55394
4168,85231,55395
4169,85231,55396
4170,85231,55397
4171,85231,55398
4172,85231,55399
4173,85231,55400
4174,85231,55401
4175,85231,55402
4176,85231,55403
4177,85231,55404
4178,85231,55405
4179,85231,55406
4180,85231,55407
4181,85231,55408
4182,85231,55409
4183,85231,55410
4184,85231,55411
4185,85231,55412
4186,85231,55413
4187,85231,55414
4188,85231,55415
4189,85231,55416
4190,85231,55417
4191,85231,55418
4192,85231,55419
4193,85231,55420
4194,85231,55421
4195,85231,55422
4196,85231,55423
4197,85231,55424
4198,85231,55425
4199,85231,55426
4200,85231,55427
4201,85231,55428
4202,85231,55429
4203,85231,55430
4204,85231,55431
4205,85231,55432
4206,85231,55433
4207,85232,55320
4208,85232,55321
4209,85232,55322
4210,85232,55323
4211,85232,55324
4212,85232,55325
4213,85232,55326
4214,85232,55327
4215,85232,55328
4216,85232,55329
4217,85232,55330
4218,85232,55331
4219,85232,55332
4220,85232,55333
4221,85232,55334
4222,85232,55335
4223,85232,55336
4224,85232,55337
4225,85232,55338
4226,85232,55339
4227,85232,55340
4228,85232,55341
4229,85232,55342
4230,85232,55343
4231,85232,55344
4232,85232,55345
4233,85232,55346
4234,85232,55347
4235,85232,55348
4236,85232,55349
4237,85232,55350
4238,85232,55351
4239,85232,55352
4240,85232,55353
4241,85232,55354
4242,85232,55355
4243,85232,55356
4244,85232,55357
4245,85232,55358
4246,85232,55359
4247,85232,55360
4248,85232,55361
4249,85232,55362
4250,85232,55363
4251,85232,55364
4252,85232,55365
4253,85232,55366
4254,85232,55367
4255,85232,55368
4256,85232,55369
4257,85232,55370
4258,85232,55371
4259,85232,55372
4260,85232,55373
4261,85232,55374
4262,85232,55375
4263,85232,55376
4264,85232,55377
4265,85232,55378
4266,85232,55379
4267,85232,55380
4268,85232,55381
4269,85232,55382
4270,85232,55383
4271,85232,55384
4272,85232,55385
4273,85232,55386
4274,85232,55387
4275,85232,55388
4276,85232,55389
4277,85232,55390
4278,85232,55391
4279,85232,55392
4280,85232,55393
4281,85232,55394
4282,85232,55395
4283,85232,55396
4284,85232,55397
4285,85232,55398
4286,85232,55399
4287,85232,55400
4288,85232,55401
4289,85232,55402
4290,85232,55403
4291,85232,55404
4292,85232,55405
4293,85232,55406
4294,85232,55407
4295,85232,55408
4296,85232,55409
4297,85232,55410
4298,85232,55411
4299,85232,55412
4300,85232,55413
4301,85232,55414
4302,85232,55415
4303,85232,55416
4304,85232,55417
4305,85232,55418
4306,85232,55419
4307,85232,55420
4308,85232,55421
4309,85232,55422
4310,85232,55423
4311,85232,55424
4312,85232,55425
4313,85232,55426
4314,85232,55427
4315,85232,55428
4316,85232,55429
4317,85232,55430
4318,85232,55431
4319,85232,55432
4320,85232,55433
4321,85232,55434
4322,85233,55320
4323,85233,55321
4324,85233,55322
4325,85233,55323
4326,85233,55324
4327,85233,55325
4328,85233,55326
4329,85233,55327
4330,85233,55328
4331,85233,55329
4332,85233,55330
4333,85233,55331
4334,85233,55332
4335,85233,55333
4336,85233,55334
4337,85233,55335
4338,85233,55336
4339,85233,55337
4340,85233,55338
4341,85233,55339
4342,85233,55340
4343,85233,55341
4344,85233,55342
4345,85233,55343
4346,85233,55344
4347,85233,55345
4348,85233,55346
4349,85233,55347
4350,85233,55348
4351,85233,55349
4352,85233,55350
4353,85233,55351
4354,85233,55352
4355,85233,55353
4356,85233,55354
4357,85233,55355
4358,85233,55356
4359,85233,55357
4360,85233,55358
4361,85233,55359
4362,85233,55360
4363,85233,55361
4364,85233,55362
4365,85233,55363
4366,85233,55364
4367,85233,55365
4368,85233,55366
4369,85233,55367
4370,85233,55368
4371,85233,55369
4372,85233,55370
4373,85233,55371
4374,85233,55372
4375,85233,55373
4376,85233,55374
4377,85233,55375
4378,85233,55376
4379,85233,55377
4380,85233,55378
4381,85233,55379
4382,85233,55380
4383,85233,55381
4384,85233,55382
4385,85233,55383
4386,85233,55384
4387,85233,55385
4388,85233,55386
4389,85233,55387
4390,85233,55388
4391,85233,55389
4392,85233,55390
4393,85233,55391
4394,85233,55392
4395,85233,55393
4396,85233,55394
4397,85233,55395
4398,85233,55396
4399,85233,55397
4400,85233,55398
4401,85233,55399
4402,85233,55400
4403,85233,55401
4404,85233,55402
4405,85233,55403
4406,85233,55404
4407,85233,55405
4408,85233,55406
4409,85233,55407
4410,85233,55408
4411,85233,55409
4412,85233,55410
4413,85233,55411
4414,85233,55412
4415,85233,55413
4416,85233,55414
4417,85233,55415
4418,85233,55416
4419,85233,55417
4420,85233,55418
4421,85233,55419
4422,85233,55420
4423,85233,55421
4424,85233,55422
4425,85233,55423
4426,85233,55424
4427,85233,55425
4428,85233,55426
4429,85233,55427
4430,85233,55428
4431,85233,55429
4432,85233,55430
4433,85233,55431
4434,85233,55432
4435,85233,55433
4436,85233,55434
4437,85234,55320
4438,85234,55321
4439,85234,55322
4440,85234,55323
4441,85234,55324
4442,85234,55325
4443,85234,55326
4444,85234,55327
4445,85234,55328
4446,85234,55329
4447,85234,55330
4448,85234,55331
4449,85234,55332
4450,85234,55333
4451,85234,55334
4452,85234,55335
4453,85234,55336
4454,85234,55337
4455,85234,55338
4456,85234,55339
4457,85234,55340
4458,85234,55341
4459,85234,55342
4460,85234,55343
4461,85234,55344
4462,85234,55345
4463,85234,55346
4464,85234,55347
4465,85234,55348
4466,85234,55349
4467,85234,55350
4468,85234,55351
4469,85234,55352
4470,85234,55353
4471,85234,55354
4472,85234,55355
4473,85234,55356
4474,85234,55357
4475,85234,55358
4476,85234,55359
4477,85234,55360
4478,85234,55361
4479,85234,55362
4480,85234,55363
4481,85234,55364
4482,85234,55365
4483,85234,55366
4484,85234,55367
4485,85234,55368
4486,85234,55369
4487,85234,55370
4488,85234,55371
4489,85234,55372
4490,85234,55373
4491,85234,55374
4492,85234,55375
4493,85234,55376
4494,85234,55377
4495,85234,55378
4496,85234,55379
4497,85234,55380
4498,85234,55381
4499,85234,55382
4500,85234,55383
4501,85234,55384
4502,85234,55385
4503,85234,55386
4504,85234,55387
4505,85234,55388
4506,85234,55389
4507,85234,55390
4508,85234,55391
4509,85234,55392
4510,85234,55393
4511,85234,55394
4512,85234,55395
4513,85234,55396
4514,85234,55397
4515,85234,55398
4516,85234,55399
4517,85234,55400
4518,85234,55401
4519,85234,55402
4520,85234,55403
4521,85234,55404
4522,85234,55405
4523,85234,55406
4524,85234,55407
4525,85234,55408
4526,85234,55409
4527,85234,55410
4528,85234,55411
4529,85234,55412
4530,85234,55413
4531,85234,55414
4532,85234,55415
4533,85234,55416
4534,85234,55417
4535,85234,55418
4536,85234,55419
4537,85234,55420
4538,85234,55421
4539,85234,55422
4540,85234,55423
4541,85234,55424
4542,85234,55425
4543,85234,55426
4544,85234,55427
4545,85234,55428
4546,85234,55429
4547,85234,55430
4548,85234,55431
4549,85234,55432
4550,85234,55433
4551,85234,55434
4552,85235,55320
4553,85235,55321
4554,85235,55322
4555,85235,55323
4556,85235,55324
4557,85235,55325
4558,85235,55326
4559,85235,55327
4560,85235,55328
4561,85235,55329
4562,85235,55330
4563,85235,55331
4564,85235,55332
4565,85235,55333
4566,85235,55334
4567,85235,55335
4568,85235,55336
4569,85235,55337
4570,85235,55338
4571,85235,55339
4572,85235,55340
4573,85235,55341
4574,85235,55342
4575,85235,55343
4576,85235,55344
4577,85235,55345
4578,85235,55346
4579,85235,55347
4580,85235,55348
4581,85235,55349
4582,85235,55350
4583,85235,55351
4584,85235,55352
4585,85235,55353
4586,85235,55354
4587,85235,55355
4588,85235,55356
4589,85235,55357
4590,85235,55358
4591,85235,55359
4592,85235,55360
4593,85235,55361
4594,85235,55362
4595,85235,55363
4596,85235,55364
4597,85235,55365
4598,85235,55366
4599,85235,55367
4600,85235,55368
4601,85235,55369
4602,85235,55370
4603,85235,55371
4604,85235,55372
4605,85235,55373
4606,85235,55374
4607,85235,55375
4608,85235,55376
4609,85235,55377
4610,85235,55378
4611,85235,55379
4612,85235,55380
4613,85235,55381
4614,85235,55382
4615,85235,55383
4616,85235,55384
4617,85235,55385
4618,85235,55386
4619,85235,55387
4620,85235,55388
4621,85235,55389
4622,85235,55390
4623,85235,55391
4624,85235,55392
4625,85235,55393
4626,85235,55394
4627,85235,55395
4628,85235,55396
4629,85235,55397
4630,85235,55398
4631,85235,55399
4632,85235,55400
4633,85235,55401
4634,85235,55402
4635,85235,55403
4636,85235,55404
4637,85235,55405
4638,85235,55406
4639,85235,55407
4640,85235,55408
4641,85235,55409
4642,85235,55410
4643,85235,55411
4644,85235,55412
4645,85235,55413
4646,85235,55414
4647,85235,55415
4648,85235,55416
4649,85235,55417
4650,85235,55418
4651,85235,55419
4652,85235,55420
4653,85235,55421
4654,85235,55422
4655,85235,55423
4656,85235,55424
4657,85235,55425
4658,85235,55426
4659,85235,55427
4660,85235,55428
4661,85235,55429
4662,85235,55430
4663,85235,55431
4664,85235,55432
4665,85235,55433
4666,85235,55434
4667,85236,55320
4668,85236,55321
4669,85236,55322
4670,85236,55323
4671,85236,55324
4672,85236,55325
4673,85236,55326
4674,85236,55327
4675,85236,55328
4676,85236,55329
4677,85236,55330
4678,85236,55331
4679,85236,55332
4680,85236,55333
4681,85236,55334
4682,85236,55335
4683,85236,55336
4684,85236,55337
4685,85236,55338
4686,85236,55339
4687,85236,55340
4688,85236,55341
4689,85236,55342
4690,85236,55343
4691,85236,55344
4692,85236,55345
4693,85236,55346
4694,85236,55347
4695,85236,55348
4696,85236,55349
4697,85236,55350
4698,85236,55351
4699,85236,55352
4700,85236,55353
4701,85236,55354
4702,85236,55355
4703,85236,55356
4704,85236,55357
4705,85236,55358
4706,85236,55359
4707,85236,55360
4708,85236,55361
4709,85236,55362
4710,85236,55363
4711,85236,55364
4712,85236,55365
4713,85236,55366
4714,85236,55367
4715,85236,55368
4716,85236,55369
4717,85236,55370
4718,85236,55371
4719,85236,55372
4720,85236,55373
4721,85236,55374
4722,85236,55375
4723,85236,55376
4724,85236,55377
4725,85236,55378
4726,85236,55379
4727,85236,55380
4728,85236,55381
4729,85236,55382
4730,85236,55383
4731,85236,55384
4732,85236,55385
4733,85236,55386
4734,85236,55387
4735,85236,55388
4736,85236,55389
4737,85236,55390
4738,85236,55391
4739,85236,55392
4740,85236,55393
4741,85236,55394
4742,85236,55395
4743,85236,55396
4744,85236,55397
4745,85236,55398
4746,85236,55399
4747,85236,55400
4748,85236,55401
4749,85236,55402
4750,85236,55403
4751,85236,55404
4752,85236,55405
4753,85236,55406
4754,85236,55407
4755,85236,55408
4756,85236,55409
4757,85236,55410
4758,85236,55411
4759,85236,55412
4760,85236,55413
4761,85236,55414
4762,85236,55415
4763,85236,55416
4764,85236,55417
4765,85236,55418
4766,85236,55419
4767,85236,55420
4768,85236,55421
4769,85236,55422
4770,85236,55423
4771,85236,55424
4772,85236,55425
4773,85236,55426
4774,85236,55427
4775,85236,55428
4776,85236,55429
4777,85236,55430
4778,85236,55431
4779,85236,55432
4780,85236,55433
4781,85236,55434
4782,85237,55320
4783,85237,55321
4784,85237,55322
4785,85237,55323
4786,85237,55324
4787,85237,55325
4788,85237,55326
4789,85237,55327
4790,85237,55328
4791,85237,55329
4792,85237,55330
4793,85237,55331
4794,85237,55332
4795,85237,55333
4796,85237,55334
4797,85237,55335
4798,85237,55336
4799,85237,55337
4800,85237,55338
4801,85237,55339
4802,85237,55340
4803,85237,55341
4804,85237,55342
4805,85237,55343
4806,85237,55344
4807,85237,55345
4808,85237,55346
4809,85237,55347
4810,85237,55348
4811,85237,55349
4812,85237,55350
4813,85237,55351
4814,85237,55352
4815,85237,55353
4816,85237,55354
4817,85237,55355
4818,85237,55356
4819,85237,55357
4820,85237,55358
4821,85237,55359
4822,85237,55360
4823,85237,55361
4824,85237,55362
4825,85237,55363
4826,85237,55364
4827,85237,55365
4828,85237,55366
4829,85237,55367
4830,85237,55368
4831,85237,55369
4832,85237,55370
4833,85237,55371
4834,85237,55372
4835,85237,55373
4836,85237,55374
4837,85237,55375
4838,85237,55376
4839,85237,55377
4840,85237,55378
4841,85237,55379
4842,85237,55380
4843,85237,55381
4844,85237,55382
4845,85237,55383
4846,85237,55384
4847,85237,55385
4848,85237,55386
4849,85237,55387
4850,85237,55388
4851,85237,55389
4852,85237,55390
4853,85237,55391
4854,85237,55392
4855,85237,55393
4856,85237,55394
4857,85237,55395
4858,85237,55396
4859,85237,55397
4860,85237,55398
4861,85237,55399
4862,85237,55400
4863,85237,55401
4864,85237,55402
4865,85237,55403
4866,85237,55404
4867,85237,55405
4868,85237,55406
4869,85237,55407
4870,85237,55408
4871,85237,55409
4872,85237,55410
4873,85237,55411
4874,85237,55412
4875,85237,55413
4876,85237,55414
4877,85237,55415
4878,85237,55416
4879,85237,55417
4880,85237,55418
4881,85237,55419
4882,85237,55420
4883,85237,55421
4884,85237,55422
4885,85237,55423
4886,85237,55424
4887,85237,55425
4888,85237,55426
4889,85237,55427
4890,85237,55428
4891,85237,55429
4892,85237,55430
4893,85237,55431
4894,85237,55432
4895,85237,55433
4896,85237,55434
4897,85238,55320
4898,85238,55321
4899,85238,55322
4900,85238,55323
4901,85238,55324
4902,85238,55325
4903,85238,55326
4904,85238,55327
4905,85238,55328
4906,85238,55329
4907,85238,55330
4908,85238,55331
4909,85238,55332
4910,85238,55333
4911,85238,55334
4912,85238,55335
4913,85238,55336
4914,85238,55337
4915,85238,55338
4916,85238,55339
4917,85238,55340
4918,85238,55341
4919,85238,55342
4920,85238,55343
4921,85238,55344
4922,85238,55345
4923,85238,55346
4924,85238,55347
4925,85238,55348
4926,85238,55349
4927,85238,55350
4928,85238,55351
4929,85238,55352
4930,85238,55353
4931,85238,55354
4932,85238,55355
4933,85238,55356
4934,85238,55357
4935,85238,55358
4936,85238,55359
4937,85238,55360
4938,85238,55361
4939,85238,55362
4940,85238,55363
4941,85238,55364
4942,85238,55365
4943,85238,55366
4944,85238,55367
4945,85238,55368
4946,85238,55369
4947,85238,55370
4948,85238,55371
4949,85238,55372
4950,85238,55373
4951,85238,55374
4952,85238,55375
4953,85238,55376
4954,85238,55377
4955,85238,55378
4956,85238,55379
4957,85238,55380
4958,85238,55381
4959,85238,55382
4960,85238,55383
4961,85238,55384
4962,85238,55385
4963,85238,55386
4964,85238,55387
4965,85238,55388
4966,85238,55389
4967,85238,55390
4968,85238,55391
4969,85238,55392
4970,85238,55393
4971,85238,55394
4972,85238,55395
4973,85238,55396
4974,85238,55397
4975,85238,55398
4976,85238,55399
4977,85238,55400
4978,85238,55401
4979,85238,55402
4980,85238,55403
4981,85238,55404
4982,85238,55405
4983,85238,55406
4984,85238,55407
4985,85238,55408
4986,85238,55409
4987,85238,55410
4988,85238,55411
4989,85238,55412
4990,85238,55413
4991,85238,55414
4992,85238,55415
4993,85238,55416
4994,85238,55417
4995,85238,55418
4996,85238,55419
4997,85238,55420
4998,85238,55421
4999,85238,55422
5000,85238,55423
5001,85238,55424
5002,85238,55425
5003,85238,55426
5004,85238,55427
5005,85238,55428
5006,85238,55429
5007,85238,55430
5008,85238,55431
5009,85238,55432
5010,85238,55433
5011,85238,55434
5012,85238,55435
5013,85239,55320
5014,85239,55321
5015,85239,55322
5016,85239,55323
5017,85239,55324
5018,85239,55325
5019,85239,55326
5020,85239,55327
5021,85239,55328
5022,85239,55329
5023,85239,55330
5024,85239,55331
5025,85239,55332
5026,85239,55333
5027,85239,55334
5028,85239,55335
5029,85239,55336
5030,85239,55337
5031,85239,55338
5032,85239,55339
5033,85239,55340
5034,85239,55341
5035,85239,55342
5036,85239,55343
5037,85239,55344
5038,85239,55345
5039,85239,55346
5040,85239,55347
5041,85239,55348
5042,85239,55349
5043,85239,55350
5044,85239,55351
5045,85239,55352
5046,85239,55353
5047,85239,55354
5048,85239,55355
5049,85239,55356
5050,85239,55357
5051,85239,55358
5052,85239,55359
5053,85239,55360
5054,85239,55361
5055,85239,55362
5056,85239,55363
5057,85239,55364
5058,85239,55365
5059,85239,55366
5060,85239,55367
5061,85239,55368
5062,85239,55369
5063,85239,55370
5064,85239,55371
5065,85239,55372
5066,85239,55373
5067,85239,55374
5068,85239,55375
5069,85239,55376
5070,85239,55377
5071,85239,55378
5072,85239,55379
5073,85239,55380
5074,85239,55381
5075,85239,55382
5076,85239,55383
5077,85239,55384
5078,85239,55385
5079,85239,55386
5080,85239,55387
5081,85239,55388
5082,85239,55389
5083,85239,55390
5084,85239,55391
5085,85239,55392
5086,85239,55393
5087,85239,55394
5088,85239,55395
5089,85239,55396
5090,85239,55397
5091,85239,55398
5092,85239,55399
5093,85239,55400
5094,85239,55401
5095,85239,55402
5096,85239,55403
5097,85239,55404
5098,85239,55405
5099,85239,55406
5100,85239,55407
5101,85239,55408
5102,85239,55409
5103,85239,55410
5104,85239,55411
5105,85239,55412
5106,85239,55413
5107,85239,55414
5108,85239,55415
5109,85239,55416
5110,85239,55417
5111,85239,55418
5112,85239,55419
5113,85239,55420
5114,85239,55421
5115,85239,55422
5116,85239,55423
5117,85239,55424
5118,85239,55425
5119,85239,55426
5120,85239,55427
5121,85239,55428
5122,85239,55429
5123,85239,55430
5124,85239,55431
5125,85239,55432
5126,85239,55433
5127,85239,55434
5128,85239,55435
5129,85239,55436
5130,85240,55320
5131,85240,55321
5132,85240,55322
5133,85240,55323
5134,85240,55324
5135,85240,55325
5136,85240,55326
5137,85240,55327
5138,85240,55328
5139,85240,55329
5140,85240,55330
5141,85240,55331
5142,85240,55332
5143,85240,55333
5144,85240,55334
5145,85240,55335
5146,85240,55336
5147,85240,55337
5148,85240,55338
5149,85240,55339
5150,85240,55340
5151,85240,55341
5152,85240,55342
5153,85240,55343
5154,85240,55344
5155,85240,55345
5156,85240,55346
5157,85240,55347
5158,85240,55348
5159,85240,55349
5160,85240,55350
5161,85240,55351
5162,85240,55352
5163,85240,55353
5164,85240,55354
5165,85240,55355
5166,85240,55356
5167,85240,55357
5168,85240,55358
5169,85240,55359
5170,85240,55360
5171,85240,55361
5172,85240,55362
5173,85240,55363
5174,85240,55364
5175,85240,55365
5176,85240,55366
5177,85240,55367
5178,85240,55368
5179,85240,55369
5180,85240,55370
5181,85240,55371
5182,85240,55372
5183,85240,55373
5184,85240,55374
5185,85240,55375
5186,85240,55376
5187,85240,55377
5188,85240,55378
5189,85240,55379
5190,85240,55380
5191,85240,55381
5192,85240,55382
5193,85240,55383
5194,85240,55384
5195,85240,55385
5196,85240,55386
5197,85240,55387
5198,85240,55388
5199,85240,55389
5200,85240,55390
5201,85240,55391
5202,85240,55392
5203,85240,55393
5204,85240,55394
5205,85240,55395
5206,85240,55396
5207,85240,55397
5208,85240,55398
5209,85240,55399
5210,85240,55400
5211,85240,55401
5212,85240,55402
5213,85240,55403
5214,85240,55404
5215,85240,55405
5216,85240,55406
5217,85240,55407
5218,85240,55408
5219,85240,55409
5220,85240,55410
5221,85240,55411
5222,85240,55412
5223,85240,55413
5224,85240,55414
5225,85240,55415
5226,85240,55416
5227,85240,55417
5228,85240,55418
5229,85240,55419
5230,85240,55420
5231,85240,55421
5232,85240,55422
5233,85240,55423
5234,85240,55424
5235,85240,55425
5236,85240,55426
5237,85240,55427
5238,85240,55428
5239,85240,55429
5240,85240,55430
5241,85240,55431
5242,85240,55432
5243,85240,55433
5244,85240,55434
5245,85240,55435
5246,85240,55436
5247,85241,55320
5248,85241,55321
5249,85241,55322
5250,85241,55323
5251,85241,55324
5252,85241,55325
5253,85241,55326
5254,85241,55327
5255,85241,55328
5256,85241,55329
5257,85241,55330
5258,85241,55331
5259,85241,55332
5260,85241,55333
5261,85241,55334
5262,85241,55335
5263,85241,55336
5264,85241,55337
5265,85241,55338
5266,85241,55339
5267,85241,55340
5268,85241,55341
5269,85241,55342
5270,85241,55343
5271,85241,55344
5272,85241,55345
5273,85241,55346
5274,85241,55347
5275,85241,55348
5276,85241,55349
5277,85241,55350
5278,85241,55351
5279,85241,55352
5280,85241,55353
5281,85241,55354
5282,85241,55355
5283,85241,55356
5284,85241,55357
5285,85241,55358
5286,85241,55359
5287,85241,55360
5288,85241,55361
5289,85241,55362
5290,85241,55363
5291,85241,55364
5292,85241,55365
5293,85241,55366
5294,85241,55367
5295,85241,55368
5296,85241,55369
5297,85241,55370
5298,85241,55371
5299,85241,55372
5300,85241,55373
5301,85241,55374
5302,85241,55375
5303,85241,55376
5304,85241,55377
5305,85241,55378
5306,85241,55379
5307,85241,55380
5308,85241,55381
5309,85241,55382
5310,85241,55383
5311,85241,55384
5312,85241,55385
5313,85241,55386
5314,85241,55387
5315,85241,55388
5316,85241,55389
5317,85241,55390
5318,85241,55391
5319,85241,55392
5320,85241,55393
5321,85241,55394
5322,85241,55395
5323,85241,55396
5324,85241,55397
5325,85241,55398
5326,85241,55399
5327,85241,55400
5328,85241,55401
5329,85241,55402
5330,85241,55403
5331,85241,55404
5332,85241,55405
5333,85241,55406
5334,85241,55407
5335,85241,55408
5336,85241,55409
5337,85241,55410
5338,85241,55411
5339,85241,55412
5340,85241,55413
5341,85241,55414
5342,85241,55415
5343,85241,55416
5344,85241,55417
5345,85241,55418
5346,85241,55419
5347,85241,55420
5348,85241,55421
5349,85241,55422
5350,85241,55423
5351,85241,55424
5352,85241,55425
5353,85241,55426
5354,85241,55427
5355,85241,55428
5356,85241,55429
5357,85241,55430
5358,85241,55431
5359,85241,55432
5360,85241,55433
5361,85241,55434
5362,85241,55435
5363,85241,55436
5364,85241,55437
5365,85242,55320
5366,85242,55321
5367,85242,55322
5368,85242,55323
5369,85242,55324
5370,85242,55325
5371,85242,55326
5372,85242,55327
5373,85242,55328
5374,85242,55329
5375,85242,55330
5376,85242,55331
5377,85242,55332
5378,85242,55333
5379,85242,55334
5380,85242,55335
5381,85242,55336
5382,85242,55337
5383,85242,55338
5384,85242,55339
5385,85242,55340
5386,85242,55341
5387,85242,55342
5388,85242,55343
5389,85242,55344
5390,85242,55345
5391,85242,55346
5392,85242,55347
5393,85242,55348
5394,85242,55349
5395,85242,55350
5396,85242,55351
5397,85242,55352
5398,85242,55353
5399,85242,55354
5400,85242,55355
5401,85242,55356
5402,85242,55357
5403,85242,55358
5404,85242,55359
5405,85242,55360
5406,85242,55361
5407,85242,55362
5408,85242,55363
5409,85242,55364
5410,85242,55365
5411,85242,55366
5412,85242,55367
5413,85242,55368
5414,85242,55369
5415,85242,55370
5416,85242,55371
5417,85242,55372
5418,85242,55373
5419,85242,55374
5420,85242,55375
5421,85242,55376
5422,85242,55377
5423,85242,55378
5424,85242,55379
5425,85242,55380
5426,85242,55381
5427,85242,55382
5428,85242,55383
5429,85242,55384
5430,85242,55385
5431,85242,55386
5432,85242,55387
5433,85242,55388
5434,85242,55389
5435,85242,55390
5436,85242,55391
5437,85242,55392
5438,85242,55393
5439,85242,55394
5440,85242,55395
5441,85242,55396
5442,85242,55397
5443,85242,55398
5444,85242,55399
5445,85242,55400
5446,85242,55401
5447,85242,55402
5448,85242,55403
5449,85242,55404
5450,85242,55405
5451,85242,55406
5452,85242,55407
5453,85242,55408
5454,85242,55409
5455,85242,55410
5456,85242,55411
5457,85242,55412
5458,85242,55413
5459,85242,55414
5460,85242,55415
5461,85242,55416
5462,85242,55417
5463,85242,55418
5464,85242,55419
5465,85242,55420
5466,85242,55421
5467,85242,55422
5468,85242,55423
5469,85242,55424
5470,85242,55425
5471,85242,55426
5472,85242,55427
5473,85242,55428
5474,85242,55429
5475,85242,55430
5476,85242,55431
5477,85242,55432
5478,85242,55433
5479,85242,55434
5480,85242,55435
5481,85242,55436
5482,85243,55320
5483,85243,55321
5484,85243,55322
5485,85243,55323
5486,85243,55324
5487,85243,55325
5488,85243,55326
5489,85243,55327
5490,85243,55328
5491,85243,55329
5492,85243,55330
5493,85243,55331
5494,85243,55332
5495,85243,55333
5496,85243,55334
5497,85243,55335
5498,85243,55336
5499,85243,55337
5500,85243,55338
5501,85243,55339
5502,85243,55340
5503,85243,55341
5504,85243,55342
5505,85243,55343
5506,85243,55344
5507,85243,55345
5508,85243,55346
5509,85243,55347
5510,85243,55348
5511,85243,55349
5512,85243,55350
5513,85243,55351
5514,85243,55352
5515,85243,55353
5516,85243,55354
5517,85243,55355
5518,85243,55356
5519,85243,55357
5520,85243,55358
5521,85243,55359
5522,85243,55360
5523,85243,55361
5524,85243,55362
5525,85243,55363
5526,85243,55364
5527,85243,55365
5528,85243,55366
5529,85243,55367
5530,85243,55368
5531,85243,55369
5532,85243,55370
5533,85243,55371
5534,85243,55372
5535,85243,55373
5536,85243,55374
5537,85243,55375
5538,85243,55376
5539,85243,55377
5540,85243,55378
5541,85243,55379
5542,85243,55380
5543,85243,55381
5544,85243,55382
5545,85243,55383
5546,85243,55384
5547,85243,55385
5548,85243,55386
5549,85243,55387
5550,85243,55388
5551,85243,55389
5552,85243,55390
5553,85243,55391
5554,85243,55392
5555,85243,55393
5556,85243,55394
5557,85243,55395
5558,85243,55396
5559,85243,55397
5560,85243,55398
5561,85243,55399
5562,85243,55400
5563,85243,55401
5564,85243,55402
5565,85243,55403
5566,85243,55404
5567,85243,55405
5568,85243,55406
5569,85243,55407
5570,85243,55408
5571,85243,55409
5572,85243,55410
5573,85243,55411
5574,85243,55412
5575,85243,55413
5576,85243,55414
5577,85243,55415
5578,85243,55416
5579,85243,55417
5580,85243,55418
5581,85243,55419
5582,85243,55420
5583,85243,55421
5584,85243,55422
5585,85243,55423
5586,85243,55424
5587,85243,55425
5588,85243,55426
5589,85243,55427
5590,85243,55428
5591,85243,55429
5592,85243,55430
5593,85243,55431
5594,85243,55432
5595,85243,55433
5596,85243,55434
5597,85243,55435
5598,85244,55320
5599,85244,55321
5600,85244,55322
5601,85244,55323
5602,85244,55324
5603,85244,55325
5604,85244,55326
5605,85244,55327
5606,85244,55328
5607,85244,55329
5608,85244,55330
5609,85244,55331
5610,85244,55332
5611,85244,55333
5612,85244,55334
5613,85244,55335
5614,85244,55336
5615,85244,55337
5616,85244,55338
5617,85244,55339
5618,85244,55340
5619,85244,55341
5620,85244,55342
5621,85244,55343
5622,85244,55344
5623,85244,55345
5624,85244,55346
5625,85244,55347
5626,85244,55348
5627,85244,55349
5628,85244,55350
5629,85244,55351
5630,85244,55352
5631,85244,55353
5632,85244,55354
5633,85244,55355
5634,85244,55356
5635,85244,55357
5636,85244,55358
5637,85244,55359
5638,85244,55360
5639,85244,55361
5640,85244,55362
5641,85244,55363
5642,85244,55364
5643,85244,55365
5644,85244,55366
5645,85244,55367
5646,85244,55368
5647,85244,55369
5648,85244,55370
5649,85244,55371
5650,85244,55372
5651,85244,55373
5652,85244,55374
5653,85244,55375
5654,85244,55376
5655,85244,55377
5656,85244,55378
5657,85244,55379
5658,85244,55380
5659,85244,55381
5660,85244,55382
5661,85244,55383
5662,85244,55384
5663,85244,55385
5664,85244,55386
5665,85244,55387
5666,85244,55388
5667,85244,55389
5668,85244,55390
5669,85244,55391
5670,85244,55392
5671,85244,55393
5672,85244,55394
5673,85244,55395
5674,85244,55396
5675,85244,55397
5676,85244,55398
5677,85244,55399
5678,85244,55400
5679,85244,55401
5680,85244,55402
5681,85244,55403
5682,85244,55404
5683,85244,55405
5684,85244,55406
5685,85244,55407
5686,85244,55408
5687,85244,55409
5688,85244,55410
5689,85244,55411
5690,85244,55412
5691,85244,55413
5692,85244,55414
5693,85244,55415
5694,85244,55416
5695,85244,55417
5696,85244,55418
5697,85244,55419
5698,85244,55420
5699,85244,55421
5700,85244,55422
5701,85244,55423
5702,85244,55424
5703,85244,55425
5704,85244,55426
5705,85244,55427
5706,85244,55428
5707,85244,55429
5708,85244,55430
5709,85244,55431
5710,85244,55432
5711,85244,55433
5712,85244,55434
5713,85244,55435
5714,85245,55320
5715,85245,55321
5716,85245,55322
5717,85245,55323
5718,85245,55324
5719,85245,55325
5720,85245,55326
5721,85245,55327
5722,85245,55328
5723,85245,55329
5724,85245,55330
5725,85245,55331
5726,85245,55332
5727,85245,55333
5728,85245,55334
5729,85245,55335
5730,85245,55336
5731,85245,55337
5732,85245,55338
5733,85245,55339
5734,85245,55340
5735,85245,55341
5736,85245,55342
5737,85245,55343
5738,85245,55344
5739,85245,55345
5740,85245,55346
5741,85245,55347
5742,85245,55348
5743,85245,55349
5744,85245,55350
5745,85245,55351
5746,85245,55352
5747,85245,55353
5748,85245,55354
5749,85245,55355
5750,85245,55356
5751,85245,55357
5752,85245,55358
5753,85245,55359
5754,85245,55360
5755,85245,55361
5756,85245,55362
5757,85245,55363
5758,85245,55364
5759,85245,55365
5760,85245,55366
5761,85245,55367
5762,85245,55368
5763,85245,55369
5764,85245,55370
5765,85245,55371
5766,85245,55372
5767,85245,55373
5768,85245,55374
5769,85245,55375
5770,85245,55376
5771,85245,55377
5772,85245,55378
5773,85245,55379
5774,85245,55380
5775,85245,55381
5776,85245,55382
5777,85245,55383
5778,85245,55384
5779,85245,55385
5780,85245,55386
5781,85245,55387
5782,85245,55388
5783,85245,55389
5784,85245,55390
5785,85245,55391
5786,85245,55392
5787,85245,55393
5788,85245,55394
5789,85245,55395
5790,85245,55396
5791,85245,55397
5792,85245,55398
5793,85245,55399
5794,85245,55400
5795,85245,55401
5796,85245,55402
5797,85245,55403
5798,85245,55404
5799,85245,55405
5800,85245,55406
5801,85245,55407
5802,85245,55408
5803,85245,55409
5804,85245,55410
5805,85245,55411
5806,85245,55412
5807,85245,55413
5808,85245,55414
5809,85245,55415
5810,85245,55416
5811,85245,55417
5812,85245,55418
5813,85245,55419
5814,85245,55420
5815,85245,55421
5816,85245,55422
5817,85245,55423
5818,85245,55424
5819,85245,55425
5820,85245,55426
5821,85245,55427
5822,85245,55428
5823,85245,55429
5824,85245,55430
5825,85245,55431
5826,85245,55432
5827,85245,55433
5828,85245,55434
5829,85245,55435
5830,85246,55320
5831,85246,55321
5832,85246,55322
5833,85246,55323
5834,85246,55324
5835,85246,55325
5836,85246,55326
5837,85246,55327
5838,85246,55328
5839,85246,55329
5840,85246,55330
5841,85246,55331
5842,85246,55332
5843,85246,55333
5844,85246,55334
5845,85246,55335
5846,85246,55336
5847,85246,55337
5848,85246,55338
5849,85246,55339
5850,85246,55340
5851,85246,55341
5852,85246,55342
5853,85246,55343
5854,85246,55344
5855,85246,55345
5856,85246,55346
5857,85246,55347
5858,85246,55348
5859,85246,55349
5860,85246,55350
5861,85246,55351
5862,85246,55352
5863,85246,55353
5864,85246,55354
5865,85246,55355
5866,85246,55356
5867,85246,55357
5868,85246,55358
5869,85246,55359
5870,85246,55360
5871,85246,55361
5872,85246,55362
5873,85246,55363
5874,85246,55364
5875,85246,55365
5876,85246,55366
5877,85246,55367
5878,85246,55368
5879,85246,55369
5880,85246,55370
5881,85246,55371
5882,85246,55372
5883,85246,55373
5884,85246,55374
5885,85246,55375
5886,85246,55376
5887,85246,55377
5888,85246,55378
5889,85246,55379
5890,85246,55380
5891,85246,55381
5892,85246,55382
5893,85246,55383
5894,85246,55384
5895,85246,55385
5896,85246,55386
5897,85246,55387
5898,85246,55388
5899,85246,55389
5900,85246,55390
5901,85246,55391
5902,85246,55392
5903,85246,55393
5904,85246,55394
5905,85246,55395
5906,85246,55396
5907,85246,55397
5908,85246,55398
5909,85246,55399
5910,85246,55400
5911,85246,55401
5912,85246,55402
5913,85246,55403
5914,85246,55404
5915,85246,55405
5916,85246,55406
5917,85246,55407
5918,85246,55408
5919,85246,55409
5920,85246,55410
5921,85246,55411
5922,85246,55412
5923,85246,55413
5924,85246,55414
5925,85246,55415
5926,85246,55416
5927,85246,55417
5928,85246,55418
5929,85246,55419
5930,85246,55420
5931,85246,55421
5932,85246,55422
5933,85246,55423
5934,85246,55424
5935,85246,55425
5936,85246,55426
5937,85246,55427
5938,85246,55428
5939,85246,55429
5940,85246,55430
5941,85246,55431
5942,85246,55432
5943,85246,55433
5944,85246,55434
5945,85246,55435
5946,85247,55320
5947,85247,55321
5948,85247,55322
5949,85247,55323
5950,85247,55324
5951,85247,55325
5952,85247,55326
5953,85247,55327
5954,85247,55328
5955,85247,55329
5956,85247,55330
5957,85247,55331
5958,85247,55332
5959,85247,55333
5960,85247,55334
5961,85247,55335
5962,85247,55336
5963,85247,55337
5964,85247,55338
5965,85247,55339
5966,85247,55340
5967,85247,55341
5968,85247,55342
5969,85247,55343
5970,85247,55344
5971,85247,55345
5972,85247,55346
5973,85247,55347
5974,85247,55348
5975,85247,55349
5976,85247,55350
5977,85247,55351
5978,85247,55352
5979,85247,55353
5980,85247,55354
5981,85247,55355
5982,85247,55356
5983,85247,55357
5984,85247,55358
5985,85247,55359
5986,85247,55360
5987,85247,55361
5988,85247,55362
5989,85247,55363
5990,85247,55364
5991,85247,55365
5992,85247,55366
5993,85247,55367
5994,85247,55368
5995,85247,55369
5996,85247,55370
5997,85247,55371
5998,85247,55372
5999,85247,55373
6000,85247,55374
6001,85247,55375
6002,85247,55376
6003,85247,55377
6004,85247,55378
6005,85247,55379
6006,85247,55380
6007,85247,55381
6008,85247,55382
6009,85247,55383
6010,85247,55384
6011,85247,55385
6012,85247,55386
6013,85247,55387
6014,85247,55388
6015,85247,55389
6016,85247,55390
6017,85247,55391
6018,85247,55392
6019,85247,55393
6020,85247,55394
6021,85247,55395
6022,85247,55396
6023,85247,55397
6024,85247,55398
6025,85247,55399
6026,85247,55400
6027,85247,55401
6028,85247,55402
6029,85247,55403
6030,85247,55404
6031,85247,55405
6032,85247,55406
6033,85247,55407
6034,85247,55408
6035,85247,55409
6036,85247,55410
6037,85247,55411
6038,85247,55412
6039,85247,55413
6040,85247,55414
6041,85247,55415
6042,85247,55416
6043,85247,55417
6044,85247,55418
6045,85247,55419
6046,85247,55420
6047,85247,55421
6048,85247,55422
6049,85247,55423
6050,85247,55424
6051,85247,55425
6052,85247,55426
6053,85247,55427
6054,85247,55428
6055,85247,55429
6056,85247,55430
6057,85247,55431
6058,85247,55432
6059,85247,55433
6060,85247,55434
6061,85247,55435
6062,85248,55320
6063,85248,55321
6064,85248,55322
6065,85248,55323
6066,85248,55324
6067,85248,55325
6068,85248,55326
6069,85248,55327
6070,85248,55328
6071,85248,55329
6072,85248,55330
6073,85248,55331
6074,85248,55332
6075,85248,55333
6076,85248,55334
6077,85248,55335
6078,85248,55336
6079,85248,55337
6080,85248,55338
6081,85248,55339
6082,85248,55340
6083,85248,55341
6084,85248,55342
6085,85248,55343
6086,85248,55344
6087,85248,55345
6088,85248,55346
6089,85248,55347
6090,85248,55348
6091,85248,55349
6092,85248,55350
6093,85248,55351
6094,85248,55352
6095,85248,55353
6096,85248,55354
6097,85248,55355
6098,85248,55356
6099,85248,55357
6100,85248,55358
6101,85248,55359
6102,85248,55360
6103,85248,55361
6104,85248,55362
6105,85248,55363
6106,85248,55364
6107,85248,55365
6108,85248,55366
6109,85248,55367
6110,85248,55368
6111,85248,55369
6112,85248,55370
6113,85248,55371
6114,85248,55372
6115,85248,55373
6116,85248,55374
6117,85248,55375
6118,85248,55376
6119,85248,55377
6120,85248,55378
6121,85248,55379
6122,85248,55380
6123,85248,55381
6124,85248,55382
6125,85248,55383
6126,85248,55384
6127,85248,55385
6128,85248,55386
6129,85248,55387
6130,85248,55388
6131,85248,55389
6132,85248,55390
6133,85248,55391
6134,85248,55392
6135,85248,55393
6136,85248,55394
6137,85248,55395
6138,85248,55396
6139,85248,55397
6140,85248,55398
6141,85248,55399
6142,85248,55400
6143,85248,55401
6144,85248,55402
6145,85248,55403
6146,85248,55404
6147,85248,55405
6148,85248,55406
6149,85248,55407
6150,85248,55408
6151,85248,55409
6152,85248,55410
6153,85248,55411
6154,85248,55412
6155,85248,55413
6156,85248,55414
6157,85248,55415
6158,85248,55416
6159,85248,55417
6160,85248,55418
6161,85248,55419
6162,85248,55420
6163,85248,55421
6164,85248,55422
6165,85248,55423
6166,85248,55424
6167,85248,55425
6168,85248,55426
6169,85248,55427
6170,85248,55428
6171,85248,55429
6172,85248,55430
6173,85248,55431
6174,85248,55432
6175,85248,55433
6176,85248,55434
6177,85248,55435
6178,85249,55320
6179,85249,55321
6180,85249,55322
6181,85249,55323
6182,85249,55324
6183,85249,55325
6184,85249,55326
6185,85249,55327
6186,85249,55328
6187,85249,55329
6188,85249,55330
6189,85249,55331
6190,85249,55332
6191,85249,55333
6192,85249,55334
6193,85249,55335
6194,85249,55336
6195,85249,55337
6196,85249,55338
6197,85249,55339
6198,85249,55340
6199,85249,55341
6200,85249,55342
6201,85249,55343
6202,85249,55344
6203,85249,55345
6204,85249,55346
6205,85249,55347
6206,85249,55348
6207,85249,55349
6208,85249,55350
6209,85249,55351
6210,85249,55352
6211,85249,55353
6212,85249,55354
6213,85249,55355
6214,85249,55356
6215,85249,55357
6216,85249,55358
6217,85249,55359
6218,85249,55360
6219,85249,55361
6220,85249,55362
6221,85249,55363
6222,85249,55364
6223,85249,55365
6224,85249,55366
6225,85249,55367
6226,85249,55368
6227,85249,55369
6228,85249,55370
6229,85249,55371
6230,85249,55372
6231,85249,55373
6232,85249,55374
6233,85249,55375
6234,85249,55376
6235,85249,55377
6236,85249,55378
6237,85249,55379
6238,85249,55380
6239,85249,55381
6240,85249,55382
6241,85249,55383
6242,85249,55384
6243,85249,55385
6244,85249,55386
6245,85249,55387
6246,85249,55388
6247,85249,55389
6248,85249,55390
6249,85249,55391
6250,85249,55392
6251,85249,55393
6252,85249,55394
6253,85249,55395
6254,85249,55396
6255,85249,55397
6256,85249,55398
6257,85249,55399
6258,85249,55400
6259,85249,55401
6260,85249,55402
6261,85249,55403
6262,85249,55404
6263,85249,55405
6264,85249,55406
6265,85249,55407
6266,85249,55408
6267,85249,55409
6268,85249,55410
6269,85249,55411
6270,85249,55412
6271,85249,55413
6272,85249,55414
6273,85249,55415
6274,85249,55416
6275,85249,55417
6276,85249,55418
6277,85249,55419
6278,85249,55420
6279,85249,55421
6280,85249,55422
6281,85249,55423
6282,85249,55424
6283,85249,55425
6284,85249,55426
6285,85249,55427
6286,85249,55428
6287,85249,55429
6288,85249,55430
6289,85249,55431
6290,85249,55432
6291,85249,55433
6292,85249,55434
6293,85249,55435
6294,85249,55436
6295,85250,55320
6296,85250,55321
6297,85250,55322
6298,85250,55323
6299,85250,55324
6300,85250,55325
6301,85250,55326
6302,85250,55327
6303,85250,55328
6304,85250,55329
6305,85250,55330
6306,85250,55331
6307,85250,55332
6308,85250,55333
6309,85250,55334
6310,85250,55335
6311,85250,55336
6312,85250,55337
6313,85250,55338
6314,85250,55339
6315,85250,55340
6316,85250,55341
6317,85250,55342
6318,85250,55343
6319,85250,55344
6320,85250,55345
6321,85250,55346
6322,85250,55347
6323,85250,55348
6324,85250,55349
6325,85250,55350
6326,85250,55351
6327,85250,55352
6328,85250,55353
6329,85250,55354
6330,85250,55355
6331,85250,55356
6332,85250,55357
6333,85250,55358
6334,85250,55359
6335,85250,55360
6336,85250,55361
6337,85250,55362
6338,85250,55363
6339,85250,55364
6340,85250,55365
6341,85250,55366
6342,85250,55367
6343,85250,55368
6344,85250,55369
6345,85250,55370
6346,85250,55371
6347,85250,55372
6348,85250,55373
6349,85250,55374
6350,85250,55375
6351,85250,55376
6352,85250,55377
6353,85250,55378
6354,85250,55379
6355,85250,55380
6356,85250,55381
6357,85250,55382
6358,85250,55383
6359,85250,55384
6360,85250,55385
6361,85250,55386
6362,85250,55387
6363,85250,55388
6364,85250,55389
6365,85250,55390
6366,85250,55391
6367,85250,55392
6368,85250,55393
6369,85250,55394
6370,85250,55395
6371,85250,55396
6372,85250,55397
6373,85250,55398
6374,85250,55399
6375,85250,55400
6376,85250,55401
6377,85250,55402
6378,85250,55403
6379,85250,55404
6380,85250,55405
6381,85250,55406
6382,85250,55407
6383,85250,55408
6384,85250,55409
6385,85250,55410
6386,85250,55411
6387,85250,55412
6388,85250,55413
6389,85250,55414
6390,85250,55415
6391,85250,55416
6392,85250,55417
6393,85250,55418
6394,85250,55419
6395,85250,55420
6396,85250,55421
6397,85250,55422
6398,85250,55423
6399,85250,55424
6400,85250,55425
6401,85250,55426
6402,85250,55427
6403,85250,55428
6404,85250,55429
6405,85250,55430
6406,85250,55431
6407,85250,55432
6408,85250,55433
6409,85250,55434
6410,85250,55435
6411,85250,55436
6412,85251,55320
6413,85251,55321
6414,85251,55322
6415,85251,55323
6416,85251,55324
6417,85251,55325
6418,85251,55326
6419,85251,55327
6420,85251,55328
6421,85251,55329
6422,85251,55330
6423,85251,55331
6424,85251,55332
6425,85251,55333
6426,85251,55334
6427,85251,55335
6428,85251,55336
6429,85251,55337
6430,85251,55338
6431,85251,55339
6432,85251,55340
6433,85251,55341
6434,85251,55342
6435,85251,55343
6436,85251,55344
6437,85251,55345
6438,85251,55346
6439,85251,55347
6440,85251,55348
6441,85251,55349
6442,85251,55350
6443,85251,55351
6444,85251,55352
6445,85251,55353
6446,85251,55354
6447,85251,55355
6448,85251,55356
6449,85251,55357
6450,85251,55358
6451,85251,55359
6452,85251,55360
6453,85251,55361
6454,85251,55362
6455,85251,55363
6456,85251,55364
6457,85251,55365
6458,85251,55366
6459,85251,55367
6460,85251,55368
6461,85251,55369
6462,85251,55370
6463,85251,55371
6464,85251,55372
6465,85251,55373
6466,85251,55374
6467,85251,55375
6468,85251,55376
6469,85251,55377
6470,85251,55378
6471,85251,55379
6472,85251,55380
6473,85251,55381
6474,85251,55382
6475,85251,55383
6476,85251,55384
6477,85251,55385
6478,85251,55386
6479,85251,55387
6480,85251,55388
6481,85251,55389
6482,85251,55390
6483,85251,55391
6484,85251,55392
6485,85251,55393
6486,85251,55394
6487,85251,55395
6488,85251,55396
6489,85251,55397
6490,85251,55398
6491,85251,55399
6492,85251,55400
6493,85251,55401
6494,85251,55402
6495,85251,55403
6496,85251,55404
6497,85251,55405
6498,85251,55406
6499,85251,55407
6500,85251,55408
6501,85251,55409
6502,85251,55410
6503,85251,55411
6504,85251,55412
6505,85251,55413
6506,85251,55414
6507,85251,55415
6508,85251,55416
6509,85251,55417
6510,85251,55418
6511,85251,55419
6512,85251,55420
6513,85251,55421
6514,85251,55422
6515,85251,55423
6516,85251,55424
6517,85251,55425
6518,85251,55426
6519,85251,55427
6520,85251,55428
6521,85251,55429
6522,85251,55430
6523,85251,55431
6524,85251,55432
6525,85251,55433
6526,85251,55434
6527,85251,55435
6528,85251,55436
6529,85252,55320
6530,85252,55321
6531,85252,55322
6532,85252,55323
6533,85252,55324
6534,85252,55325
6535,85252,55326
6536,85252,55327
6537,85252,55328
6538,85252,55329
6539,85252,55330
6540,85252,55331
6541,85252,55332
6542,85252,55333
6543,85252,55334
6544,85252,55335
6545,85252,55336
6546,85252,55337
6547,85252,55338
6548,85252,55339
6549,85252,55340
6550,85252,55341
6551,85252,55342
6552,85252,55343
6553,85252,55344
6554,85252,55345
6555,85252,55346
6556,85252,55347
6557,85252,55348
6558,85252,55349
6559,85252,55350
6560,85252,55351
6561,85252,55352
6562,85252,55353
6563,85252,55354
6564,85252,55355
6565,85252,55356
6566,85252,55357
6567,85252,55358
6568,85252,55359
6569,85252,55360
6570,85252,55361
6571,85252,55362
6572,85252,55363
6573,85252,55364
6574,85252,55365
6575,85252,55366
6576,85252,55367
6577,85252,55368
6578,85252,55369
6579,85252,55370
6580,85252,55371
6581,85252,55372
6582,85252,55373
6583,85252,55374
6584,85252,55375
6585,85252,55376
6586,85252,55377
6587,85252,55378
6588,85252,55379
6589,85252,55380
6590,85252,55381
6591,85252,55382
6592,85252,55383
6593,85252,55384
6594,85252,55385
6595,85252,55386
6596,85252,55387
6597,85252,55388
6598,85252,55389
6599,85252,55390
6600,85252,55391
6601,85252,55392
6602,85252,55393
6603,85252,55394
6604,85252,55395
6605,85252,55396
6606,85252,55397
6607,85252,55398
6608,85252,55399
6609,85252,55400
6610,85252,55401
6611,85252,55402
6612,85252,55403
6613,85252,55404
6614,85252,55405
6615,85252,55406
6616,85252,55407
6617,85252,55408
6618,85252,55409
6619,85252,55410
6620,85252,55411
6621,85252,55412
6622,85252,55413
6623,85252,55414
6624,85252,55415
6625,85252,55416
6626,85252,55417
6627,85252,55418
6628,85252,55419
6629,85252,55420
6630,85252,55421
6631,85252,55422
6632,85252,55423
6633,85252,55424
6634,85252,55425
6635,85252,55426
6636,85252,55427
6637,85252,55428
6638,85252,55429
6639,85252,55430
6640,85252,55431
6641,85252,55432
6642,85252,55433
6643,85252,55434
6644,85252,55435
6645,85252,55436
6646,85253,55320
6647,85253,55321
6648,85253,55322
6649,85253,55323
6650,85253,55324
6651,85253,55325
6652,85253,55326
6653,85253,55327
6654,85253,55328
6655,85253,55329
6656,85253,55330
6657,85253,55331
6658,85253,55332
6659,85253,55333
6660,85253,55334
6661,85253,55335
6662,85253,55336
6663,85253,55337
6664,85253,55338
6665,85253,55339
6666,85253,55340
6667,85253,55341
6668,85253,55342
6669,85253,55343
6670,85253,55344
6671,85253,55345
6672,85253,55346
6673,85253,55347
6674,85253,55348
6675,85253,55349
6676,85253,55350
6677,85253,55351
6678,85253,55352
6679,85253,55353
6680,85253,55354
6681,85253,55355
6682,85253,55356
6683,85253,55357
6684,85253,55358
6685,85253,55359
6686,85253,55360
6687,85253,55361
6688,85253,55362
6689,85253,55363
6690,85253,55364
6691,85253,55365
6692,85253,55366
6693,85253,55367
6694,85253,55368
6695,85253,55369
6696,85253,55370
6697,85253,55371
6698,85253,55372
6699,85253,55373
6700,85253,55374
6701,85253,55375
6702,85253,55376
6703,85253,55377
6704,85253,55378
6705,85253,55379
6706,85253,55380
6707,85253,55381
6708,85253,55382
6709,85253,55383
6710,85253,55384
6711,85253,55385
6712,85253,55386
6713,85253,55387
6714,85253,55388
6715,85253,55389
6716,85253,55390
6717,85253,55391
6718,85253,55392
6719,85253,55393
6720,85253,55394
6721,85253,55395
6722,85253,55396
6723,85253,55397
6724,85253,55398
6725,85253,55399
6726,85253,55400
6727,85253,55401
6728,85253,55402
6729,85253,55403
6730,85253,55404
6731,85253,55405
6732,85253,55406
6733,85253,55407
6734,85253,55408
6735,85253,55409
6736,85253,55410
6737,85253,55411
6738,85253,55412
6739,85253,55413
6740,85253,55414
6741,85253,55415
6742,85253,55416
6743,85253,55417
6744,85253,55418
6745,85253,55419
6746,85253,55420
6747,85253,55421
6748,85253,55422
6749,85253,55423
6750,85253,55424
6751,85253,55425
6752,85253,55426
6753,85253,55427
6754,85253,55428
6755,85253,55429
6756,85253,55430
6757,85253,55431
6758,85253,55432
6759,85253,55433
6760,85253,55434
6761,85253,55435
6762,85253,55436
6763,85253,55437
6764,85254,55320
6765,85254,55321
6766,85254,55322
6767,85254,55323
6768,85254,55324
6769,85254,55325
6770,85254,55326
6771,85254,55327
6772,85254,55328
6773,85254,55329
6774,85254,55330
6775,85254,55331
6776,85254,55332
6777,85254,55333
6778,85254,55334
6779,85254,55335
6780,85254,55336
6781,85254,55337
6782,85254,55338
6783,85254,55339
6784,85254,55340
6785,85254,55341
6786,85254,55342
6787,85254,55343
6788,85254,55344
6789,85254,55345
6790,85254,55346
6791,85254,55347
6792,85254,55348
6793,85254,55349
6794,85254,55350
6795,85254,55351
6796,85254,55352
6797,85254,55353
6798,85254,55354
6799,85254,55355
6800,85254,55356
6801,85254,55357
6802,85254,55358
6803,85254,55359
6804,85254,55360
6805,85254,55361
6806,85254,55362
6807,85254,55363
6808,85254,55364
6809,85254,55365
6810,85254,55366
6811,85254,55367
6812,85254,55368
6813,85254,55369
6814,85254,55370
6815,85254,55371
6816,85254,55372
6817,85254,55373
6818,85254,55374
6819,85254,55375
6820,85254,55376
6821,85254,55377
6822,85254,55378
6823,85254,55379
6824,85254,55380
6825,85254,55381
6826,85254,55382
6827,85254,55383
6828,85254,55384
6829,85254,55385
6830,85254,55386
6831,85254,55387
6832,85254,55388
6833,85254,55389
6834,85254,55390
6835,85254,55391
6836,85254,55392
6837,85254,55393
6838,85254,55394
6839,85254,55395
6840,85254,55396
6841,85254,55397
6842,85254,55398
6843,85254,55399
6844,85254,55400
6845,85254,55401
6846,85254,55402
6847,85254,55403
6848,85254,55404
6849,85254,55405
6850,85254,55406
6851,85254,55407
6852,85254,55408
6853,85254,55409
6854,85254,55410
6855,85254,55411
6856,85254,55412
6857,85254,55413
6858,85254,55414
6859,85254,55415
6860,85254,55416
6861,85254,55417
6862,85254,55418
6863,85254,55419
6864,85254,55420
6865,85254,55421
6866,85254,55422
6867,85254,55423
6868,85254,55424
6869,85254,55425
6870,85254,55426
6871,85254,55427
6872,85254,55428
6873,85254,55429
6874,85254,55430
6875,85254,55431
6876,85254,55432
6877,85254,55433
6878,85254,55434
6879,85254,55435
6880,85254,55436
6881,85254,55437
6882,85255,55320
6883,85255,55321
6884,85255,55322
6885,85255,55323
6886,85255,55324
6887,85255,55325
6888,85255,55326
6889,85255,55327
6890,85255,55328
6891,85255,55329
6892,85255,55330
6893,85255,55331
6894,85255,55332
6895,85255,55333
6896,85255,55334
6897,85255,55335
6898,85255,55336
6899,85255,55337
6900,85255,55338
6901,85255,55339
6902,85255,55340
6903,85255,55341
6904,85255,55342
6905,85255,55343
6906,85255,55344
6907,85255,55345
6908,85255,55346
6909,85255,55347
6910,85255,55348
6911,85255,55349
6912,85255,55350
6913,85255,55351
6914,85255,55352
6915,85255,55353
6916,85255,55354
6917,85255,55355
6918,85255,55356
6919,85255,55357
6920,85255,55358
6921,85255,55359
6922,85255,55360
6923,85255,55361
6924,85255,55362
6925,85255,55363
6926,85255,55364
6927,85255,55365
6928,85255,55366
6929,85255,55367
6930,85255,55368
6931,85255,55369
6932,85255,55370
6933,85255,55371
6934,85255,55372
6935,85255,55373
6936,85255,55374
6937,85255,55375
6938,85255,55376
6939,85255,55377
6940,85255,55378
6941,85255,55379
6942,85255,55380
6943,85255,55381
6944,85255,55382
6945,85255,55383
6946,85255,55384
6947,85255,55385
6948,85255,55386
6949,85255,55387
6950,85255,55388
6951,85255,55389
6952,85255,55390
6953,85255,55391
6954,85255,55392
6955,85255,55393
6956,85255,55394
6957,85255,55395
6958,85255,55396
6959,85255,55397
6960,85255,55398
6961,85255,55399
6962,85255,55400
6963,85255,55401
6964,85255,55402
6965,85255,55403
6966,85255,55404
6967,85255,55405
6968,85255,55406
6969,85255,55407
6970,85255,55408
6971,85255,55409
6972,85255,55410
6973,85255,55411
6974,85255,55412
6975,85255,55413
6976,85255,55414
6977,85255,55415
6978,85255,55416
6979,85255,55417
6980,85255,55418
6981,85255,55419
6982,85255,55420
6983,85255,55421
6984,85255,55422
6985,85255,55423
6986,85255,55424
6987,85255,55425
6988,85255,55426
6989,85255,55427
6990,85255,55428
6991,85255,55429
6992,85255,55430
6993,85255,55431
6994,85255,55432
6995,85255,55433
6996,85255,55434
6997,85255,55435
6998,85255,55436
6999,85255,55437
7000,85256,55320
7001,85256,55321
7002,85256,55322
7003,85256,55323
7004,85256,55324
7005,85256,55325
7006,85256,55326
7007,85256,55327
7008,85256,55328
7009,85256,55329
7010,85256,55330
7011,85256,55331
7012,85256,55332
7013,85256,55333
7014,85256,55334
7015,85256,55335
7016,85256,55336
7017,85256,55337
7018,85256,55338
7019,85256,55339
7020,85256,55340
7021,85256,55341
7022,85256,55342
7023,85256,55343
7024,85256,55344
7025,85256,55345
7026,85256,55346
7027,85256,55347
7028,85256,55348
7029,85256,55349
7030,85256,55350
7031,85256,55351
7032,85256,55352
7033,85256,55353
7034,85256,55354
7035,85256,55355
7036,85256,55356
7037,85256,55357
7038,85256,55358
7039,85256,55359
7040,85256,55360
7041,85256,55361
7042,85256,55362
7043,85256,55363
7044,85256,55364
7045,85256,55365
7046,85256,55366
7047,85256,55367
7048,85256,55368
7049,85256,55369
7050,85256,55370
7051,85256,55371
7052,85256,55372
7053,85256,55373
7054,85256,55374
7055,85256,55375
7056,85256,55376
7057,85256,55377
7058,85256,55378
7059,85256,55379
7060,85256,55380
7061,85256,55381
7062,85256,55382
7063,85256,55383
7064,85256,55384
7065,85256,55385
7066,85256,55386
7067,85256,55387
7068,85256,55388
7069,85256,55389
7070,85256,55390
7071,85256,55391
7072,85256,55392
7073,85256,55393
7074,85256,55394
7075,85256,55395
7076,85256,55396
7077,85256,55397
7078,85256,55398
7079,85256,55399
7080,85256,55400
7081,85256,55401
7082,85256,55402
7083,85256,55403
7084,85256,55404
7085,85256,55405
7086,85256,55406
7087,85256,55407
7088,85256,55408
7089,85256,55409
7090,85256,55410
7091,85256,55411
7092,85256,55412
7093,85256,55413
7094,85256,55414
7095,85256,55415
7096,85256,55416
7097,85256,55417
7098,85256,55418
7099,85256,55419
7100,85256,55420
7101,85256,55421
7102,85256,55422
7103,85256,55423
7104,85256,55424
7105,85256,55425
7106,85256,55426
7107,85256,55427
7108,85256,55428
7109,85256,55429
7110,85256,55430
7111,85256,55431
7112,85256,55432
7113,85256,55433
7114,85256,55434
7115,85256,55435
7116,85256,55436
7117,85256,55437
7118,85256,55438
7119,85257,55320
7120,85257,55321
7121,85257,55322
7122,85257,55323
7123,85257,55324
7124,85257,55325
7125,85257,55326
7126,85257,55327
7127,85257,55328
7128,85257,55329
7129,85257,55330
7130,85257,55331
7131,85257,55332
7132,85257,55333
7133,85257,55334
7134,85257,55335
7135,85257,55336
7136,85257,55337
7137,85257,55338
7138,85257,55339
7139,85257,55340
7140,85257,55341
7141,85257,55342
7142,85257,55343
7143,85257,55344
7144,85257,55345
7145,85257,55346
7146,85257,55347
7147,85257,55348
7148,85257,55349
7149,85257,55350
7150,85257,55351
7151,85257,55352
7152,85257,55353
7153,85257,55354
7154,85257,55355
7155,85257,55356
7156,85257,55357
7157,85257,55358
7158,85257,55359
7159,85257,55360
7160,85257,55361
7161,85257,55362
7162,85257,55363
7163,85257,55364
7164,85257,55365
7165,85257,55366
7166,85257,55367
7167,85257,55368
7168,85257,55369
7169,85257,55370
7170,85257,55371
7171,85257,55372
7172,85257,55373
7173,85257,55374
7174,85257,55375
7175,85257,55376
7176,85257,55377
7177,85257,55378
7178,85257,55379
7179,85257,55380
7180,85257,55381
7181,85257,55382
7182,85257,55383
7183,85257,55384
7184,85257,55385
7185,85257,55386
7186,85257,55387
7187,85257,55388
7188,85257,55389
7189,85257,55390
7190,85257,55391
7191,85257,55392
7192,85257,55393
7193,85257,55394
7194,85257,55395
7195,85257,55396
7196,85257,55397
7197,85257,55398
7198,85257,55399
7199,85257,55400
7200,85257,55401
7201,85257,55402
7202,85257,55403
7203,85257,55404
7204,85257,55405
7205,85257,55406
7206,85257,55407
7207,85257,55408
7208,85257,55409
7209,85257,55410
7210,85257,55411
7211,85257,55412
7212,85257,55413
7213,85257,55414
7214,85257,55415
7215,85257,55416
7216,85257,55417
7217,85257,55418
7218,85257,55419
7219,85257,55420
7220,85257,55421
7221,85257,55422
7222,85257,55423
7223,85257,55424
7224,85257,55425
7225,85257,55426
7226,85257,55427
7227,85257,55428
7228,85257,55429
7229,85257,55430
7230,85257,55431
7231,85257,55432
7232,85257,55433
7233,85257,55434
7234,85257,55435
7235,85257,55436
7236,85257,55437
7237,85257,55438
7238,85258,55320
7239,85258,55321
7240,85258,55322
7241,85258,55323
7242,85258,55324
7243,85258,55325
7244,85258,55326
7245,85258,55327
7246,85258,55328
7247,85258,55329
7248,85258,55330
7249,85258,55331
7250,85258,55332
7251,85258,55333
7252,85258,55334
7253,85258,55335
7254,85258,55336
7255,85258,55337
7256,85258,55338
7257,85258,55339
7258,85258,55340
7259,85258,55341
7260,85258,55342
7261,85258,55343
7262,85258,55344
7263,85258,55345
7264,85258,55346
7265,85258,55347
7266,85258,55348
7267,85258,55349
7268,85258,55350
7269,85258,55351
7270,85258,55352
7271,85258,55353
7272,85258,55354
7273,85258,55355
7274,85258,55356
7275,85258,55357
7276,85258,55358
7277,85258,55359
7278,85258,55360
7279,85258,55361
7280,85258,55362
7281,85258,55363
7282,85258,55364
7283,85258,55365
7284,85258,55366
7285,85258,55367
7286,85258,55368
7287,85258,55369
7288,85258,55370
7289,85258,55371
7290,85258,55372
7291,85258,55373
7292,85258,55374
7293,85258,55375
7294,85258,55376
7295,85258,55377
7296,85258,55378
7297,85258,55379
7298,85258,55380
7299,85258,55381
7300,85258,55382
7301,85258,55383
7302,85258,55384
7303,85258,55385
7304,85258,55386
7305,85258,55387
7306,85258,55388
7307,85258,55389
7308,85258,55390
7309,85258,55391
7310,85258,55392
7311,85258,55393
7312,85258,55394
7313,85258,55395
7314,85258,55396
7315,85258,55397
7316,85258,55398
7317,85258,55399
7318,85258,55400
7319,85258,55401
7320,85258,55402
7321,85258,55403
7322,85258,55404
7323,85258,55405
7324,85258,55406
7325,85258,55407
7326,85258,55408
7327,85258,55409
7328,85258,55410
7329,85258,55411
7330,85258,55412
7331,85258,55413
7332,85258,55414
7333,85258,55415
7334,85258,55416
7335,85258,55417
7336,85258,55418
7337,85258,55419
7338,85258,55420
7339,85258,55421
7340,85258,55422
7341,85258,55423
7342,85258,55424
7343,85258,55425
7344,85258,55426
7345,85258,55427
7346,85258,55428
7347,85258,55429
7348,85258,55430
7349,85258,55431
7350,85258,55432
7351,85258,55433
7352,85258,55434
7353,85258,55435
7354,85258,55436
7355,85258,55437
7356,85258,55438
7357,85259,55320
7358,85259,55321
7359,85259,55322
7360,85259,55323
7361,85259,55324
7362,85259,55325
7363,85259,55326
7364,85259,55327
7365,85259,55328
7366,85259,55329
7367,85259,55330
7368,85259,55331
7369,85259,55332
7370,85259,55333
7371,85259,55334
7372,85259,55335
7373,85259,55336
7374,85259,55337
7375,85259,55338
7376,85259,55339
7377,85259,55340
7378,85259,55341
7379,85259,55342
7380,85259,55343
7381,85259,55344
7382,85259,55345
7383,85259,55346
7384,85259,55347
7385,85259,55348
7386,85259,55349
7387,85259,55350
7388,85259,55351
7389,85259,55352
7390,85259,55353
7391,85259,55354
7392,85259,55355
7393,85259,55356
7394,85259,55357
7395,85259,55358
7396,85259,55359
7397,85259,55360
7398,85259,55361
7399,85259,55362
7400,85259,55363
7401,85259,55364
7402,85259,55365
7403,85259,55366
7404,85259,55367
7405,85259,55368
7406,85259,55369
7407,85259,55370
7408,85259,55371
7409,85259,55372
7410,85259,55373
7411,85259,55374
7412,85259,55375
7413,85259,55376
7414,85259,55377
7415,85259,55378
7416,85259,55379
7417,85259,55380
7418,85259,55381
7419,85259,55382
7420,85259,55383
7421,85259,55384
7422,85259,55385
7423,85259,55386
7424,85259,55387
7425,85259,55388
7426,85259,55389
7427,85259,55390
7428,85259,55391
7429,85259,55392
7430,85259,55393
7431,85259,55394
7432,85259,55395
7433,85259,55396
7434,85259,55397
7435,85259,55398
7436,85259,55399
7437,85259,55400
7438,85259,55401
7439,85259,55402
7440,85259,55403
7441,85259,55404
7442,85259,55405
7443,85259,55406
7444,85259,55407
7445,85259,55408
7446,85259,55409
7447,85259,55410
7448,85259,55411
7449,85259,55412
7450,85259,55413
7451,85259,55414
7452,85259,55415
7453,85259,55416
7454,85259,55417
7455,85259,55418
7456,85259,55419
7457,85259,55420
7458,85259,55421
7459,85259,55422
7460,85259,55423
7461,85259,55424
7462,85259,55425
7463,85259,55426
7464,85259,55427
7465,85259,55428
7466,85259,55429
7467,85259,55430
7468,85259,55431
7469,85259,55432
7470,85259,55433
7471,85259,55434
7472,85259,55435
7473,85259,55436
7474,85259,55437
7475,85259,55438
7476,85260,55320
7477,85260,55321
7478,85260,55322
7479,85260,55323
7480,85260,55324
7481,85260,55325
7482,85260,55326
7483,85260,55327
7484,85260,55328
7485,85260,55329
7486,85260,55330
7487,85260,55331
7488,85260,55332
7489,85260,55333
7490,85260,55334
7491,85260,55335
7492,85260,55336
7493,85260,55337
7494,85260,55338
7495,85260,55339
7496,85260,55340
7497,85260,55341
7498,85260,55342
7499,85260,55343
7500,85260,55344
7501,85260,55345
7502,85260,55346
7503,85260,55347
7504,85260,55348
7505,85260,55349
7506,85260,55350
7507,85260,55351
7508,85260,55352
7509,85260,55353
7510,85260,55354
7511,85260,55355
7512,85260,55356
7513,85260,55357
7514,85260,55358
7515,85260,55359
7516,85260,55360
7517,85260,55361
7518,85260,55362
7519,85260,55363
7520,85260,55364
7521,85260,55365
7522,85260,55366
7523,85260,55367
7524,85260,55368
7525,85260,55369
7526,85260,55370
7527,85260,55371
7528,85260,55372
7529,85260,55373
7530,85260,55374
7531,85260,55375
7532,85260,55376
7533,85260,55377
7534,85260,55378
7535,85260,55379
7536,85260,55380
7537,85260,55381
7538,85260,55382
7539,85260,55383
7540,85260,55384
7541,85260,55385
7542,85260,55386
7543,85260,55387
7544,85260,55388
7545,85260,55389
7546,85260,55390
7547,85260,55391
7548,85260,55392
7549,85260,55393
7550,85260,55394
7551,85260,55395
7552,85260,55396
7553,85260,55397
7554,85260,55398
7555,85260,55399
7556,85260,55400
7557,85260,55401
7558,85260,55402
7559,85260,55403
7560,85260,55404
7561,85260,55405
7562,85260,55406
7563,85260,55407
7564,85260,55408
7565,85260,55409
7566,85260,55410
7567,85260,55411
7568,85260,55412
7569,85260,55413
7570,85260,55414
7571,85260,55415
7572,85260,55416
7573,85260,55417
7574,85260,55418
7575,85260,55419
7576,85260,55420
7577,85260,55421
7578,85260,55422
7579,85260,55423
7580,85260,55424
7581,85260,55425
7582,85260,55426
7583,85260,55427
7584,85260,55428
7585,85260,55429
7586,85260,55430
7587,85260,55431
7588,85260,55432
7589,85260,55433
7590,85260,55434
7591,85260,55435
7592,85260,55436
7593,85260,55437
7594,85260,55438
7595,85261,55320
7596,85261,55321
7597,85261,55322
7598,85261,55323
7599,85261,55324
7600,85261,55325
7601,85261,55326
7602,85261,55327
7603,85261,55328
7604,85261,55329
7605,85261,55330
7606,85261,55331
7607,85261,55332
7608,85261,55333
7609,85261,55334
7610,85261,55335
7611,85261,55336
7612,85261,55337
7613,85261,55338
7614,85261,55339
7615,85261,55340
7616,85261,55341
7617,85261,55342
7618,85261,55343
7619,85261,55344
7620,85261,55345
7621,85261,55346
7622,85261,55347
7623,85261,55348
7624,85261,55349
7625,85261,55350
7626,85261,55351
7627,85261,55352
7628,85261,55353
7629,85261,55354
7630,85261,55355
7631,85261,55356
7632,85261,55357
7633,85261,55358
7634,85261,55359
7635,85261,55360
7636,85261,55361
7637,85261,55362
7638,85261,55363
7639,85261,55364
7640,85261,55365
7641,85261,55366
7642,85261,55367
7643,85261,55368
7644,85261,55369
7645,85261,55370
7646,85261,55371
7647,85261,55372
7648,85261,55373
7649,85261,55374
7650,85261,55375
7651,85261,55376
7652,85261,55377
7653,85261,55378
7654,85261,55379
7655,85261,55380
7656,85261,55381
7657,85261,55382
7658,85261,55383
7659,85261,55384
7660,85261,55385
7661,85261,55386
7662,85261,55387
7663,85261,55388
7664,85261,55389
7665,85261,55390
7666,85261,55391
7667,85261,55392
7668,85261,55393
7669,85261,55394
7670,85261,55395
7671,85261,55396
7672,85261,55397
7673,85261,55398
7674,85261,55399
7675,85261,55400
7676,85261,55401
7677,85261,55402
7678,85261,55403
7679,85261,55404
7680,85261,55405
7681,85261,55406
7682,85261,55407
7683,85261,55408
7684,85261,55409
7685,85261,55410
7686,85261,55411
7687,85261,55412
7688,85261,55413
7689,85261,55414
7690,85261,55415
7691,85261,55416
7692,85261,55417
7693,85261,55418
7694,85261,55419
7695,85261,55420
7696,85261,55421
7697,85261,55422
7698,85261,55423
7699,85261,55424
7700,85261,55425
7701,85261,55426
7702,85261,55427
7703,85261,55428
7704,85261,55429
7705,85261,55430
7706,85261,55431
7707,85261,55432
7708,85261,55433
7709,85261,55434
7710,85261,55435
7711,85261,55436
7712,85261,55437
7713,85261,55438
7714,85262,55320
7715,85262,55321
7716,85262,55322
7717,85262,55323
7718,85262,55324
7719,85262,55325
7720,85262,55326
7721,85262,55327
7722,85262,55328
7723,85262,55329
7724,85262,55330
7725,85262,55331
7726,85262,55332
7727,85262,55333
7728,85262,55334
7729,85262,55335
7730,85262,55336
7731,85262,55337
7732,85262,55338
7733,85262,55339
7734,85262,55340
7735,85262,55341
7736,85262,55342
7737,85262,55343
7738,85262,55344
7739,85262,55345
7740,85262,55346
7741,85262,55347
7742,85262,55348
7743,85262,55349
7744,85262,55350
7745,85262,55351
7746,85262,55352
7747,85262,55353
7748,85262,55354
7749,85262,55355
7750,85262,55356
7751,85262,55357
7752,85262,55358
7753,85262,55359
7754,85262,55360
7755,85262,55361
7756,85262,55362
7757,85262,55363
7758,85262,55364
7759,85262,55365
7760,85262,55366
7761,85262,55367
7762,85262,55368
7763,85262,55369
7764,85262,55370
7765,85262,55371
7766,85262,55372
7767,85262,55373
7768,85262,55374
7769,85262,55375
7770,85262,55376
7771,85262,55377
7772,85262,55378
7773,85262,55379
7774,85262,55380
7775,85262,55381
7776,85262,55382
7777,85262,55383
7778,85262,55384
7779,85262,55385
7780,85262,55386
7781,85262,55387
7782,85262,55388
7783,85262,55389
7784,85262,55390
7785,85262,55391
7786,85262,55392
7787,85262,55393
7788,85262,55394
7789,85262,55395
7790,85262,55396
7791,85262,55397
7792,85262,55398
7793,85262,55399
7794,85262,55400
7795,85262,55401
7796,85262,55402
7797,85262,55403
7798,85262,55404
7799,85262,55405
7800,85262,55406
7801,85262,55407
7802,85262,55408
7803,85262,55409
7804,85262,55410
7805,85262,55411
7806,85262,55412
7807,85262,55413
7808,85262,55414
7809,85262,55415
7810,85262,55416
7811,85262,55417
7812,85262,55418
7813,85262,55419
7814,85262,55420
7815,85262,55421
7816,85262,55422
7817,85262,55423
7818,85262,55424
7819,85262,55425
7820,85262,55426
7821,85262,55427
7822,85262,55428
7823,85262,55429
7824,85262,55430
7825,85262,55431
7826,85262,55432
7827,85262,55433
7828,85262,55434
7829,85262,55435
7830,85262,55436
7831,85262,55437
7832,85262,55438
7833,85263,55320
7834,85263,55321
7835,85263,55322
7836,85263,55323
7837,85263,55324
7838,85263,55325
7839,85263,55326
7840,85263,55327
7841,85263,55328
7842,85263,55329
7843,85263,55330
7844,85263,55331
7845,85263,55332
7846,85263,55333
7847,85263,55334
7848,85263,55335
7849,85263,55336
7850,85263,55337
7851,85263,55338
7852,85263,55339
7853,85263,55340
7854,85263,55341
7855,85263,55342
7856,85263,55343
7857,85263,55344
7858,85263,55345
7859,85263,55346
7860,85263,55347
7861,85263,55348
7862,85263,55349
7863,85263,55350
7864,85263,55351
7865,85263,55352
7866,85263,55353
7867,85263,55354
7868,85263,55355
7869,85263,55356
7870,85263,55357
7871,85263,55358
7872,85263,55359
7873,85263,55360
7874,85263,55361
7875,85263,55362
7876,85263,55363
7877,85263,55364
7878,85263,55365
7879,85263,55366
7880,85263,55367
7881,85263,55368
7882,85263,55369
7883,85263,55370
7884,85263,55371
7885,85263,55372
7886,85263,55373
7887,85263,55374
7888,85263,55375
7889,85263,55376
7890,85263,55377
7891,85263,55378
7892,85263,55379
7893,85263,55380
7894,85263,55381
7895,85263,55382
7896,85263,55383
7897,85263,55384
7898,85263,55385
7899,85263,55386
7900,85263,55387
7901,85263,55388
7902,85263,55389
7903,85263,55390
7904,85263,55391
7905,85263,55392
7906,85263,55393
7907,85263,55394
7908,85263,55395
7909,85263,55396
7910,85263,55397
7911,85263,55398
7912,85263,55399
7913,85263,55400
7914,85263,55401
7915,85263,55402
7916,85263,55403
7917,85263,55404
7918,85263,55405
7919,85263,55406
7920,85263,55407
7921,85263,55408
7922,85263,55409
7923,85263,55410
7924,85263,55411
7925,85263,55412
7926,85263,55413
7927,85263,55414
7928,85263,55415
7929,85263,55416
7930,85263,55417
7931,85263,55418
7932,85263,55419
7933,85263,55420
7934,85263,55421
7935,85263,55422
7936,85263,55423
7937,85263,55424
7938,85263,55425
7939,85263,55426
7940,85263,55427
7941,85263,55428
7942,85263,55429
7943,85263,55430
7944,85263,55431
7945,85263,55432
7946,85263,55433
7947,85263,55434
7948,85263,55435
7949,85263,55436
7950,85263,55437
7951,85263,55438
7952,85263,55439
7953,85264,55320
7954,85264,55321
7955,85264,55322
7956,85264,55323
7957,85264,55324
7958,85264,55325
7959,85264,55326
7960,85264,55327
7961,85264,55328
7962,85264,55329
7963,85264,55330
7964,85264,55331
7965,85264,55332
7966,85264,55333
7967,85264,55334
7968,85264,55335
7969,85264,55336
7970,85264,55337
7971,85264,55338
7972,85264,55339
7973,85264,55340
7974,85264,55341
7975,85264,55342
7976,85264,55343
7977,85264,55344
7978,85264,55345
7979,85264,55346
7980,85264,55347
7981,85264,55348
7982,85264,55349
7983,85264,55350
7984,85264,55351
7985,85264,55352
7986,85264,55353
7987,85264,55354
7988,85264,55355
7989,85264,55356
7990,85264,55357
7991,85264,55358
7992,85264,55359
7993,85264,55360
7994,85264,55361
7995,85264,55362
7996,85264,55363
7997,85264,55364
7998,85264,55365
7999,85264,55366
8000,85264,55367
8001,85264,55368
8002,85264,55369
8003,85264,55370
8004,85264,55371
8005,85264,55372
8006,85264,55373
8007,85264,55374
8008,85264,55375
8009,85264,55376
8010,85264,55377
8011,85264,55378
8012,85264,55379
8013,85264,55380
8014,85264,55381
8015,85264,55382
8016,85264,55383
8017,85264,55384
8018,85264,55385
8019,85264,55386
8020,85264,55387
8021,85264,55388
8022,85264,55389
8023,85264,55390
8024,85264,55391
8025,85264,55392
8026,85264,55393
8027,85264,55394
8028,85264,55395
8029,85264,55396
8030,85264,55397
8031,85264,55398
8032,85264,55399
8033,85264,55400
8034,85264,55401
8035,85264,55402
8036,85264,55403
8037,85264,55404
8038,85264,55405
8039,85264,55406
8040,85264,55407
8041,85264,55408
8042,85264,55409
8043,85264,55410
8044,85264,55411
8045,85264,55412
8046,85264,55413
8047,85264,55414
8048,85264,55415
8049,85264,55416
8050,85264,55417
8051,85264,55418
8052,85264,55419
8053,85264,55420
8054,85264,55421
8055,85264,55422
8056,85264,55423
8057,85264,55424
8058,85264,55425
8059,85264,55426
8060,85264,55427
8061,85264,55428
8062,85264,55429
8063,85264,55430
8064,85264,55431
8065,85264,55432
8066,85264,55433
8067,85264,55434
8068,85264,55435
8069,85264,55436
8070,85264,55437
8071,85264,55438
8072,85264,55439
8073,85265,55320
8074,85265,55321
8075,85265,55322
8076,85265,55323
8077,85265,55324
8078,85265,55325
8079,85265,55326
8080,85265,55327
8081,85265,55328
8082,85265,55329
8083,85265,55330
8084,85265,55331
8085,85265,55332
8086,85265,55333
8087,85265,55334
8088,85265,55335
8089,85265,55336
8090,85265,55337
8091,85265,55338
8092,85265,55339
8093,85265,55340
8094,85265,55341
8095,85265,55342
8096,85265,55343
8097,85265,55344
8098,85265,55345
8099,85265,55346
8100,85265,55347
8101,85265,55348
8102,85265,55349
8103,85265,55350
8104,85265,55351
8105,85265,55352
8106,85265,55353
8107,85265,55354
8108,85265,55355
8109,85265,55356
8110,85265,55357
8111,85265,55358
8112,85265,55359
8113,85265,55360
8114,85265,55361
8115,85265,55362
8116,85265,55363
8117,85265,55364
8118,85265,55365
8119,85265,55366
8120,85265,55367
8121,85265,55368
8122,85265,55369
8123,85265,55370
8124,85265,55371
8125,85265,55372
8126,85265,55373
8127,85265,55374
8128,85265,55375
8129,85265,55376
8130,85265,55377
8131,85265,55378
8132,85265,55379
8133,85265,55380
8134,85265,55381
8135,85265,55382
8136,85265,55383
8137,85265,55384
8138,85265,55385
8139,85265,55386
8140,85265,55387
8141,85265,55388
8142,85265,55389
8143,85265,55390
8144,85265,55391
8145,85265,55392
8146,85265,55393
8147,85265,55394
8148,85265,55395
8149,85265,55396
8150,85265,55397
8151,85265,55398
8152,85265,55399
8153,85265,55400
8154,85265,55401
8155,85265,55402
8156,85265,55403
8157,85265,55404
8158,85265,55405
8159,85265,55406
8160,85265,55407
8161,85265,55408
8162,85265,55409
8163,85265,55410
8164,85265,55411
8165,85265,55412
8166,85265,55413
8167,85265,55414
8168,85265,55415
8169,85265,55416
8170,85265,55417
8171,85265,55418
8172,85265,55419
8173,85265,55420
8174,85265,55421
8175,85265,55422
8176,85265,55423
8177,85265,55424
8178,85265,55425
8179,85265,55426
8180,85265,55427
8181,85265,55428
8182,85265,55429
8183,85265,55430
8184,85265,55431
8185,85265,55432
8186,85265,55433
8187,85265,55434
8188,85265,55435
8189,85265,55436
8190,85265,55437
8191,85265,55438
8192,85265,55439
8193,85265,55440
8194,85266,55320
8195,85266,55321
8196,85266,55322
8197,85266,55323
8198,85266,55324
8199,85266,55325
8200,85266,55326
8201,85266,55327
8202,85266,55328
8203,85266,55329
8204,85266,55330
8205,85266,55331
8206,85266,55332
8207,85266,55333
8208,85266,55334
8209,85266,55335
8210,85266,55336
8211,85266,55337
8212,85266,55338
8213,85266,55339
8214,85266,55340
8215,85266,55341
8216,85266,55342
8217,85266,55343
8218,85266,55344
8219,85266,55345
8220,85266,55346
8221,85266,55347
8222,85266,55348
8223,85266,55349
8224,85266,55350
8225,85266,55351
8226,85266,55352
8227,85266,55353
8228,85266,55354
8229,85266,55355
8230,85266,55356
8231,85266,55357
8232,85266,55358
8233,85266,55359
8234,85266,55360
8235,85266,55361
8236,85266,55362
8237,85266,55363
8238,85266,55364
8239,85266,55365
8240,85266,55366
8241,85266,55367
8242,85266,55368
8243,85266,55369
8244,85266,55370
8245,85266,55371
8246,85266,55372
8247,85266,55373
8248,85266,55374
8249,85266,55375
8250,85266,55376
8251,85266,55377
8252,85266,55378
8253,85266,55379
8254,85266,55380
8255,85266,55381
8256,85266,55382
8257,85266,55383
8258,85266,55384
8259,85266,55385
8260,85266,55386
8261,85266,55387
8262,85266,55388
8263,85266,55389
8264,85266,55390
8265,85266,55391
8266,85266,55392
8267,85266,55393
8268,85266,55394
8269,85266,55395
8270,85266,55396
8271,85266,55397
8272,85266,55398
8273,85266,55399
8274,85266,55400
8275,85266,55401
8276,85266,55402
8277,85266,55403
8278,85266,55404
8279,85266,55405
8280,85266,55406
8281,85266,55407
8282,85266,55408
8283,85266,55409
8284,85266,55410
8285,85266,55411
8286,85266,55412
8287,85266,55413
8288,85266,55414
8289,85266,55415
8290,85266,55416
8291,85266,55417
8292,85266,55418
8293,85266,55419
8294,85266,55420
8295,85266,55421
8296,85266,55422
8297,85266,55423
8298,85266,55424
8299,85266,55425
8300,85266,55426
8301,85266,55427
8302,85266,55428
8303,85266,55429
8304,85266,55430
8305,85266,55431
8306,85266,55432
8307,85266,55433
8308,85266,55434
8309,85266,55435
8310,85266,55436
8311,85266,55437
8312,85266,55438
8313,85266,55439
8314,85266,55440
8315,85267,55320
8316,85267,55321
8317,85267,55322
8318,85267,55323
8319,85267,55324
8320,85267,55325
8321,85267,55326
8322,85267,55327
8323,85267,55328
8324,85267,55329
8325,85267,55330
8326,85267,55331
8327,85267,55332
8328,85267,55333
8329,85267,55334
8330,85267,55335
8331,85267,55336
8332,85267,55337
8333,85267,55338
8334,85267,55339
8335,85267,55340
8336,85267,55341
8337,85267,55342
8338,85267,55343
8339,85267,55344
8340,85267,55345
8341,85267,55346
8342,85267,55347
8343,85267,55348
8344,85267,55349
8345,85267,55350
8346,85267,55351
8347,85267,55352
8348,85267,55353
8349,85267,55354
8350,85267,55355
8351,85267,55356
8352,85267,55357
8353,85267,55358
8354,85267,55359
8355,85267,55360
8356,85267,55361
8357,85267,55362
8358,85267,55363
8359,85267,55364
8360,85267,55365
8361,85267,55366
8362,85267,55367
8363,85267,55368
8364,85267,55369
8365,85267,55370
8366,85267,55371
8367,85267,55372
8368,85267,55373
8369,85267,55374
8370,85267,55375
8371,85267,55376
8372,85267,55377
8373,85267,55378
8374,85267,55379
8375,85267,55380
8376,85267,55381
8377,85267,55382
8378,85267,55383
8379,85267,55384
8380,85267,55385
8381,85267,55386
8382,85267,55387
8383,85267,55388
8384,85267,55389
8385,85267,55390
8386,85267,55391
8387,85267,55392
8388,85267,55393
8389,85267,55394
8390,85267,55395
8391,85267,55396
8392,85267,55397
8393,85267,55398
8394,85267,55399
8395,85267,55400
8396,85267,55401
8397,85267,55402
8398,85267,55403
8399,85267,55404
8400,85267,55405
8401,85267,55406
8402,85267,55407
8403,85267,55408
8404,85267,55409
8405,85267,55410
8406,85267,55411
8407,85267,55412
8408,85267,55413
8409,85267,55414
8410,85267,55415
8411,85267,55416
8412,85267,55417
8413,85267,55418
8414,85267,55419
8415,85267,55420
8416,85267,55421
8417,85267,55422
8418,85267,55423
8419,85267,55424
8420,85267,55425
8421,85267,55426
8422,85267,55427
8423,85267,55428
8424,85267,55429
8425,85267,55430
8426,85267,55431
8427,85267,55432
8428,85267,55433
8429,85267,55434
8430,85267,55435
8431,85267,55436
8432,85267,55437
8433,85267,55438
8434,85267,55439
8435,85267,55440
8436,85268,55320
8437,85268,55321
8438,85268,55322
8439,85268,55323
8440,85268,55324
8441,85268,55325
8442,85268,55326
8443,85268,55327
8444,85268,55328
8445,85268,55329
8446,85268,55330
8447,85268,55331
8448,85268,55332
8449,85268,55333
8450,85268,55334
8451,85268,55335
8452,85268,55336
8453,85268,55337
8454,85268,55338
8455,85268,55339
8456,85268,55340
8457,85268,55341
8458,85268,55342
8459,85268,55343
8460,85268,55344
8461,85268,55345
8462,85268,55346
8463,85268,55347
8464,85268,55348
8465,85268,55349
8466,85268,55350
8467,85268,55351
8468,85268,55352
8469,85268,55353
8470,85268,55354
8471,85268,55355
8472,85268,55356
8473,85268,55357
8474,85268,55358
8475,85268,55359
8476,85268,55360
8477,85268,55361
8478,85268,55362
8479,85268,55363
8480,85268,55364
8481,85268,55365
8482,85268,55366
8483,85268,55367
8484,85268,55368
8485,85268,55369
8486,85268,55370
8487,85268,55371
8488,85268,55372
8489,85268,55373
8490,85268,55374
8491,85268,55375
8492,85268,55376
8493,85268,55377
8494,85268,55378
8495,85268,55379
8496,85268,55380
8497,85268,55381
8498,85268,55382
8499,85268,55383
8500,85268,55384
8501,85268,55385
8502,85268,55386
8503,85268,55387
8504,85268,55388
8505,85268,55389
8506,85268,55390
8507,85268,55391
8508,85268,55392
8509,85268,55393
8510,85268,55394
8511,85268,55395
8512,85268,55396
8513,85268,55397
8514,85268,55398
8515,85268,55399
8516,85268,55400
8517,85268,55401
8518,85268,55402
8519,85268,55403
8520,85268,55404
8521,85268,55405
8522,85268,55406
8523,85268,55407
8524,85268,55408
8525,85268,55409
8526,85268,55410
8527,85268,55411
8528,85268,55412
8529,85268,55413
8530,85268,55414
8531,85268,55415
8532,85268,55416
8533,85268,55417
8534,85268,55418
8535,85268,55419
8536,85268,55420
8537,85268,55421
8538,85268,55422
8539,85268,55423
8540,85268,55424
8541,85268,55425
8542,85268,55426
8543,85268,55427
8544,85268,55428
8545,85268,55429
8546,85268,55430
8547,85268,55431
8548,85268,55432
8549,85268,55433
8550,85268,55434
8551,85268,55435
8552,85268,55436
8553,85268,55437
8554,85268,55438
8555,85268,55439
8556,85269,55320
8557,85269,55321
8558,85269,55322
8559,85269,55323
8560,85269,55324
8561,85269,55325
8562,85269,55326
8563,85269,55327
8564,85269,55328
8565,85269,55329
8566,85269,55330
8567,85269,55331
8568,85269,55332
8569,85269,55333
8570,85269,55334
8571,85269,55335
8572,85269,55336
8573,85269,55337
8574,85269,55338
8575,85269,55339
8576,85269,55340
8577,85269,55341
8578,85269,55342
8579,85269,55343
8580,85269,55344
8581,85269,55345
8582,85269,55346
8583,85269,55347
8584,85269,55348
8585,85269,55349
8586,85269,55350
8587,85269,55351
8588,85269,55352
8589,85269,55353
8590,85269,55354
8591,85269,55355
8592,85269,55356
8593,85269,55357
8594,85269,55358
8595,85269,55359
8596,85269,55360
8597,85269,55361
8598,85269,55362
8599,85269,55363
8600,85269,55364
8601,85269,55365
8602,85269,55366
8603,85269,55367
8604,85269,55368
8605,85269,55369
8606,85269,55370
8607,85269,55371
8608,85269,55372
8609,85269,55373
8610,85269,55374
8611,85269,55375
8612,85269,55376
8613,85269,55377
8614,85269,55378
8615,85269,55379
8616,85269,55380
8617,85269,55381
8618,85269,55382
8619,85269,55383
8620,85269,55384
8621,85269,55385
8622,85269,55386
8623,85269,55387
8624,85269,55388
8625,85269,55389
8626,85269,55390
8627,85269,55391
8628,85269,55392
8629,85269,55393
8630,85269,55394
8631,85269,55395
8632,85269,55396
8633,85269,55397
8634,85269,55398
8635,85269,55399
8636,85269,55400
8637,85269,55401
8638,85269,55402
8639,85269,55403
8640,85269,55404
8641,85269,55405
8642,85269,55406
8643,85269,55407
8644,85269,55408
8645,85269,55409
8646,85269,55410
8647,85269,55411
8648,85269,55412
8649,85269,55413
8650,85269,55414
8651,85269,55415
8652,85269,55416
8653,85269,55417
8654,85269,55418
8655,85269,55419
8656,85269,55420
8657,85269,55421
8658,85269,55422
8659,85269,55423
8660,85269,55424
8661,85269,55425
8662,85269,55426
8663,85269,55427
8664,85269,55428
8665,85269,55429
8666,85269,55430
8667,85269,55431
8668,85269,55432
8669,85269,55433
8670,85269,55434
8671,85269,55435
8672,85269,55436
8673,85269,55437
8674,85269,55438
8675,85269,55439
8676,85270,55320
8677,85270,55321
8678,85270,55322
8679,85270,55323
8680,85270,55324
8681,85270,55325
8682,85270,55326
8683,85270,55327
8684,85270,55328
8685,85270,55329
8686,85270,55330
8687,85270,55331
8688,85270,55332
8689,85270,55333
8690,85270,55334
8691,85270,55335
8692,85270,55336
8693,85270,55337
8694,85270,55338
8695,85270,55339
8696,85270,55340
8697,85270,55341
8698,85270,55342
8699,85270,55343
8700,85270,55344
8701,85270,55345
8702,85270,55346
8703,85270,55347
8704,85270,55348
8705,85270,55349
8706,85270,55350
8707,85270,55351
8708,85270,55352
8709,85270,55353
8710,85270,55354
8711,85270,55355
8712,85270,55356
8713,85270,55357
8714,85270,55358
8715,85270,55359
8716,85270,55360
8717,85270,55361
8718,85270,55362
8719,85270,55363
8720,85270,55364
8721,85270,55365
8722,85270,55366
8723,85270,55367
8724,85270,55368
8725,85270,55369
8726,85270,55370
8727,85270,55371
8728,85270,55372
8729,85270,55373
8730,85270,55374
8731,85270,55375
8732,85270,55376
8733,85270,55377
8734,85270,55378
8735,85270,55379
8736,85270,55380
8737,85270,55381
8738,85270,55382
8739,85270,55383
8740,85270,55384
8741,85270,55385
8742,85270,55386
8743,85270,55387
8744,85270,55388
8745,85270,55389
8746,85270,55390
8747,85270,55391
8748,85270,55392
8749,85270,55393
8750,85270,55394
8751,85270,55395
8752,85270,55396
8753,85270,55397
8754,85270,55398
8755,85270,55399
8756,85270,55400
8757,85270,55401
8758,85270,55402
8759,85270,55403
8760,85270,55404
8761,85270,55405
8762,85270,55406
8763,85270,55407
8764,85270,55408
8765,85270,55409
8766,85270,55410
8767,85270,55411
8768,85270,55412
8769,85270,55413
8770,85270,55414
8771,85270,55415
8772,85270,55416
8773,85270,55417
8774,85270,55418
8775,85270,55419
8776,85270,55420
8777,85270,55421
8778,85270,55422
8779,85270,55423
8780,85270,55424
8781,85270,55425
8782,85270,55426
8783,85270,55427
8784,85270,55428
8785,85270,55429
8786,85270,55430
8787,85270,55431
8788,85270,55432
8789,85270,55433
8790,85270,55434
8791,85270,55435
8792,85270,55436
8793,85270,55437
8794,85270,55438
8795,85270,55439
8796,85271,55320
8797,85271,55321
8798,85271,55322
8799,85271,55323
8800,85271,55324
8801,85271,55325
8802,85271,55326
8803,85271,55327
8804,85271,55328
8805,85271,55329
8806,85271,55330
8807,85271,55331
8808,85271,55332
8809,85271,55333
8810,85271,55334
8811,85271,55335
8812,85271,55336
8813,85271,55337
8814,85271,55338
8815,85271,55339
8816,85271,55340
8817,85271,55341
8818,85271,55342
8819,85271,55343
8820,85271,55344
8821,85271,55345
8822,85271,55346
8823,85271,55347
8824,85271,55348
8825,85271,55349
8826,85271,55350
8827,85271,55351
8828,85271,55352
8829,85271,55353
8830,85271,55354
8831,85271,55355
8832,85271,55356
8833,85271,55357
8834,85271,55358
8835,85271,55359
8836,85271,55360
8837,85271,55361
8838,85271,55362
8839,85271,55363
8840,85271,55364
8841,85271,55365
8842,85271,55366
8843,85271,55367
8844,85271,55368
8845,85271,55369
8846,85271,55370
8847,85271,55371
8848,85271,55372
8849,85271,55373
8850,85271,55374
8851,85271,55375
8852,85271,55376
8853,85271,55377
8854,85271,55378
8855,85271,55379
8856,85271,55380
8857,85271,55381
8858,85271,55382
8859,85271,55383
8860,85271,55384
8861,85271,55385
8862,85271,55386
8863,85271,55387
8864,85271,55388
8865,85271,55389
8866,85271,55390
8867,85271,55391
8868,85271,55392
8869,85271,55393
8870,85271,55394
8871,85271,55395
8872,85271,55396
8873,85271,55397
8874,85271,55398
8875,85271,55399
8876,85271,55400
8877,85271,55401
8878,85271,55402
8879,85271,55403
8880,85271,55404
8881,85271,55405
8882,85271,55406
8883,85271,55407
8884,85271,55408
8885,85271,55409
8886,85271,55410
8887,85271,55411
8888,85271,55412
8889,85271,55413
8890,85271,55414
8891,85271,55415
8892,85271,55416
8893,85271,55417
8894,85271,55418
8895,85271,55419
8896,85271,55420
8897,85271,55421
8898,85271,55422
8899,85271,55423
8900,85271,55424
8901,85271,55425
8902,85271,55426
8903,85271,55427
8904,85271,55428
8905,85271,55429
8906,85271,55430
8907,85271,55431
8908,85271,55432
8909,85271,55433
8910,85271,55434
8911,85271,55435
8912,85271,55436
8913,85271,55437
8914,85271,55438
8915,85271,55439
8916,85272,55320
8917,85272,55321
8918,85272,55322
8919,85272,55323
8920,85272,55324
8921,85272,55325
8922,85272,55326
8923,85272,55327
8924,85272,55328
8925,85272,55329
8926,85272,55330
8927,85272,55331
8928,85272,55332
8929,85272,55333
8930,85272,55334
8931,85272,55335
8932,85272,55336
8933,85272,55337
8934,85272,55338
8935,85272,55339
8936,85272,55340
8937,85272,55341
8938,85272,55342
8939,85272,55343
8940,85272,55344
8941,85272,55345
8942,85272,55346
8943,85272,55347
8944,85272,55348
8945,85272,55349
8946,85272,55350
8947,85272,55351
8948,85272,55352
8949,85272,55353
8950,85272,55354
8951,85272,55355
8952,85272,55356
8953,85272,55357
8954,85272,55358
8955,85272,55359
8956,85272,55360
8957,85272,55361
8958,85272,55362
8959,85272,55363
8960,85272,55364
8961,85272,55365
8962,85272,55366
8963,85272,55367
8964,85272,55368
8965,85272,55369
8966,85272,55370
8967,85272,55371
8968,85272,55372
8969,85272,55373
8970,85272,55374
8971,85272,55375
8972,85272,55376
8973,85272,55377
8974,85272,55378
8975,85272,55379
8976,85272,55380
8977,85272,55381
8978,85272,55382
8979,85272,55383
8980,85272,55384
8981,85272,55385
8982,85272,55386
8983,85272,55387
8984,85272,55388
8985,85272,55389
8986,85272,55390
8987,85272,55391
8988,85272,55392
8989,85272,55393
8990,85272,55394
8991,85272,55395
8992,85272,55396
8993,85272,55397
8994,85272,55398
8995,85272,55399
8996,85272,55400
8997,85272,55401
8998,85272,55402
8999,85272,55403
9000,85272,55404
9001,85272,55405
9002,85272,55406
9003,85272,55407
9004,85272,55408
9005,85272,55409
9006,85272,55410
9007,85272,55411
9008,85272,55412
9009,85272,55413
9010,85272,55414
9011,85272,55415
9012,85272,55416
9013,85272,55417
9014,85272,55418
9015,85272,55419
9016,85272,55420
9017,85272,55421
9018,85272,55422
9019,85272,55423
9020,85272,55424
9021,85272,55425
9022,85272,55426
9023,85272,55427
9024,85272,55428
9025,85272,55429
9026,85272,55430
9027,85272,55431
9028,85272,55432
9029,85272,55433
9030,85272,55434
9031,85272,55435
9032,85272,55436
9033,85272,55437
9034,85272,55438
9035,85272,55439
9036,85273,55320
9037,85273,55321
9038,85273,55322
9039,85273,55323
9040,85273,55324
9041,85273,55325
9042,85273,55326
9043,85273,55327
9044,85273,55328
9045,85273,55329
9046,85273,55330
9047,85273,55331
9048,85273,55332
9049,85273,55333
9050,85273,55334
9051,85273,55335
9052,85273,55336
9053,85273,55337
9054,85273,55338
9055,85273,55339
9056,85273,55340
9057,85273,55341
9058,85273,55342
9059,85273,55343
9060,85273,55344
9061,85273,55345
9062,85273,55346
9063,85273,55347
9064,85273,55348
9065,85273,55349
9066,85273,55350
9067,85273,55351
9068,85273,55352
9069,85273,55353
9070,85273,55354
9071,85273,55355
9072,85273,55356
9073,85273,55357
9074,85273,55358
9075,85273,55359
9076,85273,55360
9077,85273,55361
9078,85273,55362
9079,85273,55363
9080,85273,55364
9081,85273,55365
9082,85273,55366
9083,85273,55367
9084,85273,55368
9085,85273,55369
9086,85273,55370
9087,85273,55371
9088,85273,55372
9089,85273,55373
9090,85273,55374
9091,85273,55375
9092,85273,55376
9093,85273,55377
9094,85273,55378
9095,85273,55379
9096,85273,55380
9097,85273,55381
9098,85273,55382
9099,85273,55383
9100,85273,55384
9101,85273,55385
9102,85273,55386
9103,85273,55387
9104,85273,55388
9105,85273,55389
9106,85273,55390
9107,85273,55391
9108,85273,55392
9109,85273,55393
9110,85273,55394
9111,85273,55395
9112,85273,55396
9113,85273,55397
9114,85273,55398
9115,85273,55399
9116,85273,55400
9117,85273,55401
9118,85273,55402
9119,85273,55403
9120,85273,55404
9121,85273,55405
9122,85273,55406
9123,85273,55407
9124,85273,55408
9125,85273,55409
9126,85273,55410
9127,85273,55411
9128,85273,55412
9129,85273,55413
9130,85273,55414
9131,85273,55415
9132,85273,55416
9133,85273,55417
9134,85273,55418
9135,85273,55419
9136,85273,55420
9137,85273,55421
9138,85273,55422
9139,85273,55423
9140,85273,55424
9141,85273,55425
9142,85273,55426
9143,85273,55427
9144,85273,55428
9145,85273,55429
9146,85273,55430
9147,85273,55431
9148,85273,55432
9149,85273,55433
9150,85273,55434
9151,85273,55435
9152,85273,55436
9153,85273,55437
9154,85273,55438
9155,85274,55320
9156,85274,55321
9157,85274,55322
9158,85274,55323
9159,85274,55324
9160,85274,55325
9161,85274,55326
9162,85274,55327
9163,85274,55328
9164,85274,55329
9165,85274,55330
9166,85274,55331
9167,85274,55332
9168,85274,55333
9169,85274,55334
9170,85274,55335
9171,85274,55336
9172,85274,55337
9173,85274,55338
9174,85274,55339
9175,85274,55340
9176,85274,55341
9177,85274,55342
9178,85274,55343
9179,85274,55344
9180,85274,55345
9181,85274,55346
9182,85274,55347
9183,85274,55348
9184,85274,55349
9185,85274,55350
9186,85274,55351
9187,85274,55352
9188,85274,55353
9189,85274,55354
9190,85274,55355
9191,85274,55356
9192,85274,55357
9193,85274,55358
9194,85274,55359
9195,85274,55360
9196,85274,55361
9197,85274,55362
9198,85274,55363
9199,85274,55364
9200,85274,55365
9201,85274,55366
9202,85274,55367
9203,85274,55368
9204,85274,55369
9205,85274,55370
9206,85274,55371
9207,85274,55372
9208,85274,55373
9209,85274,55374
9210,85274,55375
9211,85274,55376
9212,85274,55377
9213,85274,55378
9214,85274,55379
9215,85274,55380
9216,85274,55381
9217,85274,55382
9218,85274,55383
9219,85274,55384
9220,85274,55385
9221,85274,55386
9222,85274,55387
9223,85274,55388
9224,85274,55389
9225,85274,55390
9226,85274,55391
9227,85274,55392
9228,85274,55393
9229,85274,55394
9230,85274,55395
9231,85274,55396
9232,85274,55397
9233,85274,55398
9234,85274,55399
9235,85274,55400
9236,85274,55401
9237,85274,55402
9238,85274,55403
9239,85274,55404
9240,85274,55405
9241,85274,55406
9242,85274,55407
9243,85274,55408
9244,85274,55409
9245,85274,55410
9246,85274,55411
9247,85274,55412
9248,85274,55413
9249,85274,55414
9250,85274,55415
9251,85274,55416
9252,85274,55417
9253,85274,55418
9254,85274,55419
9255,85274,55420
9256,85274,55421
9257,85274,55422
9258,85274,55423
9259,85274,55424
9260,85274,55425
9261,85274,55426
9262,85274,55427
9263,85274,55428
9264,85274,55429
9265,85274,55430
9266,85274,55431
9267,85274,55432
9268,85274,55433
9269,85274,55434
9270,85274,55435
9271,85274,55436
9272,85274,55437
9273,85274,55438
9274,85275,55320
9275,85275,55321
9276,85275,55322
9277,85275,55323
9278,85275,55324
9279,85275,55325
9280,85275,55326
9281,85275,55327
9282,85275,55328
9283,85275,55329
9284,85275,55330
9285,85275,55331
9286,85275,55332
9287,85275,55333
9288,85275,55334
9289,85275,55335
9290,85275,55336
9291,85275,55337
9292,85275,55338
9293,85275,55339
9294,85275,55340
9295,85275,55341
9296,85275,55342
9297,85275,55343
9298,85275,55344
9299,85275,55345
9300,85275,55346
9301,85275,55347
9302,85275,55348
9303,85275,55349
9304,85275,55350
9305,85275,55351
9306,85275,55352
9307,85275,55353
9308,85275,55354
9309,85275,55355
9310,85275,55356
9311,85275,55357
9312,85275,55358
9313,85275,55359
9314,85275,55360
9315,85275,55361
9316,85275,55362
9317,85275,55363
9318,85275,55364
9319,85275,55365
9320,85275,55366
9321,85275,55367
9322,85275,55368
9323,85275,55369
9324,85275,55370
9325,85275,55371
9326,85275,55372
9327,85275,55373
9328,85275,55374
9329,85275,55375
9330,85275,55376
9331,85275,55377
9332,85275,55378
9333,85275,55379
9334,85275,55380
9335,85275,55381
9336,85275,55382
9337,85275,55383
9338,85275,55384
9339,85275,55385
9340,85275,55386
9341,85275,55387
9342,85275,55388
9343,85275,55389
9344,85275,55390
9345,85275,55391
9346,85275,55392
9347,85275,55393
9348,85275,55394
9349,85275,55395
9350,85275,55396
9351,85275,55397
9352,85275,55398
9353,85275,55399
9354,85275,55400
9355,85275,55401
9356,85275,55402
9357,85275,55403
9358,85275,55404
9359,85275,55405
9360,85275,55406
9361,85275,55407
9362,85275,55408
9363,85275,55409
9364,85275,55410
9365,85275,55411
9366,85275,55412
9367,85275,55413
9368,85275,55414
9369,85275,55415
9370,85275,55416
9371,85275,55417
9372,85275,55418
9373,85275,55419
9374,85275,55420
9375,85275,55421
9376,85275,55422
9377,85275,55423
9378,85275,55424
9379,85275,55425
9380,85275,55426
9381,85275,55427
9382,85275,55428
9383,85275,55429
9384,85275,55430
9385,85275,55431
9386,85275,55432
9387,85275,55433
9388,85275,55434
9389,85275,55435
9390,85275,55436
9391,85275,55437
9392,85275,55438
9393,85276,55320
9394,85276,55321
9395,85276,55322
9396,85276,55323
9397,85276,55324
9398,85276,55325
9399,85276,55326
9400,85276,55327
9401,85276,55328
9402,85276,55329
9403,85276,55330
9404,85276,55331
9405,85276,55332
9406,85276,55333
9407,85276,55334
9408,85276,55335
9409,85276,55336
9410,85276,55337
9411,85276,55338
9412,85276,55339
9413,85276,55340
9414,85276,55341
9415,85276,55342
9416,85276,55343
9417,85276,55344
9418,85276,55345
9419,85276,55346
9420,85276,55347
9421,85276,55348
9422,85276,55349
9423,85276,55350
9424,85276,55351
9425,85276,55352
9426,85276,55353
9427,85276,55354
9428,85276,55355
9429,85276,55356
9430,85276,55357
9431,85276,55358
9432,85276,55359
9433,85276,55360
9434,85276,55361
9435,85276,55362
9436,85276,55363
9437,85276,55364
9438,85276,55365
9439,85276,55366
9440,85276,55367
9441,85276,55368
9442,85276,55369
9443,85276,55370
9444,85276,55371
9445,85276,55372
9446,85276,55373
9447,85276,55374
9448,85276,55375
9449,85276,55376
9450,85276,55377
9451,85276,55378
9452,85276,55379
9453,85276,55380
9454,85276,55381
9455,85276,55382
9456,85276,55383
9457,85276,55384
9458,85276,55385
9459,85276,55386
9460,85276,55387
9461,85276,55388
9462,85276,55389
9463,85276,55390
9464,85276,55391
9465,85276,55392
9466,85276,55393
9467,85276,55394
9468,85276,55395
9469,85276,55396
9470,85276,55397
9471,85276,55398
9472,85276,55399
9473,85276,55400
9474,85276,55401
9475,85276,55402
9476,85276,55403
9477,85276,55404
9478,85276,55405
9479,85276,55406
9480,85276,55407
9481,85276,55408
9482,85276,55409
9483,85276,55410
9484,85276,55411
9485,85276,55412
9486,85276,55413
9487,85276,55414
9488,85276,55415
9489,85276,55416
9490,85276,55417
9491,85276,55418
9492,85276,55419
9493,85276,55420
9494,85276,55421
9495,85276,55422
9496,85276,55423
9497,85276,55424
9498,85276,55425
9499,85276,55426
9500,85276,55427
9501,85276,55428
9502,85276,55429
9503,85276,55430
9504,85276,55431
9505,85276,55432
9506,85276,55433
9507,85276,55434
9508,85276,55435
9509,85276,55436
9510,85276,55437
9511,85276,55438
9512,85277,55320
9513,85277,55321
9514,85277,55322
9515,85277,55323
9516,85277,55324
9517,85277,55325
9518,85277,55326
9519,85277,55327
9520,85277,55328
9521,85277,55329
9522,85277,55330
9523,85277,55331
9524,85277,55332
9525,85277,55333
9526,85277,55334
9527,85277,55335
9528,85277,55336
9529,85277,55337
9530,85277,55338
9531,85277,55339
9532,85277,55340
9533,85277,55341
9534,85277,55342
9535,85277,55343
9536,85277,55344
9537,85277,55345
9538,85277,55346
9539,85277,55347
9540,85277,55348
9541,85277,55349
9542,85277,55350
9543,85277,55351
9544,85277,55352
9545,85277,55353
9546,85277,55354
9547,85277,55355
9548,85277,55356
9549,85277,55357
9550,85277,55358
9551,85277,55359
9552,85277,55360
9553,85277,55361
9554,85277,55362
9555,85277,55363
9556,85277,55364
9557,85277,55365
9558,85277,55366
9559,85277,55367
9560,85277,55368
9561,85277,55369
9562,85277,55370
9563,85277,55371
9564,85277,55372
9565,85277,55373
9566,85277,55374
9567,85277,55375
9568,85277,55376
9569,85277,55377
9570,85277,55378
9571,85277,55379
9572,85277,55380
9573,85277,55381
9574,85277,55382
9575,85277,55383
9576,85277,55384
9577,85277,55385
9578,85277,55386
9579,85277,55387
9580,85277,55388
9581,85277,55389
9582,85277,55390
9583,85277,55391
9584,85277,55392
9585,85277,55393
9586,85277,55394
9587,85277,55395
9588,85277,55396
9589,85277,55397
9590,85277,55398
9591,85277,55399
9592,85277,55400
9593,85277,55401
9594,85277,55402
9595,85277,55403
9596,85277,55404
9597,85277,55405
9598,85277,55406
9599,85277,55407
9600,85277,55408
9601,85277,55409
9602,85277,55410
9603,85277,55411
9604,85277,55412
9605,85277,55413
9606,85277,55414
9607,85277,55415
9608,85277,55416
9609,85277,55417
9610,85277,55418
9611,85277,55419
9612,85277,55420
9613,85277,55421
9614,85277,55422
9615,85277,55423
9616,85277,55424
9617,85277,55425
9618,85277,55426
9619,85277,55427
9620,85277,55428
9621,85277,55429
9622,85277,55430
9623,85277,55431
9624,85277,55432
9625,85277,55433
9626,85277,55434
9627,85277,55435
9628,85277,55436
9629,85277,55437
9630,85277,55438
9631,85278,55320
9632,85278,55321
9633,85278,55322
9634,85278,55323
9635,85278,55324
9636,85278,55325
9637,85278,55326
9638,85278,55327
9639,85278,55328
9640,85278,55329
9641,85278,55330
9642,85278,55331
9643,85278,55332
9644,85278,55333
9645,85278,55334
9646,85278,55335
9647,85278,55336
9648,85278,55337
9649,85278,55338
9650,85278,55339
9651,85278,55340
9652,85278,55341
9653,85278,55342
9654,85278,55343
9655,85278,55344
9656,85278,55345
9657,85278,55346
9658,85278,55347
9659,85278,55348
9660,85278,55349
9661,85278,55350
9662,85278,55351
9663,85278,55352
9664,85278,55353
9665,85278,55354
9666,85278,55355
9667,85278,55356
9668,85278,55357
9669,85278,55358
9670,85278,55359
9671,85278,55360
9672,85278,55361
9673,85278,55362
9674,85278,55363
9675,85278,55364
9676,85278,55365
9677,85278,55366
9678,85278,55367
9679,85278,55368
9680,85278,55369
9681,85278,55370
9682,85278,55371
9683,85278,55372
9684,85278,55373
9685,85278,55374
9686,85278,55375
9687,85278,55376
9688,85278,55377
9689,85278,55378
9690,85278,55379
9691,85278,55380
9692,85278,55381
9693,85278,55382
9694,85278,55383
9695,85278,55384
9696,85278,55385
9697,85278,55386
9698,85278,55387
9699,85278,55388
9700,85278,55389
9701,85278,55390
9702,85278,55391
9703,85278,55392
9704,85278,55393
9705,85278,55394
9706,85278,55395
9707,85278,55396
9708,85278,55397
9709,85278,55398
9710,85278,55399
9711,85278,55400
9712,85278,55401
9713,85278,55402
9714,85278,55403
9715,85278,55404
9716,85278,55405
9717,85278,55406
9718,85278,55407
9719,85278,55408
9720,85278,55409
9721,85278,55410
9722,85278,55411
9723,85278,55412
9724,85278,55413
9725,85278,55414
9726,85278,55415
9727,85278,55416
9728,85278,55417
9729,85278,55418
9730,85278,55419
9731,85278,55420
9732,85278,55421
9733,85278,55422
9734,85278,55423
9735,85278,55424
9736,85278,55425
9737,85278,55426
9738,85278,55427
9739,85278,55428
9740,85278,55429
9741,85278,55430
9742,85278,55431
9743,85278,55432
9744,85278,55433
9745,85278,55434
9746,85278,55435
9747,85278,55436
9748,85278,55437
9749,85278,55438
9750,85279,55320
9751,85279,55321
9752,85279,55322
9753,85279,55323
9754,85279,55324
9755,85279,55325
9756,85279,55326
9757,85279,55327
9758,85279,55328
9759,85279,55329
9760,85279,55330
9761,85279,55331
9762,85279,55332
9763,85279,55333
9764,85279,55334
9765,85279,55335
9766,85279,55336
9767,85279,55337
9768,85279,55338
9769,85279,55339
9770,85279,55340
9771,85279,55341
9772,85279,55342
9773,85279,55343
9774,85279,55344
9775,85279,55345
9776,85279,55346
9777,85279,55347
9778,85279,55348
9779,85279,55349
9780,85279,55350
9781,85279,55351
9782,85279,55352
9783,85279,55353
9784,85279,55354
9785,85279,55355
9786,85279,55356
9787,85279,55357
9788,85279,55358
9789,85279,55359
9790,85279,55360
9791,85279,55361
9792,85279,55362
9793,85279,55363
9794,85279,55364
9795,85279,55365
9796,85279,55366
9797,85279,55367
9798,85279,55368
9799,85279,55369
9800,85279,55370
9801,85279,55371
9802,85279,55372
9803,85279,55373
9804,85279,55374
9805,85279,55375
9806,85279,55376
9807,85279,55377
9808,85279,55378
9809,85279,55379
9810,85279,55380
9811,85279,55381
9812,85279,55382
9813,85279,55383
9814,85279,55384
9815,85279,55385
9816,85279,55386
9817,85279,55387
9818,85279,55388
9819,85279,55389
9820,85279,55390
9821,85279,55391
9822,85279,55392
9823,85279,55393
9824,85279,55394
9825,85279,55395
9826,85279,55396
9827,85279,55397
9828,85279,55398
9829,85279,55399
9830,85279,55400
9831,85279,55401
9832,85279,55402
9833,85279,55403
9834,85279,55404
9835,85279,55405
9836,85279,55406
9837,85279,55407
9838,85279,55408
9839,85279,55409
9840,85279,55410
9841,85279,55411
9842,85279,55412
9843,85279,55413
9844,85279,55414
9845,85279,55415
9846,85279,55416
9847,85279,55417
9848,85279,55418
9849,85279,55419
9850,85279,55420
9851,85279,55421
9852,85279,55422
9853,85279,55423
9854,85279,55424
9855,85279,55425
9856,85279,55426
9857,85279,55427
9858,85279,55428
9859,85279,55429
9860,85279,55430
9861,85279,55431
9862,85279,55432
9863,85279,55433
9864,85279,55434
9865,85279,55435
9866,85279,55436
9867,85279,55437
9868,85280,55320
9869,85280,55321
9870,85280,55322
9871,85280,55323
9872,85280,55324
9873,85280,55325
9874,85280,55326
9875,85280,55327
9876,85280,55328
9877,85280,55329
9878,85280,55330
9879,85280,55331
9880,85280,55332
9881,85280,55333
9882,85280,55334
9883,85280,55335
9884,85280,55336
9885,85280,55337
9886,85280,55338
9887,85280,55339
9888,85280,55340
9889,85280,55341
9890,85280,55342
9891,85280,55343
9892,85280,55344
9893,85280,55345
9894,85280,55346
9895,85280,55347
9896,85280,55348
9897,85280,55349
9898,85280,55350
9899,85280,55351
9900,85280,55352
9901,85280,55353
9902,85280,55354
9903,85280,55355
9904,85280,55356
9905,85280,55357
9906,85280,55358
9907,85280,55359
9908,85280,55360
9909,85280,55361
9910,85280,55362
9911,85280,55363
9912,85280,55364
9913,85280,55365
9914,85280,55366
9915,85280,55367
9916,85280,55368
9917,85280,55369
9918,85280,55370
9919,85280,55371
9920,85280,55372
9921,85280,55373
9922,85280,55374
9923,85280,55375
9924,85280,55376
9925,85280,55377
9926,85280,55378
9927,85280,55379
9928,85280,55380
9929,85280,55381
9930,85280,55382
9931,85280,55383
9932,85280,55384
9933,85280,55385
9934,85280,55386
9935,85280,55387
9936,85280,55388
9937,85280,55389
9938,85280,55390
9939,85280,55391
9940,85280,55392
9941,85280,55393
9942,85280,55394
9943,85280,55395
9944,85280,55396
9945,85280,55397
9946,85280,55398
9947,85280,55399
9948,85280,55400
9949,85280,55401
9950,85280,55402
9951,85280,55403
9952,85280,55404
9953,85280,55405
9954,85280,55406
9955,85280,55407
9956,85280,55408
9957,85280,55409
9958,85280,55410
9959,85280,55411
9960,85280,55412
9961,85280,55413
9962,85280,55414
9963,85280,55415
9964,85280,55416
9965,85280,55417
9966,85280,55418
9967,85280,55419
9968,85280,55420
9969,85280,55421
9970,85280,55422
9971,85280,55423
9972,85280,55424
9973,85280,55425
9974,85280,55426
9975,85280,55427
9976,85280,55428
9977,85280,55429
9978,85280,55430
9979,85280,55431
9980,85280,55432
9981,85280,55433
9982,85280,55434
9983,85280,55435
9984,85280,55436
9985,85281,55320
9986,85281,55321
9987,85281,55322
9988,85281,55323
9989,85281,55324
9990,85281,55325
9991,85281,55326
9992,85281,55327
9993,85281,55328
9994,85281,55329
9995,85281,55330
9996,85281,55331
9997,85281,55332
9998,85281,55333
9999,85281,55334
10000,85281,55335
10001,85281,55336
10002,85281,55337
10003,85281,55338
10004,85281,55339
10005,85281,55340
10006,85281,55341
10007,85281,55342
10008,85281,55343
10009,85281,55344
10010,85281,55345
10011,85281,55346
10012,85281,55347
10013,85281,55348
10014,85281,55349
10015,85281,55350
10016,85281,55351
10017,85281,55352
10018,85281,55353
10019,85281,55354
10020,85281,55355
10021,85281,55356
10022,85281,55357
10023,85281,55358
10024,85281,55359
10025,85281,55360
10026,85281,55361
10027,85281,55362
10028,85281,55363
10029,85281,55364
10030,85281,55365
10031,85281,55366
10032,85281,55367
10033,85281,55368
10034,85281,55369
10035,85281,55370
10036,85281,55371
10037,85281,55372
10038,85281,55373
10039,85281,55374
10040,85281,55375
10041,85281,55376
10042,85281,55377
10043,85281,55378
10044,85281,55379
10045,85281,55380
10046,85281,55381
10047,85281,55382
10048,85281,55383
10049,85281,55384
10050,85281,55385
10051,85281,55386
10052,85281,55387
10053,85281,55388
10054,85281,55389
10055,85281,55390
10056,85281,55391
10057,85281,55392
10058,85281,55393
10059,85281,55394
10060,85281,55395
10061,85281,55396
10062,85281,55397
10063,85281,55398
10064,85281,55399
10065,85281,55400
10066,85281,55401
10067,85281,55402
10068,85281,55403
10069,85281,55404
10070,85281,55405
10071,85281,55406
10072,85281,55407
10073,85281,55408
10074,85281,55409
10075,85281,55410
10076,85281,55411
10077,85281,55412
10078,85281,55413
10079,85281,55414
10080,85281,55415
10081,85281,55416
10082,85281,55417
10083,85281,55418
10084,85281,55419
10085,85281,55420
10086,85281,55421
10087,85281,55422
10088,85281,55423
10089,85281,55424
10090,85281,55425
10091,85281,55426
10092,85281,55427
10093,85281,55428
10094,85281,55429
10095,85281,55430
10096,85281,55431
10097,85281,55432
10098,85281,55433
10099,85281,55434
10100,85281,55435
10101,85281,55436
10102,85282,55320
10103,85282,55321
10104,85282,55322
10105,85282,55323
10106,85282,55324
10107,85282,55325
10108,85282,55326
10109,85282,55327
10110,85282,55328
10111,85282,55329
10112,85282,55330
10113,85282,55331
10114,85282,55332
10115,85282,55333
10116,85282,55334
10117,85282,55335
10118,85282,55336
10119,85282,55337
10120,85282,55338
10121,85282,55339
10122,85282,55340
10123,85282,55341
10124,85282,55342
10125,85282,55343
10126,85282,55344
10127,85282,55345
10128,85282,55346
10129,85282,55347
10130,85282,55348
10131,85282,55349
10132,85282,55350
10133,85282,55351
10134,85282,55352
10135,85282,55353
10136,85282,55354
10137,85282,55355
10138,85282,55356
10139,85282,55357
10140,85282,55358
10141,85282,55359
10142,85282,55360
10143,85282,55361
10144,85282,55362
10145,85282,55363
10146,85282,55364
10147,85282,55365
10148,85282,55366
10149,85282,55367
10150,85282,55368
10151,85282,55369
10152,85282,55370
10153,85282,55371
10154,85282,55372
10155,85282,55373
10156,85282,55374
10157,85282,55375
10158,85282,55376
10159,85282,55377
10160,85282,55378
10161,85282,55379
10162,85282,55380
10163,85282,55381
10164,85282,55382
10165,85282,55383
10166,85282,55384
10167,85282,55385
10168,85282,55386
10169,85282,55387
10170,85282,55388
10171,85282,55389
10172,85282,55390
10173,85282,55391
10174,85282,55392
10175,85282,55393
10176,85282,55394
10177,85282,55395
10178,85282,55396
10179,85282,55397
10180,85282,55398
10181,85282,55399
10182,85282,55400
10183,85282,55401
10184,85282,55402
10185,85282,55403
10186,85282,55404
10187,85282,55405
10188,85282,55406
10189,85282,55407
10190,85282,55408
10191,85282,55409
10192,85282,55410
10193,85282,55411
10194,85282,55412
10195,85282,55413
10196,85282,55414
10197,85282,55415
10198,85282,55416
10199,85282,55417
10200,85282,55418
10201,85282,55419
10202,85282,55420
10203,85282,55421
10204,85282,55422
10205,85282,55423
10206,85282,55424
10207,85282,55425
10208,85282,55426
10209,85282,55427
10210,85282,55428
10211,85282,55429
10212,85282,55430
10213,85282,55431
10214,85282,55432
10215,85282,55433
10216,85282,55434
10217,85282,55435
10218,85282,55436
10219,85283,55320
10220,85283,55321
10221,85283,55322
10222,85283,55323
10223,85283,55324
10224,85283,55325
10225,85283,55326
10226,85283,55327
10227,85283,55328
10228,85283,55329
10229,85283,55330
10230,85283,55331
10231,85283,55332
10232,85283,55333
10233,85283,55334
10234,85283,55335
10235,85283,55336
10236,85283,55337
10237,85283,55338
10238,85283,55339
10239,85283,55340
10240,85283,55341
10241,85283,55342
10242,85283,55343
10243,85283,55344
10244,85283,55345
10245,85283,55346
10246,85283,55347
10247,85283,55348
10248,85283,55349
10249,85283,55350
10250,85283,55351
10251,85283,55352
10252,85283,55353
10253,85283,55354
10254,85283,55355
10255,85283,55356
10256,85283,55357
10257,85283,55358
10258,85283,55359
10259,85283,55360
10260,85283,55361
10261,85283,55362
10262,85283,55363
10263,85283,55364
10264,85283,55365
10265,85283,55366
10266,85283,55367
10267,85283,55368
10268,85283,55369
10269,85283,55370
10270,85283,55371
10271,85283,55372
10272,85283,55373
10273,85283,55374
10274,85283,55375
10275,85283,55376
10276,85283,55377
10277,85283,55378
10278,85283,55379
10279,85283,55380
10280,85283,55381
10281,85283,55382
10282,85283,55383
10283,85283,55384
10284,85283,55385
10285,85283,55386
10286,85283,55387
10287,85283,55388
10288,85283,55389
10289,85283,55390
10290,85283,55391
10291,85283,55392
10292,85283,55393
10293,85283,55394
10294,85283,55395
10295,85283,55396
10296,85283,55397
10297,85283,55398
10298,85283,55399
10299,85283,55400
10300,85283,55401
10301,85283,55402
10302,85283,55403
10303,85283,55404
10304,85283,55405
10305,85283,55406
10306,85283,55407
10307,85283,55408
10308,85283,55409
10309,85283,55410
10310,85283,55411
10311,85283,55412
10312,85283,55413
10313,85283,55414
10314,85283,55415
10315,85283,55416
10316,85283,55417
10317,85283,55418
10318,85283,55419
10319,85283,55420
10320,85283,55421
10321,85283,55422
10322,85283,55423
10323,85283,55424
10324,85283,55425
10325,85283,55426
10326,85283,55427
10327,85283,55428
10328,85283,55429
10329,85283,55430
10330,85283,55431
10331,85283,55432
10332,85283,55433
10333,85283,55434
10334,85283,55435
10335,85283,55436
10336,85284,55320
10337,85284,55321
10338,85284,55322
10339,85284,55323
10340,85284,55324
10341,85284,55325
10342,85284,55326
10343,85284,55327
10344,85284,55328
10345,85284,55329
10346,85284,55330
10347,85284,55331
10348,85284,55332
10349,85284,55333
10350,85284,55334
10351,85284,55335
10352,85284,55336
10353,85284,55337
10354,85284,55338
10355,85284,55339
10356,85284,55340
10357,85284,55341
10358,85284,55342
10359,85284,55343
10360,85284,55344
10361,85284,55345
10362,85284,55346
10363,85284,55347
10364,85284,55348
10365,85284,55349
10366,85284,55350
10367,85284,55351
10368,85284,55352
10369,85284,55353
10370,85284,55354
10371,85284,55355
10372,85284,55356
10373,85284,55357
10374,85284,55358
10375,85284,55359
10376,85284,55360
10377,85284,55361
10378,85284,55362
10379,85284,55363
10380,85284,55364
10381,85284,55365
10382,85284,55366
10383,85284,55367
10384,85284,55368
10385,85284,55369
10386,85284,55370
10387,85284,55371
10388,85284,55372
10389,85284,55373
10390,85284,55374
10391,85284,55375
10392,85284,55376
10393,85284,55377
10394,85284,55378
10395,85284,55379
10396,85284,55380
10397,85284,55381
10398,85284,55382
10399,85284,55383
10400,85284,55384
10401,85284,55385
10402,85284,55386
10403,85284,55387
10404,85284,55388
10405,85284,55389
10406,85284,55390
10407,85284,55391
10408,85284,55392
10409,85284,55393
10410,85284,55394
10411,85284,55395
10412,85284,55396
10413,85284,55397
10414,85284,55398
10415,85284,55399
10416,85284,55400
10417,85284,55401
10418,85284,55402
10419,85284,55403
10420,85284,55404
10421,85284,55405
10422,85284,55406
10423,85284,55407
10424,85284,55408
10425,85284,55409
10426,85284,55410
10427,85284,55411
10428,85284,55412
10429,85284,55413
10430,85284,55414
10431,85284,55415
10432,85284,55416
10433,85284,55417
10434,85284,55418
10435,85284,55419
10436,85284,55420
10437,85284,55421
10438,85284,55422
10439,85284,55423
10440,85284,55424
10441,85284,55425
10442,85284,55426
10443,85284,55427
10444,85284,55428
10445,85284,55429
10446,85284,55430
10447,85284,55431
10448,85284,55432
10449,85284,55433
10450,85284,55434
10451,85284,55435
10452,85284,55436
10453,85285,55320
10454,85285,55321
10455,85285,55322
10456,85285,55323
10457,85285,55324
10458,85285,55325
10459,85285,55326
10460,85285,55327
10461,85285,55328
10462,85285,55329
10463,85285,55330
10464,85285,55331
10465,85285,55332
10466,85285,55333
10467,85285,55334
10468,85285,55335
10469,85285,55336
10470,85285,55337
10471,85285,55338
10472,85285,55339
10473,85285,55340
10474,85285,55341
10475,85285,55342
10476,85285,55343
10477,85285,55344
10478,85285,55345
10479,85285,55346
10480,85285,55347
10481,85285,55348
10482,85285,55349
10483,85285,55350
10484,85285,55351
10485,85285,55352
10486,85285,55353
10487,85285,55354
10488,85285,55355
10489,85285,55356
10490,85285,55357
10491,85285,55358
10492,85285,55359
10493,85285,55360
10494,85285,55361
10495,85285,55362
10496,85285,55363
10497,85285,55364
10498,85285,55365
10499,85285,55366
10500,85285,55367
10501,85285,55368
10502,85285,55369
10503,85285,55370
10504,85285,55371
10505,85285,55372
10506,85285,55373
10507,85285,55374
10508,85285,55375
10509,85285,55376
10510,85285,55377
10511,85285,55378
10512,85285,55379
10513,85285,55380
10514,85285,55381
10515,85285,55382
10516,85285,55383
10517,85285,55384
10518,85285,55385
10519,85285,55386
10520,85285,55387
10521,85285,55388
10522,85285,55389
10523,85285,55390
10524,85285,55391
10525,85285,55392
10526,85285,55393
10527,85285,55394
10528,85285,55395
10529,85285,55396
10530,85285,55397
10531,85285,55398
10532,85285,55399
10533,85285,55400
10534,85285,55401
10535,85285,55402
10536,85285,55403
10537,85285,55404
10538,85285,55405
10539,85285,55406
10540,85285,55407
10541,85285,55408
10542,85285,55409
10543,85285,55410
10544,85285,55411
10545,85285,55412
10546,85285,55413
10547,85285,55414
10548,85285,55415
10549,85285,55416
10550,85285,55417
10551,85285,55418
10552,85285,55419
10553,85285,55420
10554,85285,55421
10555,85285,55422
10556,85285,55423
10557,85285,55424
10558,85285,55425
10559,85285,55426
10560,85285,55427
10561,85285,55428
10562,85285,55429
10563,85285,55430
10564,85285,55431
10565,85285,55432
10566,85285,55433
10567,85285,55434
10568,85285,55435
10569,85285,55436
10570,85286,55320
10571,85286,55321
10572,85286,55322
10573,85286,55323
10574,85286,55324
10575,85286,55325
10576,85286,55326
10577,85286,55327
10578,85286,55328
10579,85286,55329
10580,85286,55330
10581,85286,55331
10582,85286,55332
10583,85286,55333
10584,85286,55334
10585,85286,55335
10586,85286,55336
10587,85286,55337
10588,85286,55338
10589,85286,55339
10590,85286,55340
10591,85286,55341
10592,85286,55342
10593,85286,55343
10594,85286,55344
10595,85286,55345
10596,85286,55346
10597,85286,55347
10598,85286,55348
10599,85286,55349
10600,85286,55350
10601,85286,55351
10602,85286,55352
10603,85286,55353
10604,85286,55354
10605,85286,55355
10606,85286,55356
10607,85286,55357
10608,85286,55358
10609,85286,55359
10610,85286,55360
10611,85286,55361
10612,85286,55362
10613,85286,55363
10614,85286,55364
10615,85286,55365
10616,85286,55366
10617,85286,55367
10618,85286,55368
10619,85286,55369
10620,85286,55370
10621,85286,55371
10622,85286,55372
10623,85286,55373
10624,85286,55374
10625,85286,55375
10626,85286,55376
10627,85286,55377
10628,85286,55378
10629,85286,55379
10630,85286,55380
10631,85286,55381
10632,85286,55382
10633,85286,55383
10634,85286,55384
10635,85286,55385
10636,85286,55386
10637,85286,55387
10638,85286,55388
10639,85286,55389
10640,85286,55390
10641,85286,55391
10642,85286,55392
10643,85286,55393
10644,85286,55394
10645,85286,55395
10646,85286,55396
10647,85286,55397
10648,85286,55398
10649,85286,55399
10650,85286,55400
10651,85286,55401
10652,85286,55402
10653,85286,55403
10654,85286,55404
10655,85286,55405
10656,85286,55406
10657,85286,55407
10658,85286,55408
10659,85286,55409
10660,85286,55410
10661,85286,55411
10662,85286,55412
10663,85286,55413
10664,85286,55414
10665,85286,55415
10666,85286,55416
10667,85286,55417
10668,85286,55418
10669,85286,55419
10670,85286,55420
10671,85286,55421
10672,85286,55422
10673,85286,55423
10674,85286,55424
10675,85286,55425
10676,85286,55426
10677,85286,55427
10678,85286,55428
10679,85286,55429
10680,85286,55430
10681,85286,55431
10682,85286,55432
10683,85286,55433
10684,85286,55434
10685,85286,55435
10686,85286,55436
10687,85287,55320
10688,85287,55321
10689,85287,55322
10690,85287,55323
10691,85287,55324
10692,85287,55325
10693,85287,55326
10694,85287,55327
10695,85287,55328
10696,85287,55329
10697,85287,55330
10698,85287,55331
10699,85287,55332
10700,85287,55333
10701,85287,55334
10702,85287,55335
10703,85287,55336
10704,85287,55337
10705,85287,55338
10706,85287,55339
10707,85287,55340
10708,85287,55341
10709,85287,55342
10710,85287,55343
10711,85287,55344
10712,85287,55345
10713,85287,55346
10714,85287,55347
10715,85287,55348
10716,85287,55349
10717,85287,55350
10718,85287,55351
10719,85287,55352
10720,85287,55353
10721,85287,55354
10722,85287,55355
10723,85287,55356
10724,85287,55357
10725,85287,55358
10726,85287,55359
10727,85287,55360
10728,85287,55361
10729,85287,55362
10730,85287,55363
10731,85287,55364
10732,85287,55365
10733,85287,55366
10734,85287,55367
10735,85287,55368
10736,85287,55369
10737,85287,55370
10738,85287,55371
10739,85287,55372
10740,85287,55373
10741,85287,55374
10742,85287,55375
10743,85287,55376
10744,85287,55377
10745,85287,55378
10746,85287,55379
10747,85287,55380
10748,85287,55381
10749,85287,55382
10750,85287,55383
10751,85287,55384
10752,85287,55385
10753,85287,55386
10754,85287,55387
10755,85287,55388
10756,85287,55389
10757,85287,55390
10758,85287,55391
10759,85287,55392
10760,85287,55393
10761,85287,55394
10762,85287,55395
10763,85287,55396
10764,85287,55397
10765,85287,55398
10766,85287,55399
10767,85287,55400
10768,85287,55401
10769,85287,55402
10770,85287,55403
10771,85287,55404
10772,85287,55405
10773,85287,55406
10774,85287,55407
10775,85287,55408
10776,85287,55409
10777,85287,55410
10778,85287,55411
10779,85287,55412
10780,85287,55413
10781,85287,55414
10782,85287,55415
10783,85287,55416
10784,85287,55417
10785,85287,55418
10786,85287,55419
10787,85287,55420
10788,85287,55421
10789,85287,55422
10790,85287,55423
10791,85287,55424
10792,85287,55425
10793,85287,55426
10794,85287,55427
10795,85287,55428
10796,85287,55429
10797,85287,55430
10798,85287,55431
10799,85287,55432
10800,85287,55433
10801,85287,55434
10802,85288,55320
10803,85288,55321
10804,85288,55322
10805,85288,55323
10806,85288,55324
10807,85288,55325
10808,85288,55326
10809,85288,55327
10810,85288,55328
10811,85288,55329
10812,85288,55330
10813,85288,55331
10814,85288,55332
10815,85288,55333
10816,85288,55334
10817,85288,55335
10818,85288,55336
10819,85288,55337
10820,85288,55338
10821,85288,55339
10822,85288,55340
10823,85288,55341
10824,85288,55342
10825,85288,55343
10826,85288,55344
10827,85288,55345
10828,85288,55346
10829,85288,55347
10830,85288,55348
10831,85288,55349
10832,85288,55350
10833,85288,55351
10834,85288,55352
10835,85288,55353
10836,85288,55354
10837,85288,55355
10838,85288,55356
10839,85288,55357
10840,85288,55358
10841,85288,55359
10842,85288,55360
10843,85288,55361
10844,85288,55362
10845,85288,55363
10846,85288,55364
10847,85288,55365
10848,85288,55366
10849,85288,55367
10850,85288,55368
10851,85288,55369
10852,85288,55370
10853,85288,55371
10854,85288,55372
10855,85288,55373
10856,85288,55374
10857,85288,55375
10858,85288,55376
10859,85288,55377
10860,85288,55378
10861,85288,55379
10862,85288,55380
10863,85288,55381
10864,85288,55382
10865,85288,55383
10866,85288,55384
10867,85288,55385
10868,85288,55386
10869,85288,55387
10870,85288,55388
10871,85288,55389
10872,85288,55390
10873,85288,55391
10874,85288,55392
10875,85288,55393
10876,85288,55394
10877,85288,55395
10878,85288,55396
10879,85288,55397
10880,85288,55398
10881,85288,55399
10882,85288,55400
10883,85288,55401
10884,85288,55402
10885,85288,55403
10886,85288,55404
10887,85288,55405
10888,85288,55406
10889,85288,55407
10890,85288,55408
10891,85288,55409
10892,85288,55410
10893,85288,55411
10894,85288,55412
10895,85288,55413
10896,85288,55414
10897,85288,55415
10898,85288,55416
10899,85288,55417
10900,85288,55418
10901,85288,55419
10902,85288,55420
10903,85288,55421
10904,85288,55422
10905,85288,55423
10906,85288,55424
10907,85288,55425
10908,85288,55426
10909,85288,55427
10910,85288,55428
10911,85288,55429
10912,85288,55430
10913,85288,55431
10914,85288,55432
10915,85288,55433
10916,85288,55434
10917,85289,55320
10918,85289,55321
10919,85289,55322
10920,85289,55323
10921,85289,55324
10922,85289,55325
10923,85289,55326
10924,85289,55327
10925,85289,55328
10926,85289,55329
10927,85289,55330
10928,85289,55331
10929,85289,55332
10930,85289,55333
10931,85289,55334
10932,85289,55335
10933,85289,55336
10934,85289,55337
10935,85289,55338
10936,85289,55339
10937,85289,55340
10938,85289,55341
10939,85289,55342
10940,85289,55343
10941,85289,55344
10942,85289,55345
10943,85289,55346
10944,85289,55347
10945,85289,55348
10946,85289,55349
10947,85289,55350
10948,85289,55351
10949,85289,55352
10950,85289,55353
10951,85289,55354
10952,85289,55355
10953,85289,55356
10954,85289,55357
10955,85289,55358
10956,85289,55359
10957,85289,55360
10958,85289,55361
10959,85289,55362
10960,85289,55363
10961,85289,55364
10962,85289,55365
10963,85289,55366
10964,85289,55367
10965,85289,55368
10966,85289,55369
10967,85289,55370
10968,85289,55371
10969,85289,55372
10970,85289,55373
10971,85289,55374
10972,85289,55375
10973,85289,55376
10974,85289,55377
10975,85289,55378
10976,85289,55379
10977,85289,55380
10978,85289,55381
10979,85289,55382
10980,85289,55383
10981,85289,55384
10982,85289,55385
10983,85289,55386
10984,85289,55387
10985,85289,55388
10986,85289,55389
10987,85289,55390
10988,85289,55391
10989,85289,55392
10990,85289,55393
10991,85289,55394
10992,85289,55395
10993,85289,55396
10994,85289,55397
10995,85289,55398
10996,85289,55399
10997,85289,55400
10998,85289,55401
10999,85289,55402
11000,85289,55403
11001,85289,55404
11002,85289,55405
11003,85289,55406
11004,85289,55407
11005,85289,55408
11006,85289,55409
11007,85289,55410
11008,85289,55411
11009,85289,55412
11010,85289,55413
11011,85289,55414
11012,85289,55415
11013,85289,55416
11014,85289,55417
11015,85289,55418
11016,85289,55419
11017,85289,55420
11018,85289,55421
11019,85289,55422
11020,85289,55423
11021,85289,55424
11022,85289,55425
11023,85289,55426
11024,85289,55427
11025,85289,55428
11026,85289,55429
11027,85289,55430
11028,85289,55431
11029,85289,55432
11030,85289,55433
11031,85290,55320
11032,85290,55321
11033,85290,55322
11034,85290,55323
11035,85290,55324
11036,85290,55325
11037,85290,55326
11038,85290,55327
11039,85290,55328
11040,85290,55329
11041,85290,55330
11042,85290,55331
11043,85290,55332
11044,85290,55333
11045,85290,55334
11046,85290,55335
11047,85290,55336
11048,85290,55337
11049,85290,55338
11050,85290,55339
11051,85290,55340
11052,85290,55341
11053,85290,55342
11054,85290,55343
11055,85290,55344
11056,85290,55345
11057,85290,55346
11058,85290,55347
11059,85290,55348
11060,85290,55349
11061,85290,55350
11062,85290,55351
11063,85290,55352
11064,85290,55353
11065,85290,55354
11066,85290,55355
11067,85290,55356
11068,85290,55357
11069,85290,55358
11070,85290,55359
11071,85290,55360
11072,85290,55361
11073,85290,55362
11074,85290,55363
11075,85290,55364
11076,85290,55365
11077,85290,55366
11078,85290,55367
11079,85290,55368
11080,85290,55369
11081,85290,55370
11082,85290,55371
11083,85290,55372
11084,85290,55373
11085,85290,55374
11086,85290,55375
11087,85290,55376
11088,85290,55377
11089,85290,55378
11090,85290,55379
11091,85290,55380
11092,85290,55381
11093,85290,55382
11094,85290,55383
11095,85290,55384
11096,85290,55385
11097,85290,55386
11098,85290,55387
11099,85290,55388
11100,85290,55389
11101,85290,55390
11102,85290,55391
11103,85290,55392
11104,85290,55393
11105,85290,55394
11106,85290,55395
11107,85290,55396
11108,85290,55397
11109,85290,55398
11110,85290,55399
11111,85290,55400
11112,85290,55401
11113,85290,55402
11114,85290,55403
11115,85290,55404
11116,85290,55405
11117,85290,55406
11118,85290,55407
11119,85290,55408
11120,85290,55409
11121,85290,55410
11122,85290,55411
11123,85290,55412
11124,85290,55413
11125,85290,55414
11126,85290,55415
11127,85290,55416
11128,85290,55417
11129,85290,55418
11130,85290,55419
11131,85290,55420
11132,85290,55421
11133,85290,55422
11134,85290,55423
11135,85290,55424
11136,85290,55425
11137,85290,55426
11138,85290,55427
11139,85290,55428
11140,85290,55429
11141,85290,55430
11142,85290,55431
11143,85290,55432
11144,85290,55433
11145,85291,55320
11146,85291,55321
11147,85291,55322
11148,85291,55323
11149,85291,55324
11150,85291,55325
11151,85291,55326
11152,85291,55327
11153,85291,55328
11154,85291,55329
11155,85291,55330
11156,85291,55331
11157,85291,55332
11158,85291,55333
11159,85291,55334
11160,85291,55335
11161,85291,55336
11162,85291,55337
11163,85291,55338
11164,85291,55339
11165,85291,55340
11166,85291,55341
11167,85291,55342
11168,85291,55343
11169,85291,55344
11170,85291,55345
11171,85291,55346
11172,85291,55347
11173,85291,55348
11174,85291,55349
11175,85291,55350
11176,85291,55351
11177,85291,55352
11178,85291,55353
11179,85291,55354
11180,85291,55355
11181,85291,55356
11182,85291,55357
11183,85291,55358
11184,85291,55359
11185,85291,55360
11186,85291,55361
11187,85291,55362
11188,85291,55363
11189,85291,55364
11190,85291,55365
11191,85291,55366
11192,85291,55367
11193,85291,55368
11194,85291,55369
11195,85291,55370
11196,85291,55371
11197,85291,55372
11198,85291,55373
11199,85291,55374
11200,85291,55375
11201,85291,55376
11202,85291,55377
11203,85291,55378
11204,85291,55379
11205,85291,55380
11206,85291,55381
11207,85291,55382
11208,85291,55383
11209,85291,55384
11210,85291,55385
11211,85291,55386
11212,85291,55387
11213,85291,55388
11214,85291,55389
11215,85291,55390
11216,85291,55391
11217,85291,55392
11218,85291,55393
11219,85291,55394
11220,85291,55395
11221,85291,55396
11222,85291,55397
11223,85291,55398
11224,85291,55399
11225,85291,55400
11226,85291,55401
11227,85291,55402
11228,85291,55403
11229,85291,55404
11230,85291,55405
11231,85291,55406
11232,85291,55407
11233,85291,55408
11234,85291,55409
11235,85291,55410
11236,85291,55411
11237,85291,55412
11238,85291,55413
11239,85291,55414
11240,85291,55415
11241,85291,55416
11242,85291,55417
11243,85291,55418
11244,85291,55419
11245,85291,55420
11246,85291,55421
11247,85291,55422
11248,85291,55423
11249,85291,55424
11250,85291,55425
11251,85291,55426
11252,85291,55427
11253,85291,55428
11254,85291,55429
11255,85291,55430
11256,85291,55431
11257,85291,55432
11258,85291,55433
11259,85292,55320
11260,85292,55321
11261,85292,55322
11262,85292,55323
11263,85292,55324
11264,85292,55325
11265,85292,55326
11266,85292,55327
11267,85292,55328
11268,85292,55329
11269,85292,55330
11270,85292,55331
11271,85292,55332
11272,85292,55333
11273,85292,55334
11274,85292,55335
11275,85292,55336
11276,85292,55337
11277,85292,55338
11278,85292,55339
11279,85292,55340
11280,85292,55341
11281,85292,55342
11282,85292,55343
11283,85292,55344
11284,85292,55345
11285,85292,55346
11286,85292,55347
11287,85292,55348
11288,85292,55349
11289,85292,55350
11290,85292,55351
11291,85292,55352
11292,85292,55353
11293,85292,55354
11294,85292,55355
11295,85292,55356
11296,85292,55357
11297,85292,55358
11298,85292,55359
11299,85292,55360
11300,85292,55361
11301,85292,55362
11302,85292,55363
11303,85292,55364
11304,85292,55365
11305,85292,55366
11306,85292,55367
11307,85292,55368
11308,85292,55369
11309,85292,55370
11310,85292,55371
11311,85292,55372
11312,85292,55373
11313,85292,55374
11314,85292,55375
11315,85292,55376
11316,85292,55377
11317,85292,55378
11318,85292,55379
11319,85292,55380
11320,85292,55381
11321,85292,55382
11322,85292,55383
11323,85292,55384
11324,85292,55385
11325,85292,55386
11326,85292,55387
11327,85292,55388
11328,85292,55389
11329,85292,55390
11330,85292,55391
11331,85292,55392
11332,85292,55393
11333,85292,55394
11334,85292,55395
11335,85292,55396
11336,85292,55397
11337,85292,55398
11338,85292,55399
11339,85292,55400
11340,85292,55401
11341,85292,55402
11342,85292,55403
11343,85292,55404
11344,85292,55405
11345,85292,55406
11346,85292,55407
11347,85292,55408
11348,85292,55409
11349,85292,55410
11350,85292,55411
11351,85292,55412
11352,85292,55413
11353,85292,55414
11354,85292,55415
11355,85292,55416
11356,85292,55417
11357,85292,55418
11358,85292,55419
11359,85292,55420
11360,85292,55421
11361,85292,55422
11362,85292,55423
11363,85292,55424
11364,85292,55425
11365,85292,55426
11366,85292,55427
11367,85292,55428
11368,85292,55429
11369,85292,55430
11370,85292,55431
11371,85293,55320
11372,85293,55321
11373,85293,55322
11374,85293,55323
11375,85293,55324
11376,85293,55325
11377,85293,55326
11378,85293,55327
11379,85293,55328
11380,85293,55329
11381,85293,55330
11382,85293,55331
11383,85293,55332
11384,85293,55333
11385,85293,55334
11386,85293,55335
11387,85293,55336
11388,85293,55337
11389,85293,55338
11390,85293,55339
11391,85293,55340
11392,85293,55341
11393,85293,55342
11394,85293,55343
11395,85293,55344
11396,85293,55345
11397,85293,55346
11398,85293,55347
11399,85293,55348
11400,85293,55349
11401,85293,55350
11402,85293,55351
11403,85293,55352
11404,85293,55353
11405,85293,55354
11406,85293,55355
11407,85293,55356
11408,85293,55357
11409,85293,55358
11410,85293,55359
11411,85293,55360
11412,85293,55361
11413,85293,55362
11414,85293,55363
11415,85293,55364
11416,85293,55365
11417,85293,55366
11418,85293,55367
11419,85293,55368
11420,85293,55369
11421,85293,55370
11422,85293,55371
11423,85293,55372
11424,85293,55373
11425,85293,55374
11426,85293,55375
11427,85293,55376
11428,85293,55377
11429,85293,55378
11430,85293,55379
11431,85293,55380
11432,85293,55381
11433,85293,55382
11434,85293,55383
11435,85293,55384
11436,85293,55385
11437,85293,55386
11438,85293,55387
11439,85293,55388
11440,85293,55389
11441,85293,55390
11442,85293,55391
11443,85293,55392
11444,85293,55393
11445,85293,55394
11446,85293,55395
11447,85293,55396
11448,85293,55397
11449,85293,55398
11450,85293,55399
11451,85293,55400
11452,85293,55401
11453,85293,55402
11454,85293,55403
11455,85293,55404
11456,85293,55405
11457,85293,55406
11458,85293,55407
11459,85293,55408
11460,85293,55409
11461,85293,55410
11462,85293,55411
11463,85293,55412
11464,85293,55413
11465,85293,55414
11466,85293,55415
11467,85293,55416
11468,85293,55417
11469,85293,55418
11470,85293,55419
11471,85293,55420
11472,85293,55421
11473,85293,55422
11474,85293,55423
11475,85293,55424
11476,85293,55425
11477,85293,55426
11478,85293,55427
11479,85293,55428
11480,85293,55429
11481,85293,55430
11482,85293,55431
11483,85294,55320
11484,85294,55321
11485,85294,55322
11486,85294,55323
11487,85294,55324
11488,85294,55325
11489,85294,55326
11490,85294,55327
11491,85294,55328
11492,85294,55329
11493,85294,55330
11494,85294,55331
11495,85294,55332
11496,85294,55333
11497,85294,55334
11498,85294,55335
11499,85294,55336
11500,85294,55337
11501,85294,55338
11502,85294,55339
11503,85294,55340
11504,85294,55341
11505,85294,55342
11506,85294,55343
11507,85294,55344
11508,85294,55345
11509,85294,55346
11510,85294,55347
11511,85294,55348
11512,85294,55349
11513,85294,55350
11514,85294,55351
11515,85294,55352
11516,85294,55353
11517,85294,55354
11518,85294,55355
11519,85294,55356
11520,85294,55357
11521,85294,55358
11522,85294,55359
11523,85294,55360
11524,85294,55361
11525,85294,55362
11526,85294,55363
11527,85294,55364
11528,85294,55365
11529,85294,55366
11530,85294,55367
11531,85294,55368
11532,85294,55369
11533,85294,55370
11534,85294,55371
11535,85294,55372
11536,85294,55373
11537,85294,55374
11538,85294,55375
11539,85294,55376
11540,85294,55377
11541,85294,55378
11542,85294,55379
11543,85294,55380
11544,85294,55381
11545,85294,55382
11546,85294,55383
11547,85294,55384
11548,85294,55385
11549,85294,55386
11550,85294,55387
11551,85294,55388
11552,85294,55389
11553,85294,55390
11554,85294,55391
11555,85294,55392
11556,85294,55393
11557,85294,55394
11558,85294,55395
11559,85294,55396
11560,85294,55397
11561,85294,55398
11562,85294,55399
11563,85294,55400
11564,85294,55401
11565,85294,55402
11566,85294,55403
11567,85294,55404
11568,85294,55405
11569,85294,55406
11570,85294,55407
11571,85294,55408
11572,85294,55409
11573,85294,55410
11574,85294,55411
11575,85294,55412
11576,85294,55413
11577,85294,55414
11578,85294,55415
11579,85294,55416
11580,85294,55417
11581,85294,55418
11582,85294,55419
11583,85294,55420
11584,85294,55421
11585,85294,55422
11586,85294,55423
11587,85294,55424
11588,85294,55425
11589,85294,55426
11590,85294,55427
11591,85294,55428
11592,85294,55429
11593,85294,55430
11594,85294,55431
11595,85295,55320
11596,85295,55321
11597,85295,55322
11598,85295,55323
11599,85295,55324
11600,85295,55325
11601,85295,55326
11602,85295,55327
11603,85295,55328
11604,85295,55329
11605,85295,55330
11606,85295,55331
11607,85295,55332
11608,85295,55333
11609,85295,55334
11610,85295,55335
11611,85295,55336
11612,85295,55337
11613,85295,55338
11614,85295,55339
11615,85295,55340
11616,85295,55341
11617,85295,55342
11618,85295,55343
11619,85295,55344
11620,85295,55345
11621,85295,55346
11622,85295,55347
11623,85295,55348
11624,85295,55349
11625,85295,55350
11626,85295,55351
11627,85295,55352
11628,85295,55353
11629,85295,55354
11630,85295,55355
11631,85295,55356
11632,85295,55357
11633,85295,55358
11634,85295,55359
11635,85295,55360
11636,85295,55361
11637,85295,55362
11638,85295,55363
11639,85295,55364
11640,85295,55365
11641,85295,55366
11642,85295,55367
11643,85295,55368
11644,85295,55369
11645,85295,55370
11646,85295,55371
11647,85295,55372
11648,85295,55373
11649,85295,55374
11650,85295,55375
11651,85295,55376
11652,85295,55377
11653,85295,55378
11654,85295,55379
11655,85295,55380
11656,85295,55381
11657,85295,55382
11658,85295,55383
11659,85295,55384
11660,85295,55385
11661,85295,55386
11662,85295,55387
11663,85295,55388
11664,85295,55389
11665,85295,55390
11666,85295,55391
11667,85295,55392
11668,85295,55393
11669,85295,55394
11670,85295,55395
11671,85295,55396
11672,85295,55397
11673,85295,55398
11674,85295,55399
11675,85295,55400
11676,85295,55401
11677,85295,55402
11678,85295,55403
11679,85295,55404
11680,85295,55405
11681,85295,55406
11682,85295,55407
11683,85295,55408
11684,85295,55409
11685,85295,55410
11686,85295,55411
11687,85295,55412
11688,85295,55413
11689,85295,55414
11690,85295,55415
11691,85295,55416
11692,85295,55417
11693,85295,55418
11694,85295,55419
11695,85295,55420
11696,85295,55421
11697,85295,55422
11698,85295,55423
11699,85295,55424
11700,85295,55425
11701,85295,55426
11702,85295,55427
11703,85295,55428
11704,85295,55429
11705,85295,55430
11706,85295,55431
11707,85296,55320
11708,85296,55321
11709,85296,55322
11710,85296,55323
11711,85296,55324
11712,85296,55325
11713,85296,55326
11714,85296,55327
11715,85296,55328
11716,85296,55329
11717,85296,55330
11718,85296,55331
11719,85296,55332
11720,85296,55333
11721,85296,55334
11722,85296,55335
11723,85296,55336
11724,85296,55337
11725,85296,55338
11726,85296,55339
11727,85296,55340
11728,85296,55341
11729,85296,55342
11730,85296,55343
11731,85296,55344
11732,85296,55345
11733,85296,55346
11734,85296,55347
11735,85296,55348
11736,85296,55349
11737,85296,55350
11738,85296,55351
11739,85296,55352
11740,85296,55353
11741,85296,55354
11742,85296,55355
11743,85296,55356
11744,85296,55357
11745,85296,55358
11746,85296,55359
11747,85296,55360
11748,85296,55361
11749,85296,55362
11750,85296,55363
11751,85296,55364
11752,85296,55365
11753,85296,55366
11754,85296,55367
11755,85296,55368
11756,85296,55369
11757,85296,55370
11758,85296,55371
11759,85296,55372
11760,85296,55373
11761,85296,55374
11762,85296,55375
11763,85296,55376
11764,85296,55377
11765,85296,55378
11766,85296,55379
11767,85296,55380
11768,85296,55381
11769,85296,55382
11770,85296,55383
11771,85296,55384
11772,85296,55385
11773,85296,55386
11774,85296,55387
11775,85296,55388
11776,85296,55389
11777,85296,55390
11778,85296,55391
11779,85296,55392
11780,85296,55393
11781,85296,55394
11782,85296,55395
11783,85296,55396
11784,85296,55397
11785,85296,55398
11786,85296,55399
11787,85296,55400
11788,85296,55401
11789,85296,55402
11790,85296,55403
11791,85296,55404
11792,85296,55405
11793,85296,55406
11794,85296,55407
11795,85296,55408
11796,85296,55409
11797,85296,55410
11798,85296,55411
11799,85296,55412
11800,85296,55413
11801,85296,55414
11802,85296,55415
11803,85296,55416
11804,85296,55417
11805,85296,55418
11806,85296,55419
11807,85296,55420
11808,85296,55421
11809,85296,55422
11810,85296,55423
11811,85296,55424
11812,85296,55425
11813,85296,55426
11814,85296,55427
11815,85296,55428
11816,85296,55429
11817,85296,55430
11818,85297,55320
11819,85297,55321
11820,85297,55322
11821,85297,55323
11822,85297,55324
11823,85297,55325
11824,85297,55326
11825,85297,55327
11826,85297,55328
11827,85297,55329
11828,85297,55330
11829,85297,55331
11830,85297,55332
11831,85297,55333
11832,85297,55334
11833,85297,55335
11834,85297,55336
11835,85297,55337
11836,85297,55338
11837,85297,55339
11838,85297,55340
11839,85297,55341
11840,85297,55342
11841,85297,55343
11842,85297,55344
11843,85297,55345
11844,85297,55346
11845,85297,55347
11846,85297,55348
11847,85297,55349
11848,85297,55350
11849,85297,55351
11850,85297,55352
11851,85297,55353
11852,85297,55354
11853,85297,55355
11854,85297,55356
11855,85297,55357
11856,85297,55358
11857,85297,55359
11858,85297,55360
11859,85297,55361
11860,85297,55362
11861,85297,55363
11862,85297,55364
11863,85297,55365
11864,85297,55366
11865,85297,55367
11866,85297,55368
11867,85297,55369
11868,85297,55370
11869,85297,55371
11870,85297,55372
11871,85297,55373
11872,85297,55374
11873,85297,55375
11874,85297,55376
11875,85297,55377
11876,85297,55378
11877,85297,55379
11878,85297,55380
11879,85297,55381
11880,85297,55382
11881,85297,55383
11882,85297,55384
11883,85297,55385
11884,85297,55386
11885,85297,55387
11886,85297,55388
11887,85297,55389
11888,85297,55390
11889,85297,55391
11890,85297,55392
11891,85297,55393
11892,85297,55394
11893,85297,55395
11894,85297,55396
11895,85297,55397
11896,85297,55398
11897,85297,55399
11898,85297,55400
11899,85297,55401
11900,85297,55402
11901,85297,55403
11902,85297,55404
11903,85297,55405
11904,85297,55406
11905,85297,55407
11906,85297,55408
11907,85297,55409
11908,85297,55410
11909,85297,55411
11910,85297,55412
11911,85297,55413
11912,85297,55414
11913,85297,55415
11914,85297,55416
11915,85297,55417
11916,85297,55418
11917,85297,55419
11918,85297,55420
11919,85297,55421
11920,85297,55422
11921,85297,55423
11922,85297,55424
11923,85297,55425
11924,85297,55426
11925,85297,55427
11926,85297,55428
11927,85297,55429
11928,85297,55430
11929,85297,55431
11930,85298,55320
11931,85298,55321
11932,85298,55322
11933,85298,55323
11934,85298,55324
11935,85298,55325
11936,85298,55326
11937,85298,55327
11938,85298,55328
11939,85298,55329
11940,85298,55330
11941,85298,55331
11942,85298,55332
11943,85298,55333
11944,85298,55334
11945,85298,55335
11946,85298,55336
11947,85298,55337
11948,85298,55338
11949,85298,55339
11950,85298,55340
11951,85298,55341
11952,85298,55342
11953,85298,55343
11954,85298,55344
11955,85298,55345
11956,85298,55346
11957,85298,55347
11958,85298,55348
11959,85298,55349
11960,85298,55350
11961,85298,55351
11962,85298,55352
11963,85298,55353
11964,85298,55354
11965,85298,55355
11966,85298,55356
11967,85298,55357
11968,85298,55358
11969,85298,55359
11970,85298,55360
11971,85298,55361
11972,85298,55362
11973,85298,55363
11974,85298,55364
11975,85298,55365
11976,85298,55366
11977,85298,55367
11978,85298,55368
11979,85298,55369
11980,85298,55370
11981,85298,55371
11982,85298,55372
11983,85298,55373
11984,85298,55374
11985,85298,55375
11986,85298,55376
11987,85298,55377
11988,85298,55378
11989,85298,55379
11990,85298,55380
11991,85298,55381
11992,85298,55382
11993,85298,55383
11994,85298,55384
11995,85298,55385
11996,85298,55386
11997,85298,55387
11998,85298,55388
11999,85298,55389
12000,85298,55390
12001,85298,55391
12002,85298,55392
12003,85298,55393
12004,85298,55394
12005,85298,55395
12006,85298,55396
12007,85298,55397
12008,85298,55398
12009,85298,55399
12010,85298,55400
12011,85298,55401
12012,85298,55402
12013,85298,55403
12014,85298,55404
12015,85298,55405
12016,85298,55406
12017,85298,55407
12018,85298,55408
12019,85298,55409
12020,85298,55410
12021,85298,55411
12022,85298,55412
12023,85298,55413
12024,85298,55414
12025,85298,55415
12026,85298,55416
12027,85298,55417
12028,85298,55418
12029,85298,55419
12030,85298,55420
12031,85298,55421
12032,85298,55422
12033,85298,55423
12034,85298,55424
12035,85298,55425
12036,85298,55426
12037,85298,55427
12038,85298,55428
12039,85298,55429
12040,85298,55430
12041,85298,55431
12042,85299,55320
12043,85299,55321
12044,85299,55322
12045,85299,55323
12046,85299,55324
12047,85299,55325
12048,85299,55326
12049,85299,55327
12050,85299,55328
12051,85299,55329
12052,85299,55330
12053,85299,55331
12054,85299,55332
12055,85299,55333
12056,85299,55334
12057,85299,55335
12058,85299,55336
12059,85299,55337
12060,85299,55338
12061,85299,55339
12062,85299,55340
12063,85299,55341
12064,85299,55342
12065,85299,55343
12066,85299,55344
12067,85299,55345
12068,85299,55346
12069,85299,55347
12070,85299,55348
12071,85299,55349
12072,85299,55350
12073,85299,55351
12074,85299,55352
12075,85299,55353
12076,85299,55354
12077,85299,55355
12078,85299,55356
12079,85299,55357
12080,85299,55358
12081,85299,55359
12082,85299,55360
12083,85299,55361
12084,85299,55362
12085,85299,55363
12086,85299,55364
12087,85299,55365
12088,85299,55366
12089,85299,55367
12090,85299,55368
12091,85299,55369
12092,85299,55370
12093,85299,55371
12094,85299,55372
12095,85299,55373
12096,85299,55374
12097,85299,55375
12098,85299,55376
12099,85299,55377
12100,85299,55378
12101,85299,55379
12102,85299,55380
12103,85299,55381
12104,85299,55382
12105,85299,55383
12106,85299,55384
12107,85299,55385
12108,85299,55386
12109,85299,55387
12110,85299,55388
12111,85299,55389
12112,85299,55390
12113,85299,55391
12114,85299,55392
12115,85299,55393
12116,85299,55394
12117,85299,55395
12118,85299,55396
12119,85299,55397
12120,85299,55398
12121,85299,55399
12122,85299,55400
12123,85299,55401
12124,85299,55402
12125,85299,55403
12126,85299,55404
12127,85299,55405
12128,85299,55406
12129,85299,55407
12130,85299,55408
12131,85299,55409
12132,85299,55410
12133,85299,55411
12134,85299,55412
12135,85299,55413
12136,85299,55414
12137,85299,55415
12138,85299,55416
12139,85299,55417
12140,85299,55418
12141,85299,55419
12142,85299,55420
12143,85299,55421
12144,85299,55422
12145,85299,55423
12146,85299,55424
12147,85299,55425
12148,85299,55426
12149,85299,55427
12150,85299,55428
12151,85299,55429
12152,85299,55430
12153,85299,55431
12154,85300,55320
12155,85300,55321
12156,85300,55322
12157,85300,55323
12158,85300,55324
12159,85300,55325
12160,85300,55326
12161,85300,55327
12162,85300,55328
12163,85300,55329
12164,85300,55330
12165,85300,55331
12166,85300,55332
12167,85300,55333
12168,85300,55334
12169,85300,55335
12170,85300,55336
12171,85300,55337
12172,85300,55338
12173,85300,55339
12174,85300,55340
12175,85300,55341
12176,85300,55342
12177,85300,55343
12178,85300,55344
12179,85300,55345
12180,85300,55346
12181,85300,55347
12182,85300,55348
12183,85300,55349
12184,85300,55350
12185,85300,55351
12186,85300,55352
12187,85300,55353
12188,85300,55354
12189,85300,55355
12190,85300,55356
12191,85300,55357
12192,85300,55358
12193,85300,55359
12194,85300,55360
12195,85300,55361
12196,85300,55362
12197,85300,55363
12198,85300,55364
12199,85300,55365
12200,85300,55366
12201,85300,55367
12202,85300,55368
12203,85300,55369
12204,85300,55370
12205,85300,55371
12206,85300,55372
12207,85300,55373
12208,85300,55374
12209,85300,55375
12210,85300,55376
12211,85300,55377
12212,85300,55378
12213,85300,55379
12214,85300,55380
12215,85300,55381
12216,85300,55382
12217,85300,55383
12218,85300,55384
12219,85300,55385
12220,85300,55386
12221,85300,55387
12222,85300,55388
12223,85300,55389
12224,85300,55390
12225,85300,55391
12226,85300,55392
12227,85300,55393
12228,85300,55394
12229,85300,55395
12230,85300,55396
12231,85300,55397
12232,85300,55398
12233,85300,55399
12234,85300,55400
12235,85300,55401
12236,85300,55402
12237,85300,55403
12238,85300,55404
12239,85300,55405
12240,85300,55406
12241,85300,55407
12242,85300,55408
12243,85300,55409
12244,85300,55410
12245,85300,55411
12246,85300,55412
12247,85300,55413
12248,85300,55414
12249,85300,55415
12250,85300,55416
12251,85300,55417
12252,85300,55418
12253,85300,55419
12254,85300,55420
12255,85300,55421
12256,85300,55422
12257,85300,55423
12258,85300,55424
12259,85300,55425
12260,85300,55426
12261,85300,55427
12262,85300,55428
12263,85300,55429
12264,85300,55430
12265,85300,55431
12266,85300,55432
12267,85301,55320
12268,85301,55321
12269,85301,55322
12270,85301,55323
12271,85301,55324
12272,85301,55325
12273,85301,55326
12274,85301,55327
12275,85301,55328
12276,85301,55329
12277,85301,55330
12278,85301,55331
12279,85301,55332
12280,85301,55333
12281,85301,55334
12282,85301,55335
12283,85301,55336
12284,85301,55337
12285,85301,55338
12286,85301,55339
12287,85301,55340
12288,85301,55341
12289,85301,55342
12290,85301,55343
12291,85301,55344
12292,85301,55345
12293,85301,55346
12294,85301,55347
12295,85301,55348
12296,85301,55349
12297,85301,55350
12298,85301,55351
12299,85301,55352
12300,85301,55353
12301,85301,55354
12302,85301,55355
12303,85301,55356
12304,85301,55357
12305,85301,55358
12306,85301,55359
12307,85301,55360
12308,85301,55361
12309,85301,55362
12310,85301,55363
12311,85301,55364
12312,85301,55365
12313,85301,55366
12314,85301,55367
12315,85301,55368
12316,85301,55369
12317,85301,55370
12318,85301,55371
12319,85301,55372
12320,85301,55373
12321,85301,55374
12322,85301,55375
12323,85301,55376
12324,85301,55377
12325,85301,55378
12326,85301,55379
12327,85301,55380
12328,85301,55381
12329,85301,55382
12330,85301,55383
12331,85301,55384
12332,85301,55385
12333,85301,55386
12334,85301,55387
12335,85301,55388
12336,85301,55389
12337,85301,55390
12338,85301,55391
12339,85301,55392
12340,85301,55393
12341,85301,55394
12342,85301,55395
12343,85301,55396
12344,85301,55397
12345,85301,55398
12346,85301,55399
12347,85301,55400
12348,85301,55401
12349,85301,55402
12350,85301,55403
12351,85301,55404
12352,85301,55405
12353,85301,55406
12354,85301,55407
12355,85301,55408
12356,85301,55409
12357,85301,55410
12358,85301,55411
12359,85301,55412
12360,85301,55413
12361,85301,55414
12362,85301,55415
12363,85301,55416
12364,85301,55417
12365,85301,55418
12366,85301,55419
12367,85301,55420
12368,85301,55421
12369,85301,55422
12370,85301,55423
12371,85301,55424
12372,85301,55425
12373,85301,55426
12374,85301,55427
12375,85301,55428
12376,85301,55429
12377,85301,55430
12378,85301,55431
12379,85301,55432
12380,85302,55320
12381,85302,55321
12382,85302,55322
12383,85302,55323
12384,85302,55324
12385,85302,55325
12386,85302,55326
12387,85302,55327
12388,85302,55328
12389,85302,55329
12390,85302,55330
12391,85302,55331
12392,85302,55332
12393,85302,55333
12394,85302,55334
12395,85302,55335
12396,85302,55336
12397,85302,55337
12398,85302,55338
12399,85302,55339
12400,85302,55340
12401,85302,55341
12402,85302,55342
12403,85302,55343
12404,85302,55344
12405,85302,55345
12406,85302,55346
12407,85302,55347
12408,85302,55348
12409,85302,55349
12410,85302,55350
12411,85302,55351
12412,85302,55352
12413,85302,55353
12414,85302,55354
12415,85302,55355
12416,85302,55356
12417,85302,55357
12418,85302,55358
12419,85302,55359
12420,85302,55360
12421,85302,55361
12422,85302,55362
12423,85302,55363
12424,85302,55364
12425,85302,55365
12426,85302,55366
12427,85302,55367
12428,85302,55368
12429,85302,55369
12430,85302,55370
12431,85302,55371
12432,85302,55372
12433,85302,55373
12434,85302,55374
12435,85302,55375
12436,85302,55376
12437,85302,55377
12438,85302,55378
12439,85302,55379
12440,85302,55380
12441,85302,55381
12442,85302,55382
12443,85302,55383
12444,85302,55384
12445,85302,55385
12446,85302,55386
12447,85302,55387
12448,85302,55388
12449,85302,55389
12450,85302,55390
12451,85302,55391
12452,85302,55392
12453,85302,55393
12454,85302,55394
12455,85302,55395
12456,85302,55396
12457,85302,55397
12458,85302,55398
12459,85302,55399
12460,85302,55400
12461,85302,55401
12462,85302,55402
12463,85302,55403
12464,85302,55404
12465,85302,55405
12466,85302,55406
12467,85302,55407
12468,85302,55408
12469,85302,55409
12470,85302,55410
12471,85302,55411
12472,85302,55412
12473,85302,55413
12474,85302,55414
12475,85302,55415
12476,85302,55416
12477,85302,55417
12478,85302,55418
12479,85302,55419
12480,85302,55420
12481,85302,55421
12482,85302,55422
12483,85302,55423
12484,85302,55424
12485,85302,55425
12486,85302,55426
12487,85302,55427
12488,85302,55428
12489,85302,55429
12490,85302,55430
12491,85302,55431
12492,85302,55432
12493,85302,55433
12494,85303,55320
12495,85303,55321
12496,85303,55322
12497,85303,55323
12498,85303,55324
12499,85303,55325
12500,85303,55326
12501,85303,55327
12502,85303,55328
12503,85303,55329
12504,85303,55330
12505,85303,55331
12506,85303,55332
12507,85303,55333
12508,85303,55334
12509,85303,55335
12510,85303,55336
12511,85303,55337
12512,85303,55338
12513,85303,55339
12514,85303,55340
12515,85303,55341
12516,85303,55342
12517,85303,55343
12518,85303,55344
12519,85303,55345
12520,85303,55346
12521,85303,55347
12522,85303,55348
12523,85303,55349
12524,85303,55350
12525,85303,55351
12526,85303,55352
12527,85303,55353
12528,85303,55354
12529,85303,55355
12530,85303,55356
12531,85303,55357
12532,85303,55358
12533,85303,55359
12534,85303,55360
12535,85303,55361
12536,85303,55362
12537,85303,55363
12538,85303,55364
12539,85303,55365
12540,85303,55366
12541,85303,55367
12542,85303,55368
12543,85303,55369
12544,85303,55370
12545,85303,55371
12546,85303,55372
12547,85303,55373
12548,85303,55374
12549,85303,55375
12550,85303,55376
12551,85303,55377
12552,85303,55378
12553,85303,55379
12554,85303,55380
12555,85303,55381
12556,85303,55382
12557,85303,55383
12558,85303,55384
12559,85303,55385
12560,85303,55386
12561,85303,55387
12562,85303,55388
12563,85303,55389
12564,85303,55390
12565,85303,55391
12566,85303,55392
12567,85303,55393
12568,85303,55394
12569,85303,55395
12570,85303,55396
12571,85303,55397
12572,85303,55398
12573,85303,55399
12574,85303,55400
12575,85303,55401
12576,85303,55402
12577,85303,55403
12578,85303,55404
12579,85303,55405
12580,85303,55406
12581,85303,55407
12582,85303,55408
12583,85303,55409
12584,85303,55410
12585,85303,55411
12586,85303,55412
12587,85303,55413
12588,85303,55414
12589,85303,55415
12590,85303,55416
12591,85303,55417
12592,85303,55418
12593,85303,55419
12594,85303,55420
12595,85303,55421
12596,85303,55422
12597,85303,55423
12598,85303,55424
12599,85303,55425
12600,85303,55426
12601,85303,55427
12602,85303,55428
12603,85303,55429
12604,85303,55430
12605,85303,55431
12606,85303,55432
12607,85303,55433
12608,85304,55320
12609,85304,55321
12610,85304,55322
12611,85304,55323
12612,85304,55324
12613,85304,55325
12614,85304,55326
12615,85304,55327
12616,85304,55328
12617,85304,55329
12618,85304,55330
12619,85304,55331
12620,85304,55332
12621,85304,55333
12622,85304,55334
12623,85304,55335
12624,85304,55336
12625,85304,55337
12626,85304,55338
12627,85304,55339
12628,85304,55340
12629,85304,55341
12630,85304,55342
12631,85304,55343
12632,85304,55344
12633,85304,55345
12634,85304,55346
12635,85304,55347
12636,85304,55348
12637,85304,55349
12638,85304,55350
12639,85304,55351
12640,85304,55352
12641,85304,55353
12642,85304,55354
12643,85304,55355
12644,85304,55356
12645,85304,55357
12646,85304,55358
12647,85304,55359
12648,85304,55360
12649,85304,55361
12650,85304,55362
12651,85304,55363
12652,85304,55364
12653,85304,55365
12654,85304,55366
12655,85304,55367
12656,85304,55368
12657,85304,55369
12658,85304,55370
12659,85304,55371
12660,85304,55372
12661,85304,55373
12662,85304,55374
12663,85304,55375
12664,85304,55376
12665,85304,55377
12666,85304,55378
12667,85304,55379
12668,85304,55380
12669,85304,55381
12670,85304,55382
12671,85304,55383
12672,85304,55384
12673,85304,55385
12674,85304,55386
12675,85304,55387
12676,85304,55388
12677,85304,55389
12678,85304,55390
12679,85304,55391
12680,85304,55392
12681,85304,55393
12682,85304,55394
12683,85304,55395
12684,85304,55396
12685,85304,55397
12686,85304,55398
12687,85304,55399
12688,85304,55400
12689,85304,55401
12690,85304,55402
12691,85304,55403
12692,85304,55404
12693,85304,55405
12694,85304,55406
12695,85304,55407
12696,85304,55408
12697,85304,55409
12698,85304,55410
12699,85304,55411
12700,85304,55412
12701,85304,55413
12702,85304,55414
12703,85304,55415
12704,85304,55416
12705,85304,55417
12706,85304,55418
12707,85304,55419
12708,85304,55420
12709,85304,55421
12710,85304,55422
12711,85304,55423
12712,85304,55424
12713,85304,55425
12714,85304,55426
12715,85304,55427
12716,85304,55428
12717,85304,55429
12718,85304,55430
12719,85304,55431
12720,85304,55432
12721,85304,55433
12722,85304,55434
12723,85305,55320
12724,85305,55321
12725,85305,55322
12726,85305,55323
12727,85305,55324
12728,85305,55325
12729,85305,55326
12730,85305,55327
12731,85305,55328
12732,85305,55329
12733,85305,55330
12734,85305,55331
12735,85305,55332
12736,85305,55333
12737,85305,55334
12738,85305,55335
12739,85305,55336
12740,85305,55337
12741,85305,55338
12742,85305,55339
12743,85305,55340
12744,85305,55341
12745,85305,55342
12746,85305,55343
12747,85305,55344
12748,85305,55345
12749,85305,55346
12750,85305,55347
12751,85305,55348
12752,85305,55349
12753,85305,55350
12754,85305,55351
12755,85305,55352
12756,85305,55353
12757,85305,55354
12758,85305,55355
12759,85305,55356
12760,85305,55357
12761,85305,55358
12762,85305,55359
12763,85305,55360
12764,85305,55361
12765,85305,55362
12766,85305,55363
12767,85305,55364
12768,85305,55365
12769,85305,55366
12770,85305,55367
12771,85305,55368
12772,85305,55369
12773,85305,55370
12774,85305,55371
12775,85305,55372
12776,85305,55373
12777,85305,55374
12778,85305,55375
12779,85305,55376
12780,85305,55377
12781,85305,55378
12782,85305,55379
12783,85305,55380
12784,85305,55381
12785,85305,55382
12786,85305,55383
12787,85305,55384
12788,85305,55385
12789,85305,55386
12790,85305,55387
12791,85305,55388
12792,85305,55389
12793,85305,55390
12794,85305,55391
12795,85305,55392
12796,85305,55393
12797,85305,55394
12798,85305,55395
12799,85305,55396
12800,85305,55397
12801,85305,55398
12802,85305,55399
12803,85305,55400
12804,85305,55401
12805,85305,55402
12806,85305,55403
12807,85305,55404
12808,85305,55405
12809,85305,55406
12810,85305,55407
12811,85305,55408
12812,85305,55409
12813,85305,55410
12814,85305,55411
12815,85305,55412
12816,85305,55413
12817,85305,55414
12818,85305,55415
12819,85305,55416
12820,85305,55417
12821,85305,55418
12822,85305,55419
12823,85305,55420
12824,85305,55421
12825,85305,55422
12826,85305,55423
12827,85305,55424
12828,85305,55425
12829,85305,55426
12830,85305,55427
12831,85305,55428
12832,85305,55429
12833,85305,55430
12834,85305,55431
12835,85305,55432
12836,85305,55433
12837,85305,55434
12838,85305,55435
12839,85306,55320
12840,85306,55321
12841,85306,55322
12842,85306,55323
12843,85306,55324
12844,85306,55325
12845,85306,55326
12846,85306,55327
12847,85306,55328
12848,85306,55329
12849,85306,55330
12850,85306,55331
12851,85306,55332
12852,85306,55333
12853,85306,55334
12854,85306,55335
12855,85306,55336
12856,85306,55337
12857,85306,55338
12858,85306,55339
12859,85306,55340
12860,85306,55341
12861,85306,55342
12862,85306,55343
12863,85306,55344
12864,85306,55345
12865,85306,55346
12866,85306,55347
12867,85306,55348
12868,85306,55349
12869,85306,55350
12870,85306,55351
12871,85306,55352
12872,85306,55353
12873,85306,55354
12874,85306,55355
12875,85306,55356
12876,85306,55357
12877,85306,55358
12878,85306,55359
12879,85306,55360
12880,85306,55361
12881,85306,55362
12882,85306,55363
12883,85306,55364
12884,85306,55365
12885,85306,55366
12886,85306,55367
12887,85306,55368
12888,85306,55369
12889,85306,55370
12890,85306,55371
12891,85306,55372
12892,85306,55373
12893,85306,55374
12894,85306,55375
12895,85306,55376
12896,85306,55377
12897,85306,55378
12898,85306,55379
12899,85306,55380
12900,85306,55381
12901,85306,55382
12902,85306,55383
12903,85306,55384
12904,85306,55385
12905,85306,55386
12906,85306,55387
12907,85306,55388
12908,85306,55389
12909,85306,55390
12910,85306,55391
12911,85306,55392
12912,85306,55393
12913,85306,55394
12914,85306,55395
12915,85306,55396
12916,85306,55397
12917,85306,55398
12918,85306,55399
12919,85306,55400
12920,85306,55401
12921,85306,55402
12922,85306,55403
12923,85306,55404
12924,85306,55405
12925,85306,55406
12926,85306,55407
12927,85306,55408
12928,85306,55409
12929,85306,55410
12930,85306,55411
12931,85306,55412
12932,85306,55413
12933,85306,55414
12934,85306,55415
12935,85306,55416
12936,85306,55417
12937,85306,55418
12938,85306,55419
12939,85306,55420
12940,85306,55421
12941,85306,55422
12942,85306,55423
12943,85306,55424
12944,85306,55425
12945,85306,55426
12946,85306,55427
12947,85306,55428
12948,85306,55429
12949,85306,55430
12950,85306,55431
12951,85306,55432
12952,85306,55433
12953,85306,55434
12954,85306,55435
12955,85307,55320
12956,85307,55321
12957,85307,55322
12958,85307,55323
12959,85307,55324
12960,85307,55325
12961,85307,55326
12962,85307,55327
12963,85307,55328
12964,85307,55329
12965,85307,55330
12966,85307,55331
12967,85307,55332
12968,85307,55333
12969,85307,55334
12970,85307,55335
12971,85307,55336
12972,85307,55337
12973,85307,55338
12974,85307,55339
12975,85307,55340
12976,85307,55341
12977,85307,55342
12978,85307,55343
12979,85307,55344
12980,85307,55345
12981,85307,55346
12982,85307,55347
12983,85307,55348
12984,85307,55349
12985,85307,55350
12986,85307,55351
12987,85307,55352
12988,85307,55353
12989,85307,55354
12990,85307,55355
12991,85307,55356
12992,85307,55357
12993,85307,55358
12994,85307,55359
12995,85307,55360
12996,85307,55361
12997,85307,55362
12998,85307,55363
12999,85307,55364
13000,85307,55365
13001,85307,55366
13002,85307,55367
13003,85307,55368
13004,85307,55369
13005,85307,55370
13006,85307,55371
13007,85307,55372
13008,85307,55373
13009,85307,55374
13010,85307,55375
13011,85307,55376
13012,85307,55377
13013,85307,55378
13014,85307,55379
13015,85307,55380
13016,85307,55381
13017,85307,55382
13018,85307,55383
13019,85307,55384
13020,85307,55385
13021,85307,55386
13022,85307,55387
13023,85307,55388
13024,85307,55389
13025,85307,55390
13026,85307,55391
13027,85307,55392
13028,85307,55393
13029,85307,55394
13030,85307,55395
13031,85307,55396
13032,85307,55397
13033,85307,55398
13034,85307,55399
13035,85307,55400
13036,85307,55401
13037,85307,55402
13038,85307,55403
13039,85307,55404
13040,85307,55405
13041,85307,55406
13042,85307,55407
13043,85307,55408
13044,85307,55409
13045,85307,55410
13046,85307,55411
13047,85307,55412
13048,85307,55413
13049,85307,55414
13050,85307,55415
13051,85307,55416
13052,85307,55417
13053,85307,55418
13054,85307,55419
13055,85307,55420
13056,85307,55421
13057,85307,55422
13058,85307,55423
13059,85307,55424
13060,85307,55425
13061,85307,55426
13062,85307,55427
13063,85307,55428
13064,85307,55429
13065,85307,55430
13066,85307,55431
13067,85307,55432
13068,85307,55433
13069,85307,55434
13070,85307,55435
13071,85307,55436
13072,85308,55320
13073,85308,55321
13074,85308,55322
13075,85308,55323
13076,85308,55324
13077,85308,55325
13078,85308,55326
13079,85308,55327
13080,85308,55328
13081,85308,55329
13082,85308,55330
13083,85308,55331
13084,85308,55332
13085,85308,55333
13086,85308,55334
13087,85308,55335
13088,85308,55336
13089,85308,55337
13090,85308,55338
13091,85308,55339
13092,85308,55340
13093,85308,55341
13094,85308,55342
13095,85308,55343
13096,85308,55344
13097,85308,55345
13098,85308,55346
13099,85308,55347
13100,85308,55348
13101,85308,55349
13102,85308,55350
13103,85308,55351
13104,85308,55352
13105,85308,55353
13106,85308,55354
13107,85308,55355
13108,85308,55356
13109,85308,55357
13110,85308,55358
13111,85308,55359
13112,85308,55360
13113,85308,55361
13114,85308,55362
13115,85308,55363
13116,85308,55364
13117,85308,55365
13118,85308,55366
13119,85308,55367
13120,85308,55368
13121,85308,55369
13122,85308,55370
13123,85308,55371
13124,85308,55372
13125,85308,55373
13126,85308,55374
13127,85308,55375
13128,85308,55376
13129,85308,55377
13130,85308,55378
13131,85308,55379
13132,85308,55380
13133,85308,55381
13134,85308,55382
13135,85308,55383
13136,85308,55384
13137,85308,55385
13138,85308,55386
13139,85308,55387
13140,85308,55388
13141,85308,55389
13142,85308,55390
13143,85308,55391
13144,85308,55392
13145,85308,55393
13146,85308,55394
13147,85308,55395
13148,85308,55396
13149,85308,55397
13150,85308,55398
13151,85308,55399
13152,85308,55400
13153,85308,55401
13154,85308,55402
13155,85308,55403
13156,85308,55404
13157,85308,55405
13158,85308,55406
13159,85308,55407
13160,85308,55408
13161,85308,55409
13162,85308,55410
13163,85308,55411
13164,85308,55412
13165,85308,55413
13166,85308,55414
13167,85308,55415
13168,85308,55416
13169,85308,55417
13170,85308,55418
13171,85308,55419
13172,85308,55420
13173,85308,55421
13174,85308,55422
13175,85308,55423
13176,85308,55424
13177,85308,55425
13178,85308,55426
13179,85308,55427
13180,85308,55428
13181,85308,55429
13182,85308,55430
13183,85308,55431
13184,85308,55432
13185,85308,55433
13186,85308,55434
13187,85308,55435
13188,85308,55436
13189,85309,55320
13190,85309,55321
13191,85309,55322
13192,85309,55323
13193,85309,55324
13194,85309,55325
13195,85309,55326
13196,85309,55327
13197,85309,55328
13198,85309,55329
13199,85309,55330
13200,85309,55331
13201,85309,55332
13202,85309,55333
13203,85309,55334
13204,85309,55335
13205,85309,55336
13206,85309,55337
13207,85309,55338
13208,85309,55339
13209,85309,55340
13210,85309,55341
13211,85309,55342
13212,85309,55343
13213,85309,55344
13214,85309,55345
13215,85309,55346
13216,85309,55347
13217,85309,55348
13218,85309,55349
13219,85309,55350
13220,85309,55351
13221,85309,55352
13222,85309,55353
13223,85309,55354
13224,85309,55355
13225,85309,55356
13226,85309,55357
13227,85309,55358
13228,85309,55359
13229,85309,55360
13230,85309,55361
13231,85309,55362
13232,85309,55363
13233,85309,55364
13234,85309,55365
13235,85309,55366
13236,85309,55367
13237,85309,55368
13238,85309,55369
13239,85309,55370
13240,85309,55371
13241,85309,55372
13242,85309,55373
13243,85309,55374
13244,85309,55375
13245,85309,55376
13246,85309,55377
13247,85309,55378
13248,85309,55379
13249,85309,55380
13250,85309,55381
13251,85309,55382
13252,85309,55383
13253,85309,55384
13254,85309,55385
13255,85309,55386
13256,85309,55387
13257,85309,55388
13258,85309,55389
13259,85309,55390
13260,85309,55391
13261,85309,55392
13262,85309,55393
13263,85309,55394
13264,85309,55395
13265,85309,55396
13266,85309,55397
13267,85309,55398
13268,85309,55399
13269,85309,55400
13270,85309,55401
13271,85309,55402
13272,85309,55403
13273,85309,55404
13274,85309,55405
13275,85309,55406
13276,85309,55407
13277,85309,55408
13278,85309,55409
13279,85309,55410
13280,85309,55411
13281,85309,55412
13282,85309,55413
13283,85309,55414
13284,85309,55415
13285,85309,55416
13286,85309,55417
13287,85309,55418
13288,85309,55419
13289,85309,55420
13290,85309,55421
13291,85309,55422
13292,85309,55423
13293,85309,55424
13294,85309,55425
13295,85309,55426
13296,85309,55427
13297,85309,55428
13298,85309,55429
13299,85309,55430
13300,85309,55431
13301,85309,55432
13302,85309,55433
13303,85309,55434
13304,85309,55435
13305,85309,55436
13306,85310,55320
13307,85310,55321
13308,85310,55322
13309,85310,55323
13310,85310,55324
13311,85310,55325
13312,85310,55326
13313,85310,55327
13314,85310,55328
13315,85310,55329
13316,85310,55330
13317,85310,55331
13318,85310,55332
13319,85310,55333
13320,85310,55334
13321,85310,55335
13322,85310,55336
13323,85310,55337
13324,85310,55338
13325,85310,55339
13326,85310,55340
13327,85310,55341
13328,85310,55342
13329,85310,55343
13330,85310,55344
13331,85310,55345
13332,85310,55346
13333,85310,55347
13334,85310,55348
13335,85310,55349
13336,85310,55350
13337,85310,55351
13338,85310,55352
13339,85310,55353
13340,85310,55354
13341,85310,55355
13342,85310,55356
13343,85310,55357
13344,85310,55358
13345,85310,55359
13346,85310,55360
13347,85310,55361
13348,85310,55362
13349,85310,55363
13350,85310,55364
13351,85310,55365
13352,85310,55366
13353,85310,55367
13354,85310,55368
13355,85310,55369
13356,85310,55370
13357,85310,55371
13358,85310,55372
13359,85310,55373
13360,85310,55374
13361,85310,55375
13362,85310,55376
13363,85310,55377
13364,85310,55378
13365,85310,55379
13366,85310,55380
13367,85310,55381
13368,85310,55382
13369,85310,55383
13370,85310,55384
13371,85310,55385
13372,85310,55386
13373,85310,55387
13374,85310,55388
13375,85310,55389
13376,85310,55390
13377,85310,55391
13378,85310,55392
13379,85310,55393
13380,85310,55394
13381,85310,55395
13382,85310,55396
13383,85310,55397
13384,85310,55398
13385,85310,55399
13386,85310,55400
13387,85310,55401
13388,85310,55402
13389,85310,55403
13390,85310,55404
13391,85310,55405
13392,85310,55406
13393,85310,55407
13394,85310,55408
13395,85310,55409
13396,85310,55410
13397,85310,55411
13398,85310,55412
13399,85310,55413
13400,85310,55414
13401,85310,55415
13402,85310,55416
13403,85310,55417
13404,85310,55418
13405,85310,55419
13406,85310,55420
13407,85310,55421
13408,85310,55422
13409,85310,55423
13410,85310,55424
13411,85310,55425
13412,85310,55426
13413,85310,55427
13414,85310,55428
13415,85310,55429
13416,85310,55430
13417,85310,55431
13418,85310,55432
13419,85310,55433
13420,85310,55434
13421,85310,55435
13422,85310,55436
13423,85311,55320
13424,85311,55321
13425,85311,55322
13426,85311,55323
13427,85311,55324
13428,85311,55325
13429,85311,55326
13430,85311,55327
13431,85311,55328
13432,85311,55329
13433,85311,55330
13434,85311,55331
13435,85311,55332
13436,85311,55333
13437,85311,55334
13438,85311,55335
13439,85311,55336
13440,85311,55337
13441,85311,55338
13442,85311,55339
13443,85311,55340
13444,85311,55341
13445,85311,55342
13446,85311,55343
13447,85311,55344
13448,85311,55345
13449,85311,55346
13450,85311,55347
13451,85311,55348
13452,85311,55349
13453,85311,55350
13454,85311,55351
13455,85311,55352
13456,85311,55353
13457,85311,55354
13458,85311,55355
13459,85311,55356
13460,85311,55357
13461,85311,55358
13462,85311,55359
13463,85311,55360
13464,85311,55361
13465,85311,55362
13466,85311,55363
13467,85311,55364
13468,85311,55365
13469,85311,55366
13470,85311,55367
13471,85311,55368
13472,85311,55369
13473,85311,55370
13474,85311,55371
13475,85311,55372
13476,85311,55373
13477,85311,55374
13478,85311,55375
13479,85311,55376
13480,85311,55377
13481,85311,55378
13482,85311,55379
13483,85311,55380
13484,85311,55381
13485,85311,55382
13486,85311,55383
13487,85311,55384
13488,85311,55385
13489,85311,55386
13490,85311,55387
13491,85311,55388
13492,85311,55389
13493,85311,55390
13494,85311,55391
13495,85311,55392
13496,85311,55393
13497,85311,55394
13498,85311,55395
13499,85311,55396
13500,85311,55397
13501,85311,55398
13502,85311,55399
13503,85311,55400
13504,85311,55401
13505,85311,55402
13506,85311,55403
13507,85311,55404
13508,85311,55405
13509,85311,55406
13510,85311,55407
13511,85311,55408
13512,85311,55409
13513,85311,55410
13514,85311,55411
13515,85311,55412
13516,85311,55413
13517,85311,55414
13518,85311,55415
13519,85311,55416
13520,85311,55417
13521,85311,55418
13522,85311,55419
13523,85311,55420
13524,85311,55421
13525,85311,55422
13526,85311,55423
13527,85311,55424
13528,85311,55425
13529,85311,55426
13530,85311,55427
13531,85311,55428
13532,85311,55429
13533,85311,55430
13534,85311,55431
13535,85311,55432
13536,85311,55433
13537,85311,55434
13538,85311,55435
13539,85311,55436
13540,85311,55437
13541,85312,55320
13542,85312,55321
13543,85312,55322
13544,85312,55323
13545,85312,55324
13546,85312,55325
13547,85312,55326
13548,85312,55327
13549,85312,55328
13550,85312,55329
13551,85312,55330
13552,85312,55331
13553,85312,55332
13554,85312,55333
13555,85312,55334
13556,85312,55335
13557,85312,55336
13558,85312,55337
13559,85312,55338
13560,85312,55339
13561,85312,55340
13562,85312,55341
13563,85312,55342
13564,85312,55343
13565,85312,55344
13566,85312,55345
13567,85312,55346
13568,85312,55347
13569,85312,55348
13570,85312,55349
13571,85312,55350
13572,85312,55351
13573,85312,55352
13574,85312,55353
13575,85312,55354
13576,85312,55355
13577,85312,55356
13578,85312,55357
13579,85312,55358
13580,85312,55359
13581,85312,55360
13582,85312,55361
13583,85312,55362
13584,85312,55363
13585,85312,55364
13586,85312,55365
13587,85312,55366
13588,85312,55367
13589,85312,55368
13590,85312,55369
13591,85312,55370
13592,85312,55371
13593,85312,55372
13594,85312,55373
13595,85312,55374
13596,85312,55375
13597,85312,55376
13598,85312,55377
13599,85312,55378
13600,85312,55379
13601,85312,55380
13602,85312,55381
13603,85312,55382
13604,85312,55383
13605,85312,55384
13606,85312,55385
13607,85312,55386
13608,85312,55387
13609,85312,55388
13610,85312,55389
13611,85312,55390
13612,85312,55391
13613,85312,55392
13614,85312,55393
13615,85312,55394
13616,85312,55395
13617,85312,55396
13618,85312,55397
13619,85312,55398
13620,85312,55399
13621,85312,55400
13622,85312,55401
13623,85312,55402
13624,85312,55403
13625,85312,55404
13626,85312,55405
13627,85312,55406
13628,85312,55407
13629,85312,55408
13630,85312,55409
13631,85312,55410
13632,85312,55411
13633,85312,55412
13634,85312,55413
13635,85312,55414
13636,85312,55415
13637,85312,55416
13638,85312,55417
13639,85312,55418
13640,85312,55419
13641,85312,55420
13642,85312,55421
13643,85312,55422
13644,85312,55423
13645,85312,55424
13646,85312,55425
13647,85312,55426
13648,85312,55427
13649,85312,55428
13650,85312,55429
13651,85312,55430
13652,85312,55431
13653,85312,55432
13654,85312,55433
13655,85312,55434
13656,85312,55435
13657,85312,55436
13658,85312,55437
13659,85312,55438
13660,85313,55320
13661,85313,55321
13662,85313,55322
13663,85313,55323
13664,85313,55324
13665,85313,55325
13666,85313,55326
13667,85313,55327
13668,85313,55328
13669,85313,55329
13670,85313,55330
13671,85313,55331
13672,85313,55332
13673,85313,55333
13674,85313,55334
13675,85313,55335
13676,85313,55336
13677,85313,55337
13678,85313,55338
13679,85313,55339
13680,85313,55340
13681,85313,55341
13682,85313,55342
13683,85313,55343
13684,85313,55344
13685,85313,55345
13686,85313,55346
13687,85313,55347
13688,85313,55348
13689,85313,55349
13690,85313,55350
13691,85313,55351
13692,85313,55352
13693,85313,55353
13694,85313,55354
13695,85313,55355
13696,85313,55356
13697,85313,55357
13698,85313,55358
13699,85313,55359
13700,85313,55360
13701,85313,55361
13702,85313,55362
13703,85313,55363
13704,85313,55364
13705,85313,55365
13706,85313,55366
13707,85313,55367
13708,85313,55368
13709,85313,55369
13710,85313,55370
13711,85313,55371
13712,85313,55372
13713,85313,55373
13714,85313,55374
13715,85313,55375
13716,85313,55376
13717,85313,55377
13718,85313,55378
13719,85313,55379
13720,85313,55380
13721,85313,55381
13722,85313,55382
13723,85313,55383
13724,85313,55384
13725,85313,55385
13726,85313,55386
13727,85313,55387
13728,85313,55388
13729,85313,55389
13730,85313,55390
13731,85313,55391
13732,85313,55392
13733,85313,55393
13734,85313,55394
13735,85313,55395
13736,85313,55396
13737,85313,55397
13738,85313,55398
13739,85313,55399
13740,85313,55400
13741,85313,55401
13742,85313,55402
13743,85313,55403
13744,85313,55404
13745,85313,55405
13746,85313,55406
13747,85313,55407
13748,85313,55408
13749,85313,55409
13750,85313,55410
13751,85313,55411
13752,85313,55412
13753,85313,55413
13754,85313,55414
13755,85313,55415
13756,85313,55416
13757,85313,55417
13758,85313,55418
13759,85313,55419
13760,85313,55420
13761,85313,55421
13762,85313,55422
13763,85313,55423
13764,85313,55424
13765,85313,55425
13766,85313,55426
13767,85313,55427
13768,85313,55428
13769,85313,55429
13770,85313,55430
13771,85313,55431
13772,85313,55432
13773,85313,55433
13774,85313,55434
13775,85313,55435
13776,85313,55436
13777,85313,55437
13778,85313,55438
13779,85313,55439
13780,85313,55440
13781,85314,55320
13782,85314,55321
13783,85314,55322
13784,85314,55323
13785,85314,55324
13786,85314,55325
13787,85314,55326
13788,85314,55327
13789,85314,55328
13790,85314,55329
13791,85314,55330
13792,85314,55331
13793,85314,55332
13794,85314,55333
13795,85314,55334
13796,85314,55335
13797,85314,55336
13798,85314,55337
13799,85314,55338
13800,85314,55339
13801,85314,55340
13802,85314,55341
13803,85314,55342
13804,85314,55343
13805,85314,55344
13806,85314,55345
13807,85314,55346
13808,85314,55347
13809,85314,55348
13810,85314,55349
13811,85314,55350
13812,85314,55351
13813,85314,55352
13814,85314,55353
13815,85314,55354
13816,85314,55355
13817,85314,55356
13818,85314,55357
13819,85314,55358
13820,85314,55359
13821,85314,55360
13822,85314,55361
13823,85314,55362
13824,85314,55363
13825,85314,55364
13826,85314,55365
13827,85314,55366
13828,85314,55367
13829,85314,55368
13830,85314,55369
13831,85314,55370
13832,85314,55371
13833,85314,55372
13834,85314,55373
13835,85314,55374
13836,85314,55375
13837,85314,55376
13838,85314,55377
13839,85314,55378
13840,85314,55379
13841,85314,55380
13842,85314,55381
13843,85314,55382
13844,85314,55383
13845,85314,55384
13846,85314,55385
13847,85314,55386
13848,85314,55387
13849,85314,55388
13850,85314,55389
13851,85314,55390
13852,85314,55391
13853,85314,55392
13854,85314,55393
13855,85314,55394
13856,85314,55395
13857,85314,55396
13858,85314,55397
13859,85314,55398
13860,85314,55399
13861,85314,55400
13862,85314,55401
13863,85314,55402
13864,85314,55403
13865,85314,55404
13866,85314,55405
13867,85314,55406
13868,85314,55407
13869,85314,55408
13870,85314,55409
13871,85314,55410
13872,85314,55411
13873,85314,55412
13874,85314,55413
13875,85314,55414
13876,85314,55415
13877,85314,55416
13878,85314,55417
13879,85314,55418
13880,85314,55419
13881,85314,55420
13882,85314,55421
13883,85314,55422
13884,85314,55423
13885,85314,55424
13886,85314,55425
13887,85314,55426
13888,85314,55427
13889,85314,55428
13890,85314,55429
13891,85314,55430
13892,85314,55431
13893,85314,55432
13894,85314,55433
13895,85314,55434
13896,85314,55435
13897,85314,55436
13898,85314,55437
13899,85314,55438
13900,85314,55439
13901,85314,55440
13902,85315,55320
13903,85315,55321
13904,85315,55322
13905,85315,55323
13906,85315,55324
13907,85315,55325
13908,85315,55326
13909,85315,55327
13910,85315,55328
13911,85315,55329
13912,85315,55330
13913,85315,55331
13914,85315,55332
13915,85315,55333
13916,85315,55334
13917,85315,55335
13918,85315,55336
13919,85315,55337
13920,85315,55338
13921,85315,55339
13922,85315,55340
13923,85315,55341
13924,85315,55342
13925,85315,55343
13926,85315,55344
13927,85315,55345
13928,85315,55346
13929,85315,55347
13930,85315,55348
13931,85315,55349
13932,85315,55350
13933,85315,55351
13934,85315,55352
13935,85315,55353
13936,85315,55354
13937,85315,55355
13938,85315,55356
13939,85315,55357
13940,85315,55358
13941,85315,55359
13942,85315,55360
13943,85315,55361
13944,85315,55362
13945,85315,55363
13946,85315,55364
13947,85315,55365
13948,85315,55366
13949,85315,55367
13950,85315,55368
13951,85315,55369
13952,85315,55370
13953,85315,55371
13954,85315,55372
13955,85315,55373
13956,85315,55374
13957,85315,55375
13958,85315,55376
13959,85315,55377
13960,85315,55378
13961,85315,55379
13962,85315,55380
13963,85315,55381
13964,85315,55382
13965,85315,55383
13966,85315,55384
13967,85315,55385
13968,85315,55386
13969,85315,55387
13970,85315,55388
13971,85315,55389
13972,85315,55390
13973,85315,55391
13974,85315,55392
13975,85315,55393
13976,85315,55394
13977,85315,55395
13978,85315,55396
13979,85315,55397
13980,85315,55398
13981,85315,55399
13982,85315,55400
13983,85315,55401
13984,85315,55402
13985,85315,55403
13986,85315,55404
13987,85315,55405
13988,85315,55406
13989,85315,55407
13990,85315,55408
13991,85315,55409
13992,85315,55410
13993,85315,55411
13994,85315,55412
13995,85315,55413
13996,85315,55414
13997,85315,55415
13998,85315,55416
13999,85315,55417
14000,85315,55418
14001,85315,55419
14002,85315,55420
14003,85315,55421
14004,85315,55422
14005,85315,55423
14006,85315,55424
14007,85315,55425
14008,85315,55426
14009,85315,55427
14010,85315,55428
14011,85315,55429
14012,85315,55430
14013,85315,55431
14014,85315,55432
14015,85315,55433
14016,85315,55434
14017,85315,55435
14018,85315,55436
14019,85315,55437
14020,85315,55438
14021,85315,55439
14022,85315,55440
14023,85315,55441
14024,85316,55320
14025,85316,55321
14026,85316,55322
14027,85316,55323
14028,85316,55324
14029,85316,55325
14030,85316,55326
14031,85316,55327
14032,85316,55328
14033,85316,55329
14034,85316,55330
14035,85316,55331
14036,85316,55332
14037,85316,55333
14038,85316,55334
14039,85316,55335
14040,85316,55336
14041,85316,55337
14042,85316,55338
14043,85316,55339
14044,85316,55340
14045,85316,55341
14046,85316,55342
14047,85316,55343
14048,85316,55344
14049,85316,55345
14050,85316,55346
14051,85316,55347
14052,85316,55348
14053,85316,55349
14054,85316,55350
14055,85316,55351
14056,85316,55352
14057,85316,55353
14058,85316,55354
14059,85316,55355
14060,85316,55356
14061,85316,55357
14062,85316,55358
14063,85316,55359
14064,85316,55360
14065,85316,55361
14066,85316,55362
14067,85316,55363
14068,85316,55364
14069,85316,55365
14070,85316,55366
14071,85316,55367
14072,85316,55368
14073,85316,55369
14074,85316,55370
14075,85316,55371
14076,85316,55372
14077,85316,55373
14078,85316,55374
14079,85316,55375
14080,85316,55376
14081,85316,55377
14082,85316,55378
14083,85316,55379
14084,85316,55380
14085,85316,55381
14086,85316,55382
14087,85316,55383
14088,85316,55384
14089,85316,55385
14090,85316,55386
14091,85316,55387
14092,85316,55388
14093,85316,55389
14094,85316,55390
14095,85316,55391
14096,85316,55392
14097,85316,55393
14098,85316,55394
14099,85316,55395
14100,85316,55396
14101,85316,55397
14102,85316,55398
14103,85316,55399
14104,85316,55400
14105,85316,55401
14106,85316,55402
14107,85316,55403
14108,85316,55404
14109,85316,55405
14110,85316,55406
14111,85316,55407
14112,85316,55408
14113,85316,55409
14114,85316,55410
14115,85316,55411
14116,85316,55412
14117,85316,55413
14118,85316,55414
14119,85316,55415
14120,85316,55416
14121,85316,55417
14122,85316,55418
14123,85316,55419
14124,85316,55420
14125,85316,55421
14126,85316,55422
14127,85316,55423
14128,85316,55424
14129,85316,55425
14130,85316,55426
14131,85316,55427
14132,85316,55428
14133,85316,55429
14134,85316,55430
14135,85316,55431
14136,85316,55432
14137,85316,55433
14138,85316,55434
14139,85316,55435
14140,85316,55436
14141,85316,55437
14142,85316,55438
14143,85316,55439
14144,85316,55440
14145,85316,55441
14146,85316,55442
14147,85316,55443
14148,85317,55320
14149,85317,55321
14150,85317,55322
14151,85317,55323
14152,85317,55324
14153,85317,55325
14154,85317,55326
14155,85317,55327
14156,85317,55328
14157,85317,55329
14158,85317,55330
14159,85317,55331
14160,85317,55332
14161,85317,55333
14162,85317,55334
14163,85317,55335
14164,85317,55336
14165,85317,55337
14166,85317,55338
14167,85317,55339
14168,85317,55340
14169,85317,55341
14170,85317,55342
14171,85317,55343
14172,85317,55344
14173,85317,55345
14174,85317,55346
14175,85317,55347
14176,85317,55348
14177,85317,55349
14178,85317,55350
14179,85317,55351
14180,85317,55352
14181,85317,55353
14182,85317,55354
14183,85317,55355
14184,85317,55356
14185,85317,55357
14186,85317,55358
14187,85317,55359
14188,85317,55360
14189,85317,55361
14190,85317,55362
14191,85317,55363
14192,85317,55364
14193,85317,55365
14194,85317,55366
14195,85317,55367
14196,85317,55368
14197,85317,55369
14198,85317,55370
14199,85317,55371
14200,85317,55372
14201,85317,55373
14202,85317,55374
14203,85317,55375
14204,85317,55376
14205,85317,55377
14206,85317,55378
14207,85317,55379
14208,85317,55380
14209,85317,55381
14210,85317,55382
14211,85317,55383
14212,85317,55384
14213,85317,55385
14214,85317,55386
14215,85317,55387
14216,85317,55388
14217,85317,55389
14218,85317,55390
14219,85317,55391
14220,85317,55392
14221,85317,55393
14222,85317,55394
14223,85317,55395
14224,85317,55396
14225,85317,55397
14226,85317,55398
14227,85317,55399
14228,85317,55400
14229,85317,55401
14230,85317,55402
14231,85317,55403
14232,85317,55404
14233,85317,55405
14234,85317,55406
14235,85317,55407
14236,85317,55408
14237,85317,55409
14238,85317,55410
14239,85317,55411
14240,85317,55412
14241,85317,55413
14242,85317,55414
14243,85317,55415
14244,85317,55416
14245,85317,55417
14246,85317,55418
14247,85317,55419
14248,85317,55420
14249,85317,55421
14250,85317,55422
14251,85317,55423
14252,85317,55424
14253,85317,55425
14254,85317,55426
14255,85317,55427
14256,85317,55428
14257,85317,55429
14258,85317,55430
14259,85317,55431
14260,85317,55432
14261,85317,55433
14262,85317,55434
14263,85317,55435
14264,85317,55436
14265,85317,55437
14266,85317,55438
14267,85317,55439
14268,85317,55440
14269,85317,55441
14270,85317,55442
14271,85317,55443
14272,85317,55444
14273,85318,55320
14274,85318,55321
14275,85318,55322
14276,85318,55323
14277,85318,55324
14278,85318,55325
14279,85318,55326
14280,85318,55327
14281,85318,55328
14282,85318,55329
14283,85318,55330
14284,85318,55331
14285,85318,55332
14286,85318,55333
14287,85318,55334
14288,85318,55335
14289,85318,55336
14290,85318,55337
14291,85318,55338
14292,85318,55339
14293,85318,55340
14294,85318,55341
14295,85318,55342
14296,85318,55343
14297,85318,55344
14298,85318,55345
14299,85318,55346
14300,85318,55347
14301,85318,55348
14302,85318,55349
14303,85318,55350
14304,85318,55351
14305,85318,55352
14306,85318,55353
14307,85318,55354
14308,85318,55355
14309,85318,55356
14310,85318,55357
14311,85318,55358
14312,85318,55359
14313,85318,55360
14314,85318,55361
14315,85318,55362
14316,85318,55363
14317,85318,55364
14318,85318,55365
14319,85318,55366
14320,85318,55367
14321,85318,55368
14322,85318,55369
14323,85318,55370
14324,85318,55371
14325,85318,55372
14326,85318,55373
14327,85318,55374
14328,85318,55375
14329,85318,55376
14330,85318,55377
14331,85318,55378
14332,85318,55379
14333,85318,55380
14334,85318,55381
14335,85318,55382
14336,85318,55383
14337,85318,55384
14338,85318,55385
14339,85318,55386
14340,85318,55387
14341,85318,55388
14342,85318,55389
14343,85318,55390
14344,85318,55391
14345,85318,55392
14346,85318,55393
14347,85318,55394
14348,85318,55395
14349,85318,55396
14350,85318,55397
14351,85318,55398
14352,85318,55399
14353,85318,55400
14354,85318,55401
14355,85318,55402
14356,85318,55403
14357,85318,55404
14358,85318,55405
14359,85318,55406
14360,85318,55407
14361,85318,55408
14362,85318,55409
14363,85318,55410
14364,85318,55411
14365,85318,55412
14366,85318,55413
14367,85318,55414
14368,85318,55415
14369,85318,55416
14370,85318,55417
14371,85318,55418
14372,85318,55419
14373,85318,55420
14374,85318,55421
14375,85318,55422
14376,85318,55423
14377,85318,55424
14378,85318,55425
14379,85318,55426
14380,85318,55427
14381,85318,55428
14382,85318,55429
14383,85318,55430
14384,85318,55431
14385,85318,55432
14386,85318,55433
14387,85318,55434
14388,85318,55435
14389,85318,55436
14390,85318,55437
14391,85318,55438
14392,85318,55439
14393,85318,55440
14394,85318,55441
14395,85318,55442
14396,85318,55443
14397,85318,55444
14398,85319,55320
14399,85319,55321
14400,85319,55322
14401,85319,55323
14402,85319,55324
14403,85319,55325
14404,85319,55326
14405,85319,55327
14406,85319,55328
14407,85319,55329
14408,85319,55330
14409,85319,55331
14410,85319,55332
14411,85319,55333
14412,85319,55334
14413,85319,55335
14414,85319,55336
14415,85319,55337
14416,85319,55338
14417,85319,55339
14418,85319,55340
14419,85319,55341
14420,85319,55342
14421,85319,55343
14422,85319,55344
14423,85319,55345
14424,85319,55346
14425,85319,55347
14426,85319,55348
14427,85319,55349
14428,85319,55350
14429,85319,55351
14430,85319,55352
14431,85319,55353
14432,85319,55354
14433,85319,55355
14434,85319,55356
14435,85319,55357
14436,85319,55358
14437,85319,55359
14438,85319,55360
14439,85319,55361
14440,85319,55362
14441,85319,55363
14442,85319,55364
14443,85319,55365
14444,85319,55366
14445,85319,55367
14446,85319,55368
14447,85319,55369
14448,85319,55370
14449,85319,55371
14450,85319,55372
14451,85319,55373
14452,85319,55374
14453,85319,55375
14454,85319,55376
14455,85319,55377
14456,85319,55378
14457,85319,55379
14458,85319,55380
14459,85319,55381
14460,85319,55382
14461,85319,55383
14462,85319,55384
14463,85319,55385
14464,85319,55386
14465,85319,55387
14466,85319,55388
14467,85319,55389
14468,85319,55390
14469,85319,55391
14470,85319,55392
14471,85319,55393
14472,85319,55394
14473,85319,55395
14474,85319,55396
14475,85319,55397
14476,85319,55398
14477,85319,55399
14478,85319,55400
14479,85319,55401
14480,85319,55402
14481,85319,55403
14482,85319,55404
14483,85319,55405
14484,85319,55406
14485,85319,55407
14486,85319,55408
14487,85319,55409
14488,85319,55410
14489,85319,55411
14490,85319,55412
14491,85319,55413
14492,85319,55414
14493,85319,55415
14494,85319,55416
14495,85319,55417
14496,85319,55418
14497,85319,55419
14498,85319,55420
14499,85319,55421
14500,85319,55422
14501,85319,55423
14502,85319,55424
14503,85319,55425
14504,85319,55426
14505,85319,55427
14506,85319,55428
14507,85319,55429
14508,85319,55430
14509,85319,55431
14510,85319,55432
14511,85319,55433
14512,85319,55434
14513,85319,55435
14514,85319,55436
14515,85319,55437
14516,85319,55438
14517,85319,55439
14518,85319,55440
14519,85319,55441
14520,85319,55442
14521,85319,55443
14522,85319,55444
14523,85319,55445
14524,85319,55446
14525,85319,55447
14526,85319,55448
14527,85320,55320
14528,85320,55321
14529,85320,55322
14530,85320,55323
14531,85320,55324
14532,85320,55325
14533,85320,55326
14534,85320,55327
14535,85320,55328
14536,85320,55329
14537,85320,55330
14538,85320,55331
14539,85320,55332
14540,85320,55333
14541,85320,55334
14542,85320,55335
14543,85320,55336
14544,85320,55337
14545,85320,55338
14546,85320,55339
14547,85320,55340
14548,85320,55341
14549,85320,55342
14550,85320,55343
14551,85320,55344
14552,85320,55345
14553,85320,55346
14554,85320,55347
14555,85320,55348
14556,85320,55349
14557,85320,55350
14558,85320,55351
14559,85320,55352
14560,85320,55353
14561,85320,55354
14562,85320,55355
14563,85320,55356
14564,85320,55357
14565,85320,55358
14566,85320,55359
14567,85320,55360
14568,85320,55361
14569,85320,55362
14570,85320,55363
14571,85320,55364
14572,85320,55365
14573,85320,55366
14574,85320,55367
14575,85320,55368
14576,85320,55369
14577,85320,55370
14578,85320,55371
14579,85320,55372
14580,85320,55373
14581,85320,55374
14582,85320,55375
14583,85320,55376
14584,85320,55377
14585,85320,55378
14586,85320,55379
14587,85320,55380
14588,85320,55381
14589,85320,55382
14590,85320,55383
14591,85320,55384
14592,85320,55385
14593,85320,55386
14594,85320,55387
14595,85320,55388
14596,85320,55389
14597,85320,55390
14598,85320,55391
14599,85320,55392
14600,85320,55393
14601,85320,55394
14602,85320,55395
14603,85320,55396
14604,85320,55397
14605,85320,55398
14606,85320,55399
14607,85320,55400
14608,85320,55401
14609,85320,55402
14610,85320,55403
14611,85320,55404
14612,85320,55405
14613,85320,55406
14614,85320,55407
14615,85320,55408
14616,85320,55409
14617,85320,55410
14618,85320,55411
14619,85320,55412
14620,85320,55413
14621,85320,55414
14622,85320,55415
14623,85320,55416
14624,85320,55417
14625,85320,55418
14626,85320,55419
14627,85320,55420
14628,85320,55421
14629,85320,55422
14630,85320,55423
14631,85320,55424
14632,85320,55425
14633,85320,55426
14634,85320,55427
14635,85320,55428
14636,85320,55429
14637,85320,55430
14638,85320,55431
14639,85320,55432
14640,85320,55433
14641,85320,55434
14642,85320,55435
14643,85320,55436
14644,85320,55437
14645,85320,55438
14646,85320,55439
14647,85320,55440
14648,85320,55441
14649,85320,55442
14650,85320,55443
14651,85320,55444
14652,85320,55445
14653,85320,55446
14654,85320,55447
14655,85320,55448
14656,85320,55449
14657,85321,55320
14658,85321,55321
14659,85321,55322
14660,85321,55323
14661,85321,55324
14662,85321,55325
14663,85321,55326
14664,85321,55327
14665,85321,55328
14666,85321,55329
14667,85321,55330
14668,85321,55331
14669,85321,55332
14670,85321,55333
14671,85321,55334
14672,85321,55335
14673,85321,55336
14674,85321,55337
14675,85321,55338
14676,85321,55339
14677,85321,55340
14678,85321,55341
14679,85321,55342
14680,85321,55343
14681,85321,55344
14682,85321,55345
14683,85321,55346
14684,85321,55347
14685,85321,55348
14686,85321,55349
14687,85321,55350
14688,85321,55351
14689,85321,55352
14690,85321,55353
14691,85321,55354
14692,85321,55355
14693,85321,55356
14694,85321,55357
14695,85321,55358
14696,85321,55359
14697,85321,55360
14698,85321,55361
14699,85321,55362
14700,85321,55363
14701,85321,55364
14702,85321,55365
14703,85321,55366
14704,85321,55367
14705,85321,55368
14706,85321,55369
14707,85321,55370
14708,85321,55371
14709,85321,55372
14710,85321,55373
14711,85321,55374
14712,85321,55375
14713,85321,55376
14714,85321,55377
14715,85321,55378
14716,85321,55379
14717,85321,55380
14718,85321,55381
14719,85321,55382
14720,85321,55383
14721,85321,55384
14722,85321,55385
14723,85321,55386
14724,85321,55387
14725,85321,55388
14726,85321,55389
14727,85321,55390
14728,85321,55391
14729,85321,55392
14730,85321,55393
14731,85321,55394
14732,85321,55395
14733,85321,55396
14734,85321,55397
14735,85321,55398
14736,85321,55399
14737,85321,55400
14738,85321,55401
14739,85321,55402
14740,85321,55403
14741,85321,55404
14742,85321,55405
14743,85321,55406
14744,85321,55407
14745,85321,55408
14746,85321,55409
14747,85321,55410
14748,85321,55411
14749,85321,55412
14750,85321,55413
14751,85321,55414
14752,85321,55415
14753,85321,55416
14754,85321,55417
14755,85321,55418
14756,85321,55419
14757,85321,55420
14758,85321,55421
14759,85321,55422
14760,85321,55423
14761,85321,55424
14762,85321,55425
14763,85321,55426
14764,85321,55427
14765,85321,55428
14766,85321,55429
14767,85321,55430
14768,85321,55431
14769,85321,55432
14770,85321,55433
14771,85321,55434
14772,85321,55435
14773,85321,55436
14774,85321,55437
14775,85321,55438
14776,85321,55439
14777,85321,55440
14778,85321,55441
14779,85321,55442
14780,85321,55443
14781,85321,55444
14782,85321,55445
14783,85321,55446
14784,85321,55447
14785,85321,55448
14786,85321,55449
14787,85321,55450
14788,85321,55451
14789,85322,55320
14790,85322,55321
14791,85322,55322
14792,85322,55323
14793,85322,55324
14794,85322,55325
14795,85322,55326
14796,85322,55327
14797,85322,55328
14798,85322,55329
14799,85322,55330
14800,85322,55331
14801,85322,55332
14802,85322,55333
14803,85322,55334
14804,85322,55335
14805,85322,55336
14806,85322,55337
14807,85322,55338
14808,85322,55339
14809,85322,55340
14810,85322,55341
14811,85322,55342
14812,85322,55343
14813,85322,55344
14814,85322,55345
14815,85322,55346
14816,85322,55347
14817,85322,55348
14818,85322,55349
14819,85322,55350
14820,85322,55351
14821,85322,55352
14822,85322,55353
14823,85322,55354
14824,85322,55355
14825,85322,55356
14826,85322,55357
14827,85322,55358
14828,85322,55359
14829,85322,55360
14830,85322,55361
14831,85322,55362
14832,85322,55363
14833,85322,55364
14834,85322,55365
14835,85322,55366
14836,85322,55367
14837,85322,55368
14838,85322,55369
14839,85322,55370
14840,85322,55371
14841,85322,55372
14842,85322,55373
14843,85322,55374
14844,85322,55375
14845,85322,55376
14846,85322,55377
14847,85322,55378
14848,85322,55379
14849,85322,55380
14850,85322,55381
14851,85322,55382
14852,85322,55383
14853,85322,55384
14854,85322,55385
14855,85322,55386
14856,85322,55387
14857,85322,55388
14858,85322,55389
14859,85322,55390
14860,85322,55391
14861,85322,55392
14862,85322,55393
14863,85322,55394
14864,85322,55395
14865,85322,55396
14866,85322,55397
14867,85322,55398
14868,85322,55399
14869,85322,55400
14870,85322,55401
14871,85322,55402
14872,85322,55403
14873,85322,55404
14874,85322,55405
14875,85322,55406
14876,85322,55407
14877,85322,55408
14878,85322,55409
14879,85322,55410
14880,85322,55411
14881,85322,55412
14882,85322,55413
14883,85322,55414
14884,85322,55415
14885,85322,55416
14886,85322,55417
14887,85322,55418
14888,85322,55419
14889,85322,55420
14890,85322,55421
14891,85322,55422
14892,85322,55423
14893,85322,55424
14894,85322,55425
14895,85322,55426
14896,85322,55427
14897,85322,55428
14898,85322,55429
14899,85322,55430
14900,85322,55431
14901,85322,55432
14902,85322,55433
14903,85322,55434
14904,85322,55435
14905,85322,55436
14906,85322,55437
14907,85322,55438
14908,85322,55439
14909,85322,55440
14910,85322,55441
14911,85322,55442
14912,85322,55443
14913,85322,55444
14914,85322,55445
14915,85322,55446
14916,85322,55447
14917,85322,55448
14918,85322,55449
14919,85322,55450
14920,85322,55451
14921,85322,55452
14922,85323,55320
14923,85323,55321
14924,85323,55322
14925,85323,55323
14926,85323,55324
14927,85323,55325
14928,85323,55326
14929,85323,55327
14930,85323,55328
14931,85323,55329
14932,85323,55330
14933,85323,55331
14934,85323,55332
14935,85323,55333
14936,85323,55334
14937,85323,55335
14938,85323,55336
14939,85323,55337
14940,85323,55338
14941,85323,55339
14942,85323,55340
14943,85323,55341
14944,85323,55342
14945,85323,55343
14946,85323,55344
14947,85323,55345
14948,85323,55346
14949,85323,55347
14950,85323,55348
14951,85323,55349
14952,85323,55350
14953,85323,55351
14954,85323,55352
14955,85323,55353
14956,85323,55354
14957,85323,55355
14958,85323,55356
14959,85323,55357
14960,85323,55358
14961,85323,55359
14962,85323,55360
14963,85323,55361
14964,85323,55362
14965,85323,55363
14966,85323,55364
14967,85323,55365
14968,85323,55366
14969,85323,55367
14970,85323,55368
14971,85323,55369
14972,85323,55370
14973,85323,55371
14974,85323,55372
14975,85323,55373
14976,85323,55374
14977,85323,55375
14978,85323,55376
14979,85323,55377
14980,85323,55378
14981,85323,55379
14982,85323,55380
14983,85323,55381
14984,85323,55382
14985,85323,55383
14986,85323,55384
14987,85323,55385
14988,85323,55386
14989,85323,55387
14990,85323,55388
14991,85323,55389
14992,85323,55390
14993,85323,55391
14994,85323,55392
14995,85323,55393
14996,85323,55394
14997,85323,55395
14998,85323,55396
14999,85323,55397
15000,85323,55398
15001,85323,55399
15002,85323,55400
15003,85323,55401
15004,85323,55402
15005,85323,55403
15006,85323,55404
15007,85323,55405
15008,85323,55406
15009,85323,55407
15010,85323,55408
15011,85323,55409
15012,85323,55410
15013,85323,55411
15014,85323,55412
15015,85323,55413
15016,85323,55414
15017,85323,55415
15018,85323,55416
15019,85323,55417
15020,85323,55418
15021,85323,55419
15022,85323,55420
15023,85323,55421
15024,85323,55422
15025,85323,55423
15026,85323,55424
15027,85323,55425
15028,85323,55426
15029,85323,55427
15030,85323,55428
15031,85323,55429
15032,85323,55430
15033,85323,55431
15034,85323,55432
15035,85323,55433
15036,85323,55434
15037,85323,55435
15038,85323,55436
15039,85323,55437
15040,85323,55438
15041,85323,55439
15042,85323,55440
15043,85323,55441
15044,85323,55442
15045,85323,55443
15046,85323,55444
15047,85323,55445
15048,85323,55446
15049,85323,55447
15050,85323,55448
15051,85323,55449
15052,85323,55450
15053,85323,55451
15054,85323,55452
15055,85323,55453
15056,85323,55454
15057,85324,55320
15058,85324,55321
15059,85324,55322
15060,85324,55323
15061,85324,55324
15062,85324,55325
15063,85324,55326
15064,85324,55327
15065,85324,55328
15066,85324,55329
15067,85324,55330
15068,85324,55331
15069,85324,55332
15070,85324,55333
15071,85324,55334
15072,85324,55335
15073,85324,55336
15074,85324,55337
15075,85324,55338
15076,85324,55339
15077,85324,55340
15078,85324,55341
15079,85324,55342
15080,85324,55343
15081,85324,55344
15082,85324,55345
15083,85324,55346
15084,85324,55347
15085,85324,55348
15086,85324,55349
15087,85324,55350
15088,85324,55351
15089,85324,55352
15090,85324,55353
15091,85324,55354
15092,85324,55355
15093,85324,55356
15094,85324,55357
15095,85324,55358
15096,85324,55359
15097,85324,55360
15098,85324,55361
15099,85324,55362
15100,85324,55363
15101,85324,55364
15102,85324,55365
15103,85324,55366
15104,85324,55367
15105,85324,55368
15106,85324,55369
15107,85324,55370
15108,85324,55371
15109,85324,55372
15110,85324,55373
15111,85324,55374
15112,85324,55375
15113,85324,55376
15114,85324,55377
15115,85324,55378
15116,85324,55379
15117,85324,55380
15118,85324,55381
15119,85324,55382
15120,85324,55383
15121,85324,55384
15122,85324,55385
15123,85324,55386
15124,85324,55387
15125,85324,55388
15126,85324,55389
15127,85324,55390
15128,85324,55391
15129,85324,55392
15130,85324,55393
15131,85324,55394
15132,85324,55395
15133,85324,55396
15134,85324,55397
15135,85324,55398
15136,85324,55399
15137,85324,55400
15138,85324,55401
15139,85324,55402
15140,85324,55403
15141,85324,55404
15142,85324,55405
15143,85324,55406
15144,85324,55407
15145,85324,55408
15146,85324,55409
15147,85324,55410
15148,85324,55411
15149,85324,55412
15150,85324,55413
15151,85324,55414
15152,85324,55415
15153,85324,55416
15154,85324,55417
15155,85324,55418
15156,85324,55419
15157,85324,55420
15158,85324,55421
15159,85324,55422
15160,85324,55423
15161,85324,55424
15162,85324,55425
15163,85324,55426
15164,85324,55427
15165,85324,55428
15166,85324,55429
15167,85324,55430
15168,85324,55431
15169,85324,55432
15170,85324,55433
15171,85324,55434
15172,85324,55435
15173,85324,55436
15174,85324,55437
15175,85324,55438
15176,85324,55439
15177,85324,55440
15178,85324,55441
15179,85324,55442
15180,85324,55443
15181,85324,55444
15182,85324,55445
15183,85324,55446
15184,85324,55447
15185,85324,55448
15186,85324,55449
15187,85324,55450
15188,85324,55451
15189,85324,55452
15190,85324,55453
15191,85324,55454
15192,85324,55455
15193,85324,55456
15194,85325,55320
15195,85325,55321
15196,85325,55322
15197,85325,55323
15198,85325,55324
15199,85325,55325
15200,85325,55326
15201,85325,55327
15202,85325,55328
15203,85325,55329
15204,85325,55330
15205,85325,55331
15206,85325,55332
15207,85325,55333
15208,85325,55334
15209,85325,55335
15210,85325,55336
15211,85325,55337
15212,85325,55338
15213,85325,55339
15214,85325,55340
15215,85325,55341
15216,85325,55342
15217,85325,55343
15218,85325,55344
15219,85325,55345
15220,85325,55346
15221,85325,55347
15222,85325,55348
15223,85325,55349
15224,85325,55350
15225,85325,55351
15226,85325,55352
15227,85325,55353
15228,85325,55354
15229,85325,55355
15230,85325,55356
15231,85325,55357
15232,85325,55358
15233,85325,55359
15234,85325,55360
15235,85325,55361
15236,85325,55362
15237,85325,55363
15238,85325,55364
15239,85325,55365
15240,85325,55366
15241,85325,55367
15242,85325,55368
15243,85325,55369
15244,85325,55370
15245,85325,55371
15246,85325,55372
15247,85325,55373
15248,85325,55374
15249,85325,55375
15250,85325,55376
15251,85325,55377
15252,85325,55378
15253,85325,55379
15254,85325,55380
15255,85325,55381
15256,85325,55382
15257,85325,55383
15258,85325,55384
15259,85325,55385
15260,85325,55386
15261,85325,55387
15262,85325,55388
15263,85325,55389
15264,85325,55390
15265,85325,55391
15266,85325,55392
15267,85325,55393
15268,85325,55394
15269,85325,55395
15270,85325,55396
15271,85325,55397
15272,85325,55398
15273,85325,55399
15274,85325,55400
15275,85325,55401
15276,85325,55402
15277,85325,55403
15278,85325,55404
15279,85325,55405
15280,85325,55406
15281,85325,55407
15282,85325,55408
15283,85325,55409
15284,85325,55410
15285,85325,55411
15286,85325,55412
15287,85325,55413
15288,85325,55414
15289,85325,55415
15290,85325,55416
15291,85325,55417
15292,85325,55418
15293,85325,55419
15294,85325,55420
15295,85325,55421
15296,85325,55422
15297,85325,55423
15298,85325,55424
15299,85325,55425
15300,85325,55426
15301,85325,55427
15302,85325,55428
15303,85325,55429
15304,85325,55430
15305,85325,55431
15306,85325,55432
15307,85325,55433
15308,85325,55434
15309,85325,55435
15310,85325,55436
15311,85325,55437
15312,85325,55438
15313,85325,55439
15314,85325,55440
15315,85325,55441
15316,85325,55442
15317,85325,55443
15318,85325,55444
15319,85325,55445
15320,85325,55446
15321,85325,55447
15322,85325,55448
15323,85325,55449
15324,85325,55450
15325,85325,55451
15326,85325,55452
15327,85325,55453
15328,85325,55454
15329,85325,55455
15330,85325,55456
15331,85325,55457
15332,85325,55458
15333,85326,55320
15334,85326,55321
15335,85326,55322
15336,85326,55323
15337,85326,55324
15338,85326,55325
15339,85326,55326
15340,85326,55327
15341,85326,55328
15342,85326,55329
15343,85326,55330
15344,85326,55331
15345,85326,55332
15346,85326,55333
15347,85326,55334
15348,85326,55335
15349,85326,55336
15350,85326,55337
15351,85326,55338
15352,85326,55339
15353,85326,55340
15354,85326,55341
15355,85326,55342
15356,85326,55343
15357,85326,55344
15358,85326,55345
15359,85326,55346
15360,85326,55347
15361,85326,55348
15362,85326,55349
15363,85326,55350
15364,85326,55351
15365,85326,55352
15366,85326,55353
15367,85326,55354
15368,85326,55355
15369,85326,55356
15370,85326,55357
15371,85326,55358
15372,85326,55359
15373,85326,55360
15374,85326,55361
15375,85326,55362
15376,85326,55363
15377,85326,55364
15378,85326,55365
15379,85326,55366
15380,85326,55367
15381,85326,55368
15382,85326,55369
15383,85326,55370
15384,85326,55371
15385,85326,55372
15386,85326,55373
15387,85326,55374
15388,85326,55375
15389,85326,55376
15390,85326,55377
15391,85326,55378
15392,85326,55379
15393,85326,55380
15394,85326,55381
15395,85326,55382
15396,85326,55383
15397,85326,55384
15398,85326,55385
15399,85326,55386
15400,85326,55387
15401,85326,55388
15402,85326,55389
15403,85326,55390
15404,85326,55391
15405,85326,55392
15406,85326,55393
15407,85326,55394
15408,85326,55395
15409,85326,55396
15410,85326,55397
15411,85326,55398
15412,85326,55399
15413,85326,55400
15414,85326,55401
15415,85326,55402
15416,85326,55403
15417,85326,55404
15418,85326,55405
15419,85326,55406
15420,85326,55407
15421,85326,55408
15422,85326,55409
15423,85326,55410
15424,85326,55411
15425,85326,55412
15426,85326,55413
15427,85326,55414
15428,85326,55415
15429,85326,55416
15430,85326,55417
15431,85326,55418
15432,85326,55419
15433,85326,55420
15434,85326,55421
15435,85326,55422
15436,85326,55423
15437,85326,55424
15438,85326,55425
15439,85326,55426
15440,85326,55427
15441,85326,55428
15442,85326,55429
15443,85326,55430
15444,85326,55431
15445,85326,55432
15446,85326,55433
15447,85326,55434
15448,85326,55435
15449,85326,55436
15450,85326,55437
15451,85326,55438
15452,85326,55439
15453,85326,55440
15454,85326,55441
15455,85326,55442
15456,85326,55443
15457,85326,55444
15458,85326,55445
15459,85326,55446
15460,85326,55447
15461,85326,55448
15462,85326,55449
15463,85326,55450
15464,85326,55451
15465,85326,55452
15466,85326,55453
15467,85326,55454
15468,85326,55455
15469,85326,55456
15470,85326,55457
15471,85326,55458
15472,85326,55459
15473,85326,55460
15474,85327,55320
15475,85327,55321
15476,85327,55322
15477,85327,55323
15478,85327,55324
15479,85327,55325
15480,85327,55326
15481,85327,55327
15482,85327,55328
15483,85327,55329
15484,85327,55330
15485,85327,55331
15486,85327,55332
15487,85327,55333
15488,85327,55334
15489,85327,55335
15490,85327,55336
15491,85327,55337
15492,85327,55338
15493,85327,55339
15494,85327,55340
15495,85327,55341
15496,85327,55342
15497,85327,55343
15498,85327,55344
15499,85327,55345
15500,85327,55346
15501,85327,55347
15502,85327,55348
15503,85327,55349
15504,85327,55350
15505,85327,55351
15506,85327,55352
15507,85327,55353
15508,85327,55354
15509,85327,55355
15510,85327,55356
15511,85327,55357
15512,85327,55358
15513,85327,55359
15514,85327,55360
15515,85327,55361
15516,85327,55362
15517,85327,55363
15518,85327,55364
15519,85327,55365
15520,85327,55366
15521,85327,55367
15522,85327,55368
15523,85327,55369
15524,85327,55370
15525,85327,55371
15526,85327,55372
15527,85327,55373
15528,85327,55374
15529,85327,55375
15530,85327,55376
15531,85327,55377
15532,85327,55378
15533,85327,55379
15534,85327,55380
15535,85327,55381
15536,85327,55382
15537,85327,55383
15538,85327,55384
15539,85327,55385
15540,85327,55386
15541,85327,55387
15542,85327,55388
15543,85327,55389
15544,85327,55390
15545,85327,55391
15546,85327,55392
15547,85327,55393
15548,85327,55394
15549,85327,55395
15550,85327,55396
15551,85327,55397
15552,85327,55398
15553,85327,55399
15554,85327,55400
15555,85327,55401
15556,85327,55402
15557,85327,55403
15558,85327,55404
15559,85327,55405
15560,85327,55406
15561,85327,55407
15562,85327,55408
15563,85327,55409
15564,85327,55410
15565,85327,55411
15566,85327,55412
15567,85327,55413
15568,85327,55414
15569,85327,55415
15570,85327,55416
15571,85327,55417
15572,85327,55418
15573,85327,55419
15574,85327,55420
15575,85327,55421
15576,85327,55422
15577,85327,55423
15578,85327,55424
15579,85327,55425
15580,85327,55426
15581,85327,55427
15582,85327,55428
15583,85327,55429
15584,85327,55430
15585,85327,55431
15586,85327,55432
15587,85327,55433
15588,85327,55434
15589,85327,55435
15590,85327,55436
15591,85327,55437
15592,85327,55438
15593,85327,55439
15594,85327,55440
15595,85327,55441
15596,85327,55442
15597,85327,55443
15598,85327,55444
15599,85327,55445
15600,85327,55446
15601,85327,55447
15602,85327,55448
15603,85327,55449
15604,85327,55450
15605,85327,55451
15606,85327,55452
15607,85327,55453
15608,85327,55454
15609,85327,55455
15610,85327,55456
15611,85327,55457
15612,85327,55458
15613,85327,55459
15614,85327,55460
15615,85327,55461
15616,85328,55320
15617,85328,55321
15618,85328,55322
15619,85328,55323
15620,85328,55324
15621,85328,55325
15622,85328,55326
15623,85328,55327
15624,85328,55328
15625,85328,55329
15626,85328,55330
15627,85328,55331
15628,85328,55332
15629,85328,55333
15630,85328,55334
15631,85328,55335
15632,85328,55336
15633,85328,55337
15634,85328,55338
15635,85328,55339
15636,85328,55340
15637,85328,55341
15638,85328,55342
15639,85328,55343
15640,85328,55344
15641,85328,55345
15642,85328,55346
15643,85328,55347
15644,85328,55348
15645,85328,55349
15646,85328,55350
15647,85328,55351
15648,85328,55352
15649,85328,55353
15650,85328,55354
15651,85328,55355
15652,85328,55356
15653,85328,55357
15654,85328,55358
15655,85328,55359
15656,85328,55360
15657,85328,55361
15658,85328,55362
15659,85328,55363
15660,85328,55364
15661,85328,55365
15662,85328,55366
15663,85328,55367
15664,85328,55368
15665,85328,55369
15666,85328,55370
15667,85328,55371
15668,85328,55372
15669,85328,55373
15670,85328,55374
15671,85328,55375
15672,85328,55376
15673,85328,55377
15674,85328,55378
15675,85328,55379
15676,85328,55380
15677,85328,55381
15678,85328,55382
15679,85328,55383
15680,85328,55384
15681,85328,55385
15682,85328,55386
15683,85328,55387
15684,85328,55388
15685,85328,55389
15686,85328,55390
15687,85328,55391
15688,85328,55392
15689,85328,55393
15690,85328,55394
15691,85328,55395
15692,85328,55396
15693,85328,55397
15694,85328,55398
15695,85328,55399
15696,85328,55400
15697,85328,55401
15698,85328,55402
15699,85328,55403
15700,85328,55404
15701,85328,55405
15702,85328,55406
15703,85328,55407
15704,85328,55408
15705,85328,55409
15706,85328,55410
15707,85328,55411
15708,85328,55412
15709,85328,55413
15710,85328,55414
15711,85328,55415
15712,85328,55416
15713,85328,55417
15714,85328,55418
15715,85328,55419
15716,85328,55420
15717,85328,55421
15718,85328,55422
15719,85328,55423
15720,85328,55424
15721,85328,55425
15722,85328,55426
15723,85328,55427
15724,85328,55428
15725,85328,55429
15726,85328,55430
15727,85328,55431
15728,85328,55432
15729,85328,55433
15730,85328,55434
15731,85328,55435
15732,85328,55436
15733,85328,55437
15734,85328,55438
15735,85328,55439
15736,85328,55440
15737,85328,55441
15738,85328,55442
15739,85328,55443
15740,85328,55444
15741,85328,55445
15742,85328,55446
15743,85328,55447
15744,85328,55448
15745,85328,55449
15746,85328,55450
15747,85328,55451
15748,85328,55452
15749,85328,55453
15750,85328,55454
15751,85328,55455
15752,85328,55456
15753,85328,55457
15754,85328,55458
15755,85328,55459
15756,85328,55460
15757,85328,55461
15758,85328,55462
15759,85329,55320
15760,85329,55321
15761,85329,55322
15762,85329,55323
15763,85329,55324
15764,85329,55325
15765,85329,55326
15766,85329,55327
15767,85329,55328
15768,85329,55329
15769,85329,55330
15770,85329,55331
15771,85329,55332
15772,85329,55333
15773,85329,55334
15774,85329,55335
15775,85329,55336
15776,85329,55337
15777,85329,55338
15778,85329,55339
15779,85329,55340
15780,85329,55341
15781,85329,55342
15782,85329,55343
15783,85329,55344
15784,85329,55345
15785,85329,55346
15786,85329,55347
15787,85329,55348
15788,85329,55349
15789,85329,55350
15790,85329,55351
15791,85329,55352
15792,85329,55353
15793,85329,55354
15794,85329,55355
15795,85329,55356
15796,85329,55357
15797,85329,55358
15798,85329,55359
15799,85329,55360
15800,85329,55361
15801,85329,55362
15802,85329,55363
15803,85329,55364
15804,85329,55365
15805,85329,55366
15806,85329,55367
15807,85329,55368
15808,85329,55369
15809,85329,55370
15810,85329,55371
15811,85329,55372
15812,85329,55373
15813,85329,55374
15814,85329,55375
15815,85329,55376
15816,85329,55377
15817,85329,55378
15818,85329,55379
15819,85329,55380
15820,85329,55381
15821,85329,55382
15822,85329,55383
15823,85329,55384
15824,85329,55385
15825,85329,55386
15826,85329,55387
15827,85329,55388
15828,85329,55389
15829,85329,55390
15830,85329,55391
15831,85329,55392
15832,85329,55393
15833,85329,55394
15834,85329,55395
15835,85329,55396
15836,85329,55397
15837,85329,55398
15838,85329,55399
15839,85329,55400
15840,85329,55401
15841,85329,55402
15842,85329,55403
15843,85329,55404
15844,85329,55405
15845,85329,55406
15846,85329,55407
15847,85329,55408
15848,85329,55409
15849,85329,55410
15850,85329,55411
15851,85329,55412
15852,85329,55413
15853,85329,55414
15854,85329,55415
15855,85329,55416
15856,85329,55417
15857,85329,55418
15858,85329,55419
15859,85329,55420
15860,85329,55421
15861,85329,55422
15862,85329,55423
15863,85329,55424
15864,85329,55425
15865,85329,55426
15866,85329,55427
15867,85329,55428
15868,85329,55429
15869,85329,55430
15870,85329,55431
15871,85329,55432
15872,85329,55433
15873,85329,55434
15874,85329,55435
15875,85329,55436
15876,85329,55437
15877,85329,55438
15878,85329,55439
15879,85329,55440
15880,85329,55441
15881,85329,55442
15882,85329,55443
15883,85329,55444
15884,85329,55445
15885,85329,55446
15886,85329,55447
15887,85329,55448
15888,85329,55449
15889,85329,55450
15890,85329,55451
15891,85329,55452
15892,85329,55453
15893,85329,55454
15894,85329,55455
15895,85329,55456
15896,85329,55457
15897,85329,55458
15898,85329,55459
15899,85329,55460
15900,85329,55461
15901,85329,55462
15902,85329,55463
15903,85329,55464
15904,85330,55320
15905,85330,55321
15906,85330,55322
15907,85330,55323
15908,85330,55324
15909,85330,55325
15910,85330,55326
15911,85330,55327
15912,85330,55328
15913,85330,55329
15914,85330,55330
15915,85330,55331
15916,85330,55332
15917,85330,55333
15918,85330,55334
15919,85330,55335
15920,85330,55336
15921,85330,55337
15922,85330,55338
15923,85330,55339
15924,85330,55340
15925,85330,55341
15926,85330,55342
15927,85330,55343
15928,85330,55344
15929,85330,55345
15930,85330,55346
15931,85330,55347
15932,85330,55348
15933,85330,55349
15934,85330,55350
15935,85330,55351
15936,85330,55352
15937,85330,55353
15938,85330,55354
15939,85330,55355
15940,85330,55356
15941,85330,55357
15942,85330,55358
15943,85330,55359
15944,85330,55360
15945,85330,55361
15946,85330,55362
15947,85330,55363
15948,85330,55364
15949,85330,55365
15950,85330,55366
15951,85330,55367
15952,85330,55368
15953,85330,55369
15954,85330,55370
15955,85330,55371
15956,85330,55372
15957,85330,55373
15958,85330,55374
15959,85330,55375
15960,85330,55376
15961,85330,55377
15962,85330,55378
15963,85330,55379
15964,85330,55380
15965,85330,55381
15966,85330,55382
15967,85330,55383
15968,85330,55384
15969,85330,55385
15970,85330,55386
15971,85330,55387
15972,85330,55388
15973,85330,55389
15974,85330,55390
15975,85330,55391
15976,85330,55392
15977,85330,55393
15978,85330,55394
15979,85330,55395
15980,85330,55396
15981,85330,55397
15982,85330,55398
15983,85330,55399
15984,85330,55400
15985,85330,55401
15986,85330,55402
15987,85330,55403
15988,85330,55404
15989,85330,55405
15990,85330,55406
15991,85330,55407
15992,85330,55408
15993,85330,55409
15994,85330,55410
15995,85330,55411
15996,85330,55412
15997,85330,55413
15998,85330,55414
15999,85330,55415
16000,85330,55416
16001,85330,55417
16002,85330,55418
16003,85330,55419
16004,85330,55420
16005,85330,55421
16006,85330,55422
16007,85330,55423
16008,85330,55424
16009,85330,55425
16010,85330,55426
16011,85330,55427
16012,85330,55428
16013,85330,55429
16014,85330,55430
16015,85330,55431
16016,85330,55432
16017,85330,55433
16018,85330,55434
16019,85330,55435
16020,85330,55436
16021,85330,55437
16022,85330,55438
16023,85330,55439
16024,85330,55440
16025,85330,55441
16026,85330,55442
16027,85330,55443
16028,85330,55444
16029,85330,55445
16030,85330,55446
16031,85330,55447
16032,85330,55448
16033,85330,55449
16034,85330,55450
16035,85330,55451
16036,85330,55452
16037,85330,55453
16038,85330,55454
16039,85330,55455
16040,85330,55456
16041,85330,55457
16042,85330,55458
16043,85330,55459
16044,85330,55460
16045,85330,55461
16046,85330,55462
16047,85330,55463
16048,85330,55464
16049,85330,55465
16050,85330,55466
16051,85330,55467
16052,85331,55320
16053,85331,55321
16054,85331,55322
16055,85331,55323
16056,85331,55324
16057,85331,55325
16058,85331,55326
16059,85331,55327
16060,85331,55328
16061,85331,55329
16062,85331,55330
16063,85331,55331
16064,85331,55332
16065,85331,55333
16066,85331,55334
16067,85331,55335
16068,85331,55336
16069,85331,55337
16070,85331,55338
16071,85331,55339
16072,85331,55340
16073,85331,55341
16074,85331,55342
16075,85331,55343
16076,85331,55344
16077,85331,55345
16078,85331,55346
16079,85331,55347
16080,85331,55348
16081,85331,55349
16082,85331,55350
16083,85331,55351
16084,85331,55352
16085,85331,55353
16086,85331,55354
16087,85331,55355
16088,85331,55356
16089,85331,55357
16090,85331,55358
16091,85331,55359
16092,85331,55360
16093,85331,55361
16094,85331,55362
16095,85331,55363
16096,85331,55364
16097,85331,55365
16098,85331,55366
16099,85331,55367
16100,85331,55368
16101,85331,55369
16102,85331,55370
16103,85331,55371
16104,85331,55372
16105,85331,55373
16106,85331,55374
16107,85331,55375
16108,85331,55376
16109,85331,55377
16110,85331,55378
16111,85331,55379
16112,85331,55380
16113,85331,55381
16114,85331,55382
16115,85331,55383
16116,85331,55384
16117,85331,55385
16118,85331,55386
16119,85331,55387
16120,85331,55388
16121,85331,55389
16122,85331,55390
16123,85331,55391
16124,85331,55392
16125,85331,55393
16126,85331,55394
16127,85331,55395
16128,85331,55396
16129,85331,55397
16130,85331,55398
16131,85331,55399
16132,85331,55400
16133,85331,55401
16134,85331,55402
16135,85331,55403
16136,85331,55404
16137,85331,55405
16138,85331,55406
16139,85331,55407
16140,85331,55408
16141,85331,55409
16142,85331,55410
16143,85331,55411
16144,85331,55412
16145,85331,55413
16146,85331,55414
16147,85331,55415
16148,85331,55416
16149,85331,55417
16150,85331,55418
16151,85331,55419
16152,85331,55420
16153,85331,55421
16154,85331,55422
16155,85331,55423
16156,85331,55424
16157,85331,55425
16158,85331,55426
16159,85331,55427
16160,85331,55428
16161,85331,55429
16162,85331,55430
16163,85331,55431
16164,85331,55432
16165,85331,55433
16166,85331,55434
16167,85331,55435
16168,85331,55436
16169,85331,55437
16170,85331,55438
16171,85331,55439
16172,85331,55440
16173,85331,55441
16174,85331,55442
16175,85331,55443
16176,85331,55444
16177,85331,55445
16178,85331,55446
16179,85331,55447
16180,85331,55448
16181,85331,55449
16182,85331,55450
16183,85331,55451
16184,85331,55452
16185,85331,55453
16186,85331,55454
16187,85331,55455
16188,85331,55456
16189,85331,55457
16190,85331,55458
16191,85331,55459
16192,85331,55460
16193,85331,55461
16194,85331,55462
16195,85331,55463
16196,85331,55464
16197,85331,55465
16198,85331,55466
16199,85331,55467
16200,85331,55468
16201,85331,55469
16202,85332,55320
16203,85332,55321
16204,85332,55322
16205,85332,55323
16206,85332,55324
16207,85332,55325
16208,85332,55326
16209,85332,55327
16210,85332,55328
16211,85332,55329
16212,85332,55330
16213,85332,55331
16214,85332,55332
16215,85332,55333
16216,85332,55334
16217,85332,55335
16218,85332,55336
16219,85332,55337
16220,85332,55338
16221,85332,55339
16222,85332,55340
16223,85332,55341
16224,85332,55342
16225,85332,55343
16226,85332,55344
16227,85332,55345
16228,85332,55346
16229,85332,55347
16230,85332,55348
16231,85332,55349
16232,85332,55350
16233,85332,55351
16234,85332,55352
16235,85332,55353
16236,85332,55354
16237,85332,55355
16238,85332,55356
16239,85332,55357
16240,85332,55358
16241,85332,55359
16242,85332,55360
16243,85332,55361
16244,85332,55362
16245,85332,55363
16246,85332,55364
16247,85332,55365
16248,85332,55366
16249,85332,55367
16250,85332,55368
16251,85332,55369
16252,85332,55370
16253,85332,55371
16254,85332,55372
16255,85332,55373
16256,85332,55374
16257,85332,55375
16258,85332,55376
16259,85332,55377
16260,85332,55378
16261,85332,55379
16262,85332,55380
16263,85332,55381
16264,85332,55382
16265,85332,55383
16266,85332,55384
16267,85332,55385
16268,85332,55386
16269,85332,55387
16270,85332,55388
16271,85332,55389
16272,85332,55390
16273,85332,55391
16274,85332,55392
16275,85332,55393
16276,85332,55394
16277,85332,55395
16278,85332,55396
16279,85332,55397
16280,85332,55398
16281,85332,55399
16282,85332,55400
16283,85332,55401
16284,85332,55402
16285,85332,55403
16286,85332,55404
16287,85332,55405
16288,85332,55406
16289,85332,55407
16290,85332,55408
16291,85332,55409
16292,85332,55410
16293,85332,55411
16294,85332,55412
16295,85332,55413
16296,85332,55414
16297,85332,55415
16298,85332,55416
16299,85332,55417
16300,85332,55418
16301,85332,55419
16302,85332,55420
16303,85332,55421
16304,85332,55422
16305,85332,55423
16306,85332,55424
16307,85332,55425
16308,85332,55426
16309,85332,55427
16310,85332,55428
16311,85332,55429
16312,85332,55430
16313,85332,55431
16314,85332,55432
16315,85332,55433
16316,85332,55434
16317,85332,55435
16318,85332,55436
16319,85332,55437
16320,85332,55438
16321,85332,55439
16322,85332,55440
16323,85332,55441
16324,85332,55442
16325,85332,55443
16326,85332,55444
16327,85332,55445
16328,85332,55446
16329,85332,55447
16330,85332,55448
16331,85332,55449
16332,85332,55450
16333,85332,55451
16334,85332,55452
16335,85332,55453
16336,85332,55454
16337,85332,55455
16338,85332,55456
16339,85332,55457
16340,85332,55458
16341,85332,55459
16342,85332,55460
16343,85332,55461
16344,85332,55462
16345,85332,55463
16346,85332,55464
16347,85332,55465
16348,85332,55466
16349,85332,55467
16350,85332,55468
16351,85332,55469
16352,85332,55470
16353,85332,55471
16354,85332,55472
16355,85333,55320
16356,85333,55321
16357,85333,55322
16358,85333,55323
16359,85333,55324
16360,85333,55325
16361,85333,55326
16362,85333,55327
16363,85333,55328
16364,85333,55329
16365,85333,55330
16366,85333,55331
16367,85333,55332
16368,85333,55333
16369,85333,55334
16370,85333,55335
16371,85333,55336
16372,85333,55337
16373,85333,55338
16374,85333,55339
16375,85333,55340
16376,85333,55341
16377,85333,55342
16378,85333,55343
16379,85333,55344
16380,85333,55345
16381,85333,55346
16382,85333,55347
16383,85333,55348
16384,85333,55349
16385,85333,55350
16386,85333,55351
16387,85333,55352
16388,85333,55353
16389,85333,55354
16390,85333,55355
16391,85333,55356
16392,85333,55357
16393,85333,55358
16394,85333,55359
16395,85333,55360
16396,85333,55361
16397,85333,55362
16398,85333,55363
16399,85333,55364
16400,85333,55365
16401,85333,55366
16402,85333,55367
16403,85333,55368
16404,85333,55369
16405,85333,55370
16406,85333,55371
16407,85333,55372
16408,85333,55373
16409,85333,55374
16410,85333,55375
16411,85333,55376
16412,85333,55377
16413,85333,55378
16414,85333,55379
16415,85333,55380
16416,85333,55381
16417,85333,55382
16418,85333,55383
16419,85333,55384
16420,85333,55385
16421,85333,55386
16422,85333,55387
16423,85333,55388
16424,85333,55389
16425,85333,55390
16426,85333,55391
16427,85333,55392
16428,85333,55393
16429,85333,55394
16430,85333,55395
16431,85333,55396
16432,85333,55397
16433,85333,55398
16434,85333,55399
16435,85333,55400
16436,85333,55401
16437,85333,55402
16438,85333,55403
16439,85333,55404
16440,85333,55405
16441,85333,55406
16442,85333,55407
16443,85333,55408
16444,85333,55409
16445,85333,55410
16446,85333,55411
16447,85333,55412
16448,85333,55413
16449,85333,55414
16450,85333,55415
16451,85333,55416
16452,85333,55417
16453,85333,55418
16454,85333,55419
16455,85333,55420
16456,85333,55421
16457,85333,55422
16458,85333,55423
16459,85333,55424
16460,85333,55425
16461,85333,55426
16462,85333,55427
16463,85333,55428
16464,85333,55429
16465,85333,55430
16466,85333,55431
16467,85333,55432
16468,85333,55433
16469,85333,55434
16470,85333,55435
16471,85333,55436
16472,85333,55437
16473,85333,55438
16474,85333,55439
16475,85333,55440
16476,85333,55441
16477,85333,55442
16478,85333,55443
16479,85333,55444
16480,85333,55445
16481,85333,55446
16482,85333,55447
16483,85333,55448
16484,85333,55449
16485,85333,55450
16486,85333,55451
16487,85333,55452
16488,85333,55453
16489,85333,55454
16490,85333,55455
16491,85333,55456
16492,85333,55457
16493,85333,55458
16494,85333,55459
16495,85333,55460
16496,85333,55461
16497,85333,55462
16498,85333,55463
16499,85333,55464
16500,85333,55465
16501,85333,55466
16502,85333,55467
16503,85333,55468
16504,85333,55469
16505,85333,55470
16506,85333,55471
16507,85333,55472
16508,85333,55473
16509,85334,55320
16510,85334,55321
16511,85334,55322
16512,85334,55323
16513,85334,55324
16514,85334,55325
16515,85334,55326
16516,85334,55327
16517,85334,55328
16518,85334,55329
16519,85334,55330
16520,85334,55331
16521,85334,55332
16522,85334,55333
16523,85334,55334
16524,85334,55335
16525,85334,55336
16526,85334,55337
16527,85334,55338
16528,85334,55339
16529,85334,55340
16530,85334,55341
16531,85334,55342
16532,85334,55343
16533,85334,55344
16534,85334,55345
16535,85334,55346
16536,85334,55347
16537,85334,55348
16538,85334,55349
16539,85334,55350
16540,85334,55351
16541,85334,55352
16542,85334,55353
16543,85334,55354
16544,85334,55355
16545,85334,55356
16546,85334,55357
16547,85334,55358
16548,85334,55359
16549,85334,55360
16550,85334,55361
16551,85334,55362
16552,85334,55363
16553,85334,55364
16554,85334,55365
16555,85334,55366
16556,85334,55367
16557,85334,55368
16558,85334,55369
16559,85334,55370
16560,85334,55371
16561,85334,55372
16562,85334,55373
16563,85334,55374
16564,85334,55375
16565,85334,55376
16566,85334,55377
16567,85334,55378
16568,85334,55379
16569,85334,55380
16570,85334,55381
16571,85334,55382
16572,85334,55383
16573,85334,55384
16574,85334,55385
16575,85334,55386
16576,85334,55387
16577,85334,55388
16578,85334,55389
16579,85334,55390
16580,85334,55391
16581,85334,55392
16582,85334,55393
16583,85334,55394
16584,85334,55395
16585,85334,55396
16586,85334,55397
16587,85334,55398
16588,85334,55399
16589,85334,55400
16590,85334,55401
16591,85334,55402
16592,85334,55403
16593,85334,55404
16594,85334,55405
16595,85334,55406
16596,85334,55407
16597,85334,55408
16598,85334,55409
16599,85334,55410
16600,85334,55411
16601,85334,55412
16602,85334,55413
16603,85334,55414
16604,85334,55415
16605,85334,55416
16606,85334,55417
16607,85334,55418
16608,85334,55419
16609,85334,55420
16610,85334,55421
16611,85334,55422
16612,85334,55423
16613,85334,55424
16614,85334,55425
16615,85334,55426
16616,85334,55427
16617,85334,55428
16618,85334,55429
16619,85334,55430
16620,85334,55431
16621,85334,55432
16622,85334,55433
16623,85334,55434
16624,85334,55435
16625,85334,55436
16626,85334,55437
16627,85334,55438
16628,85334,55439
16629,85334,55440
16630,85334,55441
16631,85334,55442
16632,85334,55443
16633,85334,55444
16634,85334,55445
16635,85334,55446
16636,85334,55447
16637,85334,55448
16638,85334,55449
16639,85334,55450
16640,85334,55451
16641,85334,55452
16642,85334,55453
16643,85334,55454
16644,85334,55455
16645,85334,55456
16646,85334,55457
16647,85334,55458
16648,85334,55459
16649,85334,55460
16650,85334,55461
16651,85334,55462
16652,85334,55463
16653,85334,55464
16654,85334,55465
16655,85334,55466
16656,85334,55467
16657,85334,55468
16658,85334,55469
16659,85334,55470
16660,85334,55471
16661,85334,55472
16662,85334,55473
16663,85334,55474
16664,85335,55320
16665,85335,55321
16666,85335,55322
16667,85335,55323
16668,85335,55324
16669,85335,55325
16670,85335,55326
16671,85335,55327
16672,85335,55328
16673,85335,55329
16674,85335,55330
16675,85335,55331
16676,85335,55332
16677,85335,55333
16678,85335,55334
16679,85335,55335
16680,85335,55336
16681,85335,55337
16682,85335,55338
16683,85335,55339
16684,85335,55340
16685,85335,55341
16686,85335,55342
16687,85335,55343
16688,85335,55344
16689,85335,55345
16690,85335,55346
16691,85335,55347
16692,85335,55348
16693,85335,55349
16694,85335,55350
16695,85335,55351
16696,85335,55352
16697,85335,55353
16698,85335,55354
16699,85335,55355
16700,85335,55356
16701,85335,55357
16702,85335,55358
16703,85335,55359
16704,85335,55360
16705,85335,55361
16706,85335,55362
16707,85335,55363
16708,85335,55364
16709,85335,55365
16710,85335,55366
16711,85335,55367
16712,85335,55368
16713,85335,55369
16714,85335,55370
16715,85335,55371
16716,85335,55372
16717,85335,55373
16718,85335,55374
16719,85335,55375
16720,85335,55376
16721,85335,55377
16722,85335,55378
16723,85335,55379
16724,85335,55380
16725,85335,55381
16726,85335,55382
16727,85335,55383
16728,85335,55384
16729,85335,55385
16730,85335,55386
16731,85335,55387
16732,85335,55388
16733,85335,55389
16734,85335,55390
16735,85335,55391
16736,85335,55392
16737,85335,55393
16738,85335,55394
16739,85335,55395
16740,85335,55396
16741,85335,55397
16742,85335,55398
16743,85335,55399
16744,85335,55400
16745,85335,55401
16746,85335,55402
16747,85335,55403
16748,85335,55404
16749,85335,55405
16750,85335,55406
16751,85335,55407
16752,85335,55408
16753,85335,55409
16754,85335,55410
16755,85335,55411
16756,85335,55412
16757,85335,55413
16758,85335,55414
16759,85335,55415
16760,85335,55416
16761,85335,55417
16762,85335,55418
16763,85335,55419
16764,85335,55420
16765,85335,55421
16766,85335,55422
16767,85335,55423
16768,85335,55424
16769,85335,55425
16770,85335,55426
16771,85335,55427
16772,85335,55428
16773,85335,55429
16774,85335,55430
16775,85335,55431
16776,85335,55432
16777,85335,55433
16778,85335,55434
16779,85335,55435
16780,85335,55436
16781,85335,55437
16782,85335,55438
16783,85335,55439
16784,85335,55440
16785,85335,55441
16786,85335,55442
16787,85335,55443
16788,85335,55444
16789,85335,55445
16790,85335,55446
16791,85335,55447
16792,85335,55448
16793,85335,55449
16794,85335,55450
16795,85335,55451
16796,85335,55452
16797,85335,55453
16798,85335,55454
16799,85335,55455
16800,85335,55456
16801,85335,55457
16802,85335,55458
16803,85335,55459
16804,85335,55460
16805,85335,55461
16806,85335,55462
16807,85335,55463
16808,85335,55464
16809,85335,55465
16810,85335,55466
16811,85335,55467
16812,85335,55468
16813,85335,55469
16814,85335,55470
16815,85335,55471
16816,85335,55472
16817,85335,55473
16818,85335,55474
16819,85335,55475
16820,85336,55320
16821,85336,55321
16822,85336,55322
16823,85336,55323
16824,85336,55324
16825,85336,55325
16826,85336,55326
16827,85336,55327
16828,85336,55328
16829,85336,55329
16830,85336,55330
16831,85336,55331
16832,85336,55332
16833,85336,55333
16834,85336,55334
16835,85336,55335
16836,85336,55336
16837,85336,55337
16838,85336,55338
16839,85336,55339
16840,85336,55340
16841,85336,55341
16842,85336,55342
16843,85336,55343
16844,85336,55344
16845,85336,55345
16846,85336,55346
16847,85336,55347
16848,85336,55348
16849,85336,55349
16850,85336,55350
16851,85336,55351
16852,85336,55352
16853,85336,55353
16854,85336,55354
16855,85336,55355
16856,85336,55356
16857,85336,55357
16858,85336,55358
16859,85336,55359
16860,85336,55360
16861,85336,55361
16862,85336,55362
16863,85336,55363
16864,85336,55364
16865,85336,55365
16866,85336,55366
16867,85336,55367
16868,85336,55368
16869,85336,55369
16870,85336,55370
16871,85336,55371
16872,85336,55372
16873,85336,55373
16874,85336,55374
16875,85336,55375
16876,85336,55376
16877,85336,55377
16878,85336,55378
16879,85336,55379
16880,85336,55380
16881,85336,55381
16882,85336,55382
16883,85336,55383
16884,85336,55384
16885,85336,55385
16886,85336,55386
16887,85336,55387
16888,85336,55388
16889,85336,55389
16890,85336,55390
16891,85336,55391
16892,85336,55392
16893,85336,55393
16894,85336,55394
16895,85336,55395
16896,85336,55396
16897,85336,55397
16898,85336,55398
16899,85336,55399
16900,85336,55400
16901,85336,55401
16902,85336,55402
16903,85336,55403
16904,85336,55404
16905,85336,55405
16906,85336,55406
16907,85336,55407
16908,85336,55408
16909,85336,55409
16910,85336,55410
16911,85336,55411
16912,85336,55412
16913,85336,55413
16914,85336,55414
16915,85336,55415
16916,85336,55416
16917,85336,55417
16918,85336,55418
16919,85336,55419
16920,85336,55420
16921,85336,55421
16922,85336,55422
16923,85336,55423
16924,85336,55424
16925,85336,55425
16926,85336,55426
16927,85336,55427
16928,85336,55428
16929,85336,55429
16930,85336,55430
16931,85336,55431
16932,85336,55432
16933,85336,55433
16934,85336,55434
16935,85336,55435
16936,85336,55436
16937,85336,55437
16938,85336,55438
16939,85336,55439
16940,85336,55440
16941,85336,55441
16942,85336,55442
16943,85336,55443
16944,85336,55444
16945,85336,55445
16946,85336,55446
16947,85336,55447
16948,85336,55448
16949,85336,55449
16950,85336,55450
16951,85336,55451
16952,85336,55452
16953,85336,55453
16954,85336,55454
16955,85336,55455
16956,85336,55456
16957,85336,55457
16958,85336,55458
16959,85336,55459
16960,85336,55460
16961,85336,55461
16962,85336,55462
16963,85336,55463
16964,85336,55464
16965,85336,55465
16966,85336,55466
16967,85336,55467
16968,85336,55468
16969,85336,55469
16970,85336,55470
16971,85336,55471
16972,85336,55472
16973,85336,55473
16974,85336,55474
16975,85336,55475
16976,85336,55476
16977,85336,55477
16978,85337,55320
16979,85337,55321
16980,85337,55322
16981,85337,55323
16982,85337,55324
16983,85337,55325
16984,85337,55326
16985,85337,55327
16986,85337,55328
16987,85337,55329
16988,85337,55330
16989,85337,55331
16990,85337,55332
16991,85337,55333
16992,85337,55334
16993,85337,55335
16994,85337,55336
16995,85337,55337
16996,85337,55338
16997,85337,55339
16998,85337,55340
16999,85337,55341
17000,85337,55342
17001,85337,55343
17002,85337,55344
17003,85337,55345
17004,85337,55346
17005,85337,55347
17006,85337,55348
17007,85337,55349
17008,85337,55350
17009,85337,55351
17010,85337,55352
17011,85337,55353
17012,85337,55354
17013,85337,55355
17014,85337,55356
17015,85337,55357
17016,85337,55358
17017,85337,55359
17018,85337,55360
17019,85337,55361
17020,85337,55362
17021,85337,55363
17022,85337,55364
17023,85337,55365
17024,85337,55366
17025,85337,55367
17026,85337,55368
17027,85337,55369
17028,85337,55370
17029,85337,55371
17030,85337,55372
17031,85337,55373
17032,85337,55374
17033,85337,55375
17034,85337,55376
17035,85337,55377
17036,85337,55378
17037,85337,55379
17038,85337,55380
17039,85337,55381
17040,85337,55382
17041,85337,55383
17042,85337,55384
17043,85337,55385
17044,85337,55386
17045,85337,55387
17046,85337,55388
17047,85337,55389
17048,85337,55390
17049,85337,55391
17050,85337,55392
17051,85337,55393
17052,85337,55394
17053,85337,55395
17054,85337,55396
17055,85337,55397
17056,85337,55398
17057,85337,55399
17058,85337,55400
17059,85337,55401
17060,85337,55402
17061,85337,55403
17062,85337,55404
17063,85337,55405
17064,85337,55406
17065,85337,55407
17066,85337,55408
17067,85337,55409
17068,85337,55410
17069,85337,55411
17070,85337,55412
17071,85337,55413
17072,85337,55414
17073,85337,55415
17074,85337,55416
17075,85337,55417
17076,85337,55418
17077,85337,55419
17078,85337,55420
17079,85337,55421
17080,85337,55422
17081,85337,55423
17082,85337,55424
17083,85337,55425
17084,85337,55426
17085,85337,55427
17086,85337,55428
17087,85337,55429
17088,85337,55430
17089,85337,55431
17090,85337,55432
17091,85337,55433
17092,85337,55434
17093,85337,55435
17094,85337,55436
17095,85337,55437
17096,85337,55438
17097,85337,55439
17098,85337,55440
17099,85337,55441
17100,85337,55442
17101,85337,55443
17102,85337,55444
17103,85337,55445
17104,85337,55446
17105,85337,55447
17106,85337,55448
17107,85337,55449
17108,85337,55450
17109,85337,55451
17110,85337,55452
17111,85337,55453
17112,85337,55454
17113,85337,55455
17114,85337,55456
17115,85337,55457
17116,85337,55458
17117,85337,55459
17118,85337,55460
17119,85337,55461
17120,85337,55462
17121,85337,55463
17122,85337,55464
17123,85337,55465
17124,85337,55466
17125,85337,55467
17126,85337,55468
17127,85337,55469
17128,85337,55470
17129,85337,55471
17130,85337,55472
17131,85337,55473
17132,85337,55474
17133,85337,55475
17134,85337,55476
17135,85337,55477
17136,85337,55478
17137,85337,55479
17138,85337,55480
17139,85338,55320
17140,85338,55321
17141,85338,55322
17142,85338,55323
17143,85338,55324
17144,85338,55325
17145,85338,55326
17146,85338,55327
17147,85338,55328
17148,85338,55329
17149,85338,55330
17150,85338,55331
17151,85338,55332
17152,85338,55333
17153,85338,55334
17154,85338,55335
17155,85338,55336
17156,85338,55337
17157,85338,55338
17158,85338,55339
17159,85338,55340
17160,85338,55341
17161,85338,55342
17162,85338,55343
17163,85338,55344
17164,85338,55345
17165,85338,55346
17166,85338,55347
17167,85338,55348
17168,85338,55349
17169,85338,55350
17170,85338,55351
17171,85338,55352
17172,85338,55353
17173,85338,55354
17174,85338,55355
17175,85338,55356
17176,85338,55357
17177,85338,55358
17178,85338,55359
17179,85338,55360
17180,85338,55361
17181,85338,55362
17182,85338,55363
17183,85338,55364
17184,85338,55365
17185,85338,55366
17186,85338,55367
17187,85338,55368
17188,85338,55369
17189,85338,55370
17190,85338,55371
17191,85338,55372
17192,85338,55373
17193,85338,55374
17194,85338,55375
17195,85338,55376
17196,85338,55377
17197,85338,55378
17198,85338,55379
17199,85338,55380
17200,85338,55381
17201,85338,55382
17202,85338,55383
17203,85338,55384
17204,85338,55385
17205,85338,55386
17206,85338,55387
17207,85338,55388
17208,85338,55389
17209,85338,55390
17210,85338,55391
17211,85338,55392
17212,85338,55393
17213,85338,55394
17214,85338,55395
17215,85338,55396
17216,85338,55397
17217,85338,55398
17218,85338,55399
17219,85338,55400
17220,85338,55401
17221,85338,55402
17222,85338,55403
17223,85338,55404
17224,85338,55405
17225,85338,55406
17226,85338,55407
17227,85338,55408
17228,85338,55409
17229,85338,55410
17230,85338,55411
17231,85338,55412
17232,85338,55413
17233,85338,55414
17234,85338,55415
17235,85338,55416
17236,85338,55417
17237,85338,55418
17238,85338,55419
17239,85338,55420
17240,85338,55421
17241,85338,55422
17242,85338,55423
17243,85338,55424
17244,85338,55425
17245,85338,55426
17246,85338,55427
17247,85338,55428
17248,85338,55429
17249,85338,55430
17250,85338,55431
17251,85338,55432
17252,85338,55433
17253,85338,55434
17254,85338,55435
17255,85338,55436
17256,85338,55437
17257,85338,55438
17258,85338,55439
17259,85338,55440
17260,85338,55441
17261,85338,55442
17262,85338,55443
17263,85338,55444
17264,85338,55445
17265,85338,55446
17266,85338,55447
17267,85338,55448
17268,85338,55449
17269,85338,55450
17270,85338,55451
17271,85338,55452
17272,85338,55453
17273,85338,55454
17274,85338,55455
17275,85338,55456
17276,85338,55457
17277,85338,55458
17278,85338,55459
17279,85338,55460
17280,85338,55461
17281,85338,55462
17282,85338,55463
17283,85338,55464
17284,85338,55465
17285,85338,55466
17286,85338,55467
17287,85338,55468
17288,85338,55469
17289,85338,55470
17290,85338,55471
17291,85338,55472
17292,85338,55473
17293,85338,55474
17294,85338,55475
17295,85338,55476
17296,85338,55477
17297,85338,55478
17298,85338,55479
17299,85338,55480
17300,85338,55481
17301,85339,55320
17302,85339,55321
17303,85339,55322
17304,85339,55323
17305,85339,55324
17306,85339,55325
17307,85339,55326
17308,85339,55327
17309,85339,55328
17310,85339,55329
17311,85339,55330
17312,85339,55331
17313,85339,55332
17314,85339,55333
17315,85339,55334
17316,85339,55335
17317,85339,55336
17318,85339,55337
17319,85339,55338
17320,85339,55339
17321,85339,55340
17322,85339,55341
17323,85339,55342
17324,85339,55343
17325,85339,55344
17326,85339,55345
17327,85339,55346
17328,85339,55347
17329,85339,55348
17330,85339,55349
17331,85339,55350
17332,85339,55351
17333,85339,55352
17334,85339,55353
17335,85339,55354
17336,85339,55355
17337,85339,55356
17338,85339,55357
17339,85339,55358
17340,85339,55359
17341,85339,55360
17342,85339,55361
17343,85339,55362
17344,85339,55363
17345,85339,55364
17346,85339,55365
17347,85339,55366
17348,85339,55367
17349,85339,55368
17350,85339,55369
17351,85339,55370
17352,85339,55371
17353,85339,55372
17354,85339,55373
17355,85339,55374
17356,85339,55375
17357,85339,55376
17358,85339,55377
17359,85339,55378
17360,85339,55379
17361,85339,55380
17362,85339,55381
17363,85339,55382
17364,85339,55383
17365,85339,55384
17366,85339,55385
17367,85339,55386
17368,85339,55387
17369,85339,55388
17370,85339,55389
17371,85339,55390
17372,85339,55391
17373,85339,55392
17374,85339,55393
17375,85339,55394
17376,85339,55395
17377,85339,55396
17378,85339,55397
17379,85339,55398
17380,85339,55399
17381,85339,55400
17382,85339,55401
17383,85339,55402
17384,85339,55403
17385,85339,55404
17386,85339,55405
17387,85339,55406
17388,85339,55407
17389,85339,55408
17390,85339,55409
17391,85339,55410
17392,85339,55411
17393,85339,55412
17394,85339,55413
17395,85339,55414
17396,85339,55415
17397,85339,55416
17398,85339,55417
17399,85339,55418
17400,85339,55419
17401,85339,55420
17402,85339,55421
17403,85339,55422
17404,85339,55423
17405,85339,55424
17406,85339,55425
17407,85339,55426
17408,85339,55427
17409,85339,55428
17410,85339,55429
17411,85339,55430
17412,85339,55431
17413,85339,55432
17414,85339,55433
17415,85339,55434
17416,85339,55435
17417,85339,55436
17418,85339,55437
17419,85339,55438
17420,85339,55439
17421,85339,55440
17422,85339,55441
17423,85339,55442
17424,85339,55443
17425,85339,55444
17426,85339,55445
17427,85339,55446
17428,85339,55447
17429,85339,55448
17430,85339,55449
17431,85339,55450
17432,85339,55451
17433,85339,55452
17434,85339,55453
17435,85339,55454
17436,85339,55455
17437,85339,55456
17438,85339,55457
17439,85339,55458
17440,85339,55459
17441,85339,55460
17442,85339,55461
17443,85339,55462
17444,85339,55463
17445,85339,55464
17446,85339,55465
17447,85339,55466
17448,85339,55467
17449,85339,55468
17450,85339,55469
17451,85339,55470
17452,85339,55471
17453,85339,55472
17454,85339,55473
17455,85339,55474
17456,85339,55475
17457,85339,55476
17458,85339,55477
17459,85339,55478
17460,85339,55479
17461,85339,55480
17462,85339,55481
17463,85340,55320
17464,85340,55321
17465,85340,55322
17466,85340,55323
17467,85340,55324
17468,85340,55325
17469,85340,55326
17470,85340,55327
17471,85340,55328
17472,85340,55329
17473,85340,55330
17474,85340,55331
17475,85340,55332
17476,85340,55333
17477,85340,55334
17478,85340,55335
17479,85340,55336
17480,85340,55337
17481,85340,55338
17482,85340,55339
17483,85340,55340
17484,85340,55341
17485,85340,55342
17486,85340,55343
17487,85340,55344
17488,85340,55345
17489,85340,55346
17490,85340,55347
17491,85340,55348
17492,85340,55349
17493,85340,55350
17494,85340,55351
17495,85340,55352
17496,85340,55353
17497,85340,55354
17498,85340,55355
17499,85340,55356
17500,85340,55357
17501,85340,55358
17502,85340,55359
17503,85340,55360
17504,85340,55361
17505,85340,55362
17506,85340,55363
17507,85340,55364
17508,85340,55365
17509,85340,55366
17510,85340,55367
17511,85340,55368
17512,85340,55369
17513,85340,55370
17514,85340,55371
17515,85340,55372
17516,85340,55373
17517,85340,55374
17518,85340,55375
17519,85340,55376
17520,85340,55377
17521,85340,55378
17522,85340,55379
17523,85340,55380
17524,85340,55381
17525,85340,55382
17526,85340,55383
17527,85340,55384
17528,85340,55385
17529,85340,55386
17530,85340,55387
17531,85340,55388
17532,85340,55389
17533,85340,55390
17534,85340,55391
17535,85340,55392
17536,85340,55393
17537,85340,55394
17538,85340,55395
17539,85340,55396
17540,85340,55397
17541,85340,55398
17542,85340,55399
17543,85340,55400
17544,85340,55401
17545,85340,55402
17546,85340,55403
17547,85340,55404
17548,85340,55405
17549,85340,55406
17550,85340,55407
17551,85340,55408
17552,85340,55409
17553,85340,55410
17554,85340,55411
17555,85340,55412
17556,85340,55413
17557,85340,55414
17558,85340,55415
17559,85340,55416
17560,85340,55417
17561,85340,55418
17562,85340,55419
17563,85340,55420
17564,85340,55421
17565,85340,55422
17566,85340,55423
17567,85340,55424
17568,85340,55425
17569,85340,55426
17570,85340,55427
17571,85340,55428
17572,85340,55429
17573,85340,55430
17574,85340,55431
17575,85340,55432
17576,85340,55433
17577,85340,55434
17578,85340,55435
17579,85340,55436
17580,85340,55437
17581,85340,55438
17582,85340,55439
17583,85340,55440
17584,85340,55441
17585,85340,55442
17586,85340,55443
17587,85340,55444
17588,85340,55445
17589,85340,55446
17590,85340,55447
17591,85340,55448
17592,85340,55449
17593,85340,55450
17594,85340,55451
17595,85340,55452
17596,85340,55453
17597,85340,55454
17598,85340,55455
17599,85340,55456
17600,85340,55457
17601,85340,55458
17602,85340,55459
17603,85340,55460
17604,85340,55461
17605,85340,55462
17606,85340,55463
17607,85340,55464
17608,85340,55465
17609,85340,55466
17610,85340,55467
17611,85340,55468
17612,85340,55469
17613,85340,55470
17614,85340,55471
17615,85340,55472
17616,85340,55473
17617,85340,55474
17618,85340,55475
17619,85340,55476
17620,85340,55477
17621,85340,55478
17622,85340,55479
17623,85340,55480
17624,85340,55481
17625,85341,55320
17626,85341,55321
17627,85341,55322
17628,85341,55323
17629,85341,55324
17630,85341,55325
17631,85341,55326
17632,85341,55327
17633,85341,55328
17634,85341,55329
17635,85341,55330
17636,85341,55331
17637,85341,55332
17638,85341,55333
17639,85341,55334
17640,85341,55335
17641,85341,55336
17642,85341,55337
17643,85341,55338
17644,85341,55339
17645,85341,55340
17646,85341,55341
17647,85341,55342
17648,85341,55343
17649,85341,55344
17650,85341,55345
17651,85341,55346
17652,85341,55347
17653,85341,55348
17654,85341,55349
17655,85341,55350
17656,85341,55351
17657,85341,55352
17658,85341,55353
17659,85341,55354
17660,85341,55355
17661,85341,55356
17662,85341,55357
17663,85341,55358
17664,85341,55359
17665,85341,55360
17666,85341,55361
17667,85341,55362
17668,85341,55363
17669,85341,55364
17670,85341,55365
17671,85341,55366
17672,85341,55367
17673,85341,55368
17674,85341,55369
17675,85341,55370
17676,85341,55371
17677,85341,55372
17678,85341,55373
17679,85341,55374
17680,85341,55375
17681,85341,55376
17682,85341,55377
17683,85341,55378
17684,85341,55379
17685,85341,55380
17686,85341,55381
17687,85341,55382
17688,85341,55383
17689,85341,55384
17690,85341,55385
17691,85341,55386
17692,85341,55387
17693,85341,55388
17694,85341,55389
17695,85341,55390
17696,85341,55391
17697,85341,55392
17698,85341,55393
17699,85341,55394
17700,85341,55395
17701,85341,55396
17702,85341,55397
17703,85341,55398
17704,85341,55399
17705,85341,55400
17706,85341,55401
17707,85341,55402
17708,85341,55403
17709,85341,55404
17710,85341,55405
17711,85341,55406
17712,85341,55407
17713,85341,55408
17714,85341,55409
17715,85341,55410
17716,85341,55411
17717,85341,55412
17718,85341,55413
17719,85341,55414
17720,85341,55415
17721,85341,55416
17722,85341,55417
17723,85341,55418
17724,85341,55419
17725,85341,55420
17726,85341,55421
17727,85341,55422
17728,85341,55423
17729,85341,55424
17730,85341,55425
17731,85341,55426
17732,85341,55427
17733,85341,55428
17734,85341,55429
17735,85341,55430
17736,85341,55431
17737,85341,55432
17738,85341,55433
17739,85341,55434
17740,85341,55435
17741,85341,55436
17742,85341,55437
17743,85341,55438
17744,85341,55439
17745,85341,55440
17746,85341,55441
17747,85341,55442
17748,85341,55443
17749,85341,55444
17750,85341,55445
17751,85341,55446
17752,85341,55447
17753,85341,55448
17754,85341,55449
17755,85341,55450
17756,85341,55451
17757,85341,55452
17758,85341,55453
17759,85341,55454
17760,85341,55455
17761,85341,55456
17762,85341,55457
17763,85341,55458
17764,85341,55459
17765,85341,55460
17766,85341,55461
17767,85341,55462
17768,85341,55463
17769,85341,55464
17770,85341,55465
17771,85341,55466
17772,85341,55467
17773,85341,55468
17774,85341,55469
17775,85341,55470
17776,85341,55471
17777,85341,55472
17778,85341,55473
17779,85341,55474
17780,85341,55475
17781,85341,55476
17782,85341,55477
17783,85341,55478
17784,85341,55479
17785,85341,55480
17786,85341,55481
17787,85341,55482
17788,85342,55320
17789,85342,55321
17790,85342,55322
17791,85342,55323
17792,85342,55324
17793,85342,55325
17794,85342,55326
17795,85342,55327
17796,85342,55328
17797,85342,55329
17798,85342,55330
17799,85342,55331
17800,85342,55332
17801,85342,55333
17802,85342,55334
17803,85342,55335
17804,85342,55336
17805,85342,55337
17806,85342,55338
17807,85342,55339
17808,85342,55340
17809,85342,55341
17810,85342,55342
17811,85342,55343
17812,85342,55344
17813,85342,55345
17814,85342,55346
17815,85342,55347
17816,85342,55348
17817,85342,55349
17818,85342,55350
17819,85342,55351
17820,85342,55352
17821,85342,55353
17822,85342,55354
17823,85342,55355
17824,85342,55356
17825,85342,55357
17826,85342,55358
17827,85342,55359
17828,85342,55360
17829,85342,55361
17830,85342,55362
17831,85342,55363
17832,85342,55364
17833,85342,55365
17834,85342,55366
17835,85342,55367
17836,85342,55368
17837,85342,55369
17838,85342,55370
17839,85342,55371
17840,85342,55372
17841,85342,55373
17842,85342,55374
17843,85342,55375
17844,85342,55376
17845,85342,55377
17846,85342,55378
17847,85342,55379
17848,85342,55380
17849,85342,55381
17850,85342,55382
17851,85342,55383
17852,85342,55384
17853,85342,55385
17854,85342,55386
17855,85342,55387
17856,85342,55388
17857,85342,55389
17858,85342,55390
17859,85342,55391
17860,85342,55392
17861,85342,55393
17862,85342,55394
17863,85342,55395
17864,85342,55396
17865,85342,55397
17866,85342,55398
17867,85342,55399
17868,85342,55400
17869,85342,55401
17870,85342,55402
17871,85342,55403
17872,85342,55404
17873,85342,55405
17874,85342,55406
17875,85342,55407
17876,85342,55408
17877,85342,55409
17878,85342,55410
17879,85342,55411
17880,85342,55412
17881,85342,55413
17882,85342,55414
17883,85342,55415
17884,85342,55416
17885,85342,55417
17886,85342,55418
17887,85342,55419
17888,85342,55420
17889,85342,55421
17890,85342,55422
17891,85342,55423
17892,85342,55424
17893,85342,55425
17894,85342,55426
17895,85342,55427
17896,85342,55428
17897,85342,55429
17898,85342,55430
17899,85342,55431
17900,85342,55432
17901,85342,55433
17902,85342,55434
17903,85342,55435
17904,85342,55436
17905,85342,55437
17906,85342,55438
17907,85342,55439
17908,85342,55440
17909,85342,55441
17910,85342,55442
17911,85342,55443
17912,85342,55444
17913,85342,55445
17914,85342,55446
17915,85342,55447
17916,85342,55448
17917,85342,55449
17918,85342,55450
17919,85342,55451
17920,85342,55452
17921,85342,55453
17922,85342,55454
17923,85342,55455
17924,85342,55456
17925,85342,55457
17926,85342,55458
17927,85342,55459
17928,85342,55460
17929,85342,55461
17930,85342,55462
17931,85342,55463
17932,85342,55464
17933,85342,55465
17934,85342,55466
17935,85342,55467
17936,85342,55468
17937,85342,55469
17938,85342,55470
17939,85342,55471
17940,85342,55472
17941,85342,55473
17942,85342,55474
17943,85342,55475
17944,85342,55476
17945,85342,55477
17946,85342,55478
17947,85342,55479
17948,85342,55480
17949,85342,55481
17950,85342,55482
17951,85342,55483
17952,85343,55320
17953,85343,55321
17954,85343,55322
17955,85343,55323
17956,85343,55324
17957,85343,55325
17958,85343,55326
17959,85343,55327
17960,85343,55328
17961,85343,55329
17962,85343,55330
17963,85343,55331
17964,85343,55332
17965,85343,55333
17966,85343,55334
17967,85343,55335
17968,85343,55336
17969,85343,55337
17970,85343,55338
17971,85343,55339
17972,85343,55340
17973,85343,55341
17974,85343,55342
17975,85343,55343
17976,85343,55344
17977,85343,55345
17978,85343,55346
17979,85343,55347
17980,85343,55348
17981,85343,55349
17982,85343,55350
17983,85343,55351
17984,85343,55352
17985,85343,55353
17986,85343,55354
17987,85343,55355
17988,85343,55356
17989,85343,55357
17990,85343,55358
17991,85343,55359
17992,85343,55360
17993,85343,55361
17994,85343,55362
17995,85343,55363
17996,85343,55364
17997,85343,55365
17998,85343,55366
17999,85343,55367
18000,85343,55368
18001,85343,55369
18002,85343,55370
18003,85343,55371
18004,85343,55372
18005,85343,55373
18006,85343,55374
18007,85343,55375
18008,85343,55376
18009,85343,55377
18010,85343,55378
18011,85343,55379
18012,85343,55380
18013,85343,55381
18014,85343,55382
18015,85343,55383
18016,85343,55384
18017,85343,55385
18018,85343,55386
18019,85343,55387
18020,85343,55388
18021,85343,55389
18022,85343,55390
18023,85343,55391
18024,85343,55392
18025,85343,55393
18026,85343,55394
18027,85343,55395
18028,85343,55396
18029,85343,55397
18030,85343,55398
18031,85343,55399
18032,85343,55400
18033,85343,55401
18034,85343,55402
18035,85343,55403
18036,85343,55404
18037,85343,55405
18038,85343,55406
18039,85343,55407
18040,85343,55408
18041,85343,55409
18042,85343,55410
18043,85343,55411
18044,85343,55412
18045,85343,55413
18046,85343,55414
18047,85343,55415
18048,85343,55416
18049,85343,55417
18050,85343,55418
18051,85343,55419
18052,85343,55420
18053,85343,55421
18054,85343,55422
18055,85343,55423
18056,85343,55424
18057,85343,55425
18058,85343,55426
18059,85343,55427
18060,85343,55428
18061,85343,55429
18062,85343,55430
18063,85343,55431
18064,85343,55432
18065,85343,55433
18066,85343,55434
18067,85343,55435
18068,85343,55436
18069,85343,55437
18070,85343,55438
18071,85343,55439
18072,85343,55440
18073,85343,55441
18074,85343,55442
18075,85343,55443
18076,85343,55444
18077,85343,55445
18078,85343,55446
18079,85343,55447
18080,85343,55448
18081,85343,55449
18082,85343,55450
18083,85343,55451
18084,85343,55452
18085,85343,55453
18086,85343,55454
18087,85343,55455
18088,85343,55456
18089,85343,55457
18090,85343,55458
18091,85343,55459
18092,85343,55460
18093,85343,55461
18094,85343,55462
18095,85343,55463
18096,85343,55464
18097,85343,55465
18098,85343,55466
18099,85343,55467
18100,85343,55468
18101,85343,55469
18102,85343,55470
18103,85343,55471
18104,85343,55472
18105,85343,55473
18106,85343,55474
18107,85343,55475
18108,85343,55476
18109,85343,55477
18110,85343,55478
18111,85343,55479
18112,85343,55480
18113,85343,55481
18114,85343,55482
18115,85343,55483
18116,85343,55484
18117,85344,55320
18118,85344,55321
18119,85344,55322
18120,85344,55323
18121,85344,55324
18122,85344,55325
18123,85344,55326
18124,85344,55327
18125,85344,55328
18126,85344,55329
18127,85344,55330
18128,85344,55331
18129,85344,55332
18130,85344,55333
18131,85344,55334
18132,85344,55335
18133,85344,55336
18134,85344,55337
18135,85344,55338
18136,85344,55339
18137,85344,55340
18138,85344,55341
18139,85344,55342
18140,85344,55343
18141,85344,55344
18142,85344,55345
18143,85344,55346
18144,85344,55347
18145,85344,55348
18146,85344,55349
18147,85344,55350
18148,85344,55351
18149,85344,55352
18150,85344,55353
18151,85344,55354
18152,85344,55355
18153,85344,55356
18154,85344,55357
18155,85344,55358
18156,85344,55359
18157,85344,55360
18158,85344,55361
18159,85344,55362
18160,85344,55363
18161,85344,55364
18162,85344,55365
18163,85344,55366
18164,85344,55367
18165,85344,55368
18166,85344,55369
18167,85344,55370
18168,85344,55371
18169,85344,55372
18170,85344,55373
18171,85344,55374
18172,85344,55375
18173,85344,55376
18174,85344,55377
18175,85344,55378
18176,85344,55379
18177,85344,55380
18178,85344,55381
18179,85344,55382
18180,85344,55383
18181,85344,55384
18182,85344,55385
18183,85344,55386
18184,85344,55387
18185,85344,55388
18186,85344,55389
18187,85344,55390
18188,85344,55391
18189,85344,55392
18190,85344,55393
18191,85344,55394
18192,85344,55395
18193,85344,55396
18194,85344,55397
18195,85344,55398
18196,85344,55399
18197,85344,55400
18198,85344,55401
18199,85344,55402
18200,85344,55403
18201,85344,55404
18202,85344,55405
18203,85344,55406
18204,85344,55407
18205,85344,55408
18206,85344,55409
18207,85344,55410
18208,85344,55411
18209,85344,55412
18210,85344,55413
18211,85344,55414
18212,85344,55415
18213,85344,55416
18214,85344,55417
18215,85344,55418
18216,85344,55419
18217,85344,55420
18218,85344,55421
18219,85344,55422
18220,85344,55423
18221,85344,55424
18222,85344,55425
18223,85344,55426
18224,85344,55427
18225,85344,55428
18226,85344,55429
18227,85344,55430
18228,85344,55431
18229,85344,55432
18230,85344,55433
18231,85344,55434
18232,85344,55435
18233,85344,55436
18234,85344,55437
18235,85344,55438
18236,85344,55439
18237,85344,55440
18238,85344,55441
18239,85344,55442
18240,85344,55443
18241,85344,55444
18242,85344,55445
18243,85344,55446
18244,85344,55447
18245,85344,55448
18246,85344,55449
18247,85344,55450
18248,85344,55451
18249,85344,55452
18250,85344,55453
18251,85344,55454
18252,85344,55455
18253,85344,55456
18254,85344,55457
18255,85344,55458
18256,85344,55459
18257,85344,55460
18258,85344,55461
18259,85344,55462
18260,85344,55463
18261,85344,55464
18262,85344,55465
18263,85344,55466
18264,85344,55467
18265,85344,55468
18266,85344,55469
18267,85344,55470
18268,85344,55471
18269,85344,55472
18270,85344,55473
18271,85344,55474
18272,85344,55475
18273,85344,55476
18274,85344,55477
18275,85344,55478
18276,85344,55479
18277,85344,55480
18278,85344,55481
18279,85344,55482
18280,85344,55483
18281,85344,55484
18282,85344,55485
18283,85345,55320
18284,85345,55321
18285,85345,55322
18286,85345,55323
18287,85345,55324
18288,85345,55325
18289,85345,55326
18290,85345,55327
18291,85345,55328
18292,85345,55329
18293,85345,55330
18294,85345,55331
18295,85345,55332
18296,85345,55333
18297,85345,55334
18298,85345,55335
18299,85345,55336
18300,85345,55337
18301,85345,55338
18302,85345,55339
18303,85345,55340
18304,85345,55341
18305,85345,55342
18306,85345,55343
18307,85345,55344
18308,85345,55345
18309,85345,55346
18310,85345,55347
18311,85345,55348
18312,85345,55349
18313,85345,55350
18314,85345,55351
18315,85345,55352
18316,85345,55353
18317,85345,55354
18318,85345,55355
18319,85345,55356
18320,85345,55357
18321,85345,55358
18322,85345,55359
18323,85345,55360
18324,85345,55361
18325,85345,55362
18326,85345,55363
18327,85345,55364
18328,85345,55365
18329,85345,55366
18330,85345,55367
18331,85345,55368
18332,85345,55369
18333,85345,55370
18334,85345,55371
18335,85345,55372
18336,85345,55373
18337,85345,55374
18338,85345,55375
18339,85345,55376
18340,85345,55377
18341,85345,55378
18342,85345,55379
18343,85345,55380
18344,85345,55381
18345,85345,55382
18346,85345,55383
18347,85345,55384
18348,85345,55385
18349,85345,55386
18350,85345,55387
18351,85345,55388
18352,85345,55389
18353,85345,55390
18354,85345,55391
18355,85345,55392
18356,85345,55393
18357,85345,55394
18358,85345,55395
18359,85345,55396
18360,85345,55397
18361,85345,55398
18362,85345,55399
18363,85345,55400
18364,85345,55401
18365,85345,55402
18366,85345,55403
18367,85345,55404
18368,85345,55405
18369,85345,55406
18370,85345,55407
18371,85345,55408
18372,85345,55409
18373,85345,55410
18374,85345,55411
18375,85345,55412
18376,85345,55413
18377,85345,55414
18378,85345,55415
18379,85345,55416
18380,85345,55417
18381,85345,55418
18382,85345,55419
18383,85345,55420
18384,85345,55421
18385,85345,55422
18386,85345,55423
18387,85345,55424
18388,85345,55425
18389,85345,55426
18390,85345,55427
18391,85345,55428
18392,85345,55429
18393,85345,55430
18394,85345,55431
18395,85345,55432
18396,85345,55433
18397,85345,55434
18398,85345,55435
18399,85345,55436
18400,85345,55437
18401,85345,55438
18402,85345,55439
18403,85345,55440
18404,85345,55441
18405,85345,55442
18406,85345,55443
18407,85345,55444
18408,85345,55445
18409,85345,55446
18410,85345,55447
18411,85345,55448
18412,85345,55449
18413,85345,55450
18414,85345,55451
18415,85345,55452
18416,85345,55453
18417,85345,55454
18418,85345,55455
18419,85345,55456
18420,85345,55457
18421,85345,55458
18422,85345,55459
18423,85345,55460
18424,85345,55461
18425,85345,55462
18426,85345,55463
18427,85345,55464
18428,85345,55465
18429,85345,55466
18430,85345,55467
18431,85345,55468
18432,85345,55469
18433,85345,55470
18434,85345,55471
18435,85345,55472
18436,85345,55473
18437,85345,55474
18438,85345,55475
18439,85345,55476
18440,85345,55477
18441,85345,55478
18442,85345,55479
18443,85345,55480
18444,85345,55481
18445,85345,55482
18446,85345,55483
18447,85345,55484
18448,85345,55485
18449,85346,55320
18450,85346,55321
18451,85346,55322
18452,85346,55323
18453,85346,55324
18454,85346,55325
18455,85346,55326
18456,85346,55327
18457,85346,55328
18458,85346,55329
18459,85346,55330
18460,85346,55331
18461,85346,55332
18462,85346,55333
18463,85346,55334
18464,85346,55335
18465,85346,55336
18466,85346,55337
18467,85346,55338
18468,85346,55339
18469,85346,55340
18470,85346,55341
18471,85346,55342
18472,85346,55343
18473,85346,55344
18474,85346,55345
18475,85346,55346
18476,85346,55347
18477,85346,55348
18478,85346,55349
18479,85346,55350
18480,85346,55351
18481,85346,55352
18482,85346,55353
18483,85346,55354
18484,85346,55355
18485,85346,55356
18486,85346,55357
18487,85346,55358
18488,85346,55359
18489,85346,55360
18490,85346,55361
18491,85346,55362
18492,85346,55363
18493,85346,55364
18494,85346,55365
18495,85346,55366
18496,85346,55367
18497,85346,55368
18498,85346,55369
18499,85346,55370
18500,85346,55371
18501,85346,55372
18502,85346,55373
18503,85346,55374
18504,85346,55375
18505,85346,55376
18506,85346,55377
18507,85346,55378
18508,85346,55379
18509,85346,55380
18510,85346,55381
18511,85346,55382
18512,85346,55383
18513,85346,55384
18514,85346,55385
18515,85346,55386
18516,85346,55387
18517,85346,55388
18518,85346,55389
18519,85346,55390
18520,85346,55391
18521,85346,55392
18522,85346,55393
18523,85346,55394
18524,85346,55395
18525,85346,55396
18526,85346,55397
18527,85346,55398
18528,85346,55399
18529,85346,55400
18530,85346,55401
18531,85346,55402
18532,85346,55403
18533,85346,55404
18534,85346,55405
18535,85346,55406
18536,85346,55407
18537,85346,55408
18538,85346,55409
18539,85346,55410
18540,85346,55411
18541,85346,55412
18542,85346,55413
18543,85346,55414
18544,85346,55415
18545,85346,55416
18546,85346,55417
18547,85346,55418
18548,85346,55419
18549,85346,55420
18550,85346,55421
18551,85346,55422
18552,85346,55423
18553,85346,55424
18554,85346,55425
18555,85346,55426
18556,85346,55427
18557,85346,55428
18558,85346,55429
18559,85346,55430
18560,85346,55431
18561,85346,55432
18562,85346,55433
18563,85346,55434
18564,85346,55435
18565,85346,55436
18566,85346,55437
18567,85346,55438
18568,85346,55439
18569,85346,55440
18570,85346,55441
18571,85346,55442
18572,85346,55443
18573,85346,55444
18574,85346,55445
18575,85346,55446
18576,85346,55447
18577,85346,55448
18578,85346,55449
18579,85346,55450
18580,85346,55451
18581,85346,55452
18582,85346,55453
18583,85346,55454
18584,85346,55455
18585,85346,55456
18586,85346,55457
18587,85346,55458
18588,85346,55459
18589,85346,55460
18590,85346,55461
18591,85346,55462
18592,85346,55463
18593,85346,55464
18594,85346,55465
18595,85346,55466
18596,85346,55467
18597,85346,55468
18598,85346,55469
18599,85346,55470
18600,85346,55471
18601,85346,55472
18602,85346,55473
18603,85346,55474
18604,85346,55475
18605,85346,55476
18606,85346,55477
18607,85346,55478
18608,85346,55479
18609,85346,55480
18610,85346,55481
18611,85346,55482
18612,85346,55483
18613,85346,55484
18614,85346,55485
18615,85346,55486
18616,85347,55320
18617,85347,55321
18618,85347,55322
18619,85347,55323
18620,85347,55324
18621,85347,55325
18622,85347,55326
18623,85347,55327
18624,85347,55328
18625,85347,55329
18626,85347,55330
18627,85347,55331
18628,85347,55332
18629,85347,55333
18630,85347,55334
18631,85347,55335
18632,85347,55336
18633,85347,55337
18634,85347,55338
18635,85347,55339
18636,85347,55340
18637,85347,55341
18638,85347,55342
18639,85347,55343
18640,85347,55344
18641,85347,55345
18642,85347,55346
18643,85347,55347
18644,85347,55348
18645,85347,55349
18646,85347,55350
18647,85347,55351
18648,85347,55352
18649,85347,55353
18650,85347,55354
18651,85347,55355
18652,85347,55356
18653,85347,55357
18654,85347,55358
18655,85347,55359
18656,85347,55360
18657,85347,55361
18658,85347,55362
18659,85347,55363
18660,85347,55364
18661,85347,55365
18662,85347,55366
18663,85347,55367
18664,85347,55368
18665,85347,55369
18666,85347,55370
18667,85347,55371
18668,85347,55372
18669,85347,55373
18670,85347,55374
18671,85347,55375
18672,85347,55376
18673,85347,55377
18674,85347,55378
18675,85347,55379
18676,85347,55380
18677,85347,55381
18678,85347,55382
18679,85347,55383
18680,85347,55384
18681,85347,55385
18682,85347,55386
18683,85347,55387
18684,85347,55388
18685,85347,55389
18686,85347,55390
18687,85347,55391
18688,85347,55392
18689,85347,55393
18690,85347,55394
18691,85347,55395
18692,85347,55396
18693,85347,55397
18694,85347,55398
18695,85347,55399
18696,85347,55400
18697,85347,55401
18698,85347,55402
18699,85347,55403
18700,85347,55404
18701,85347,55405
18702,85347,55406
18703,85347,55407
18704,85347,55408
18705,85347,55409
18706,85347,55410
18707,85347,55411
18708,85347,55412
18709,85347,55413
18710,85347,55414
18711,85347,55415
18712,85347,55416
18713,85347,55417
18714,85347,55418
18715,85347,55419
18716,85347,55420
18717,85347,55421
18718,85347,55422
18719,85347,55423
18720,85347,55424
18721,85347,55425
18722,85347,55426
18723,85347,55427
18724,85347,55428
18725,85347,55429
18726,85347,55430
18727,85347,55431
18728,85347,55432
18729,85347,55433
18730,85347,55434
18731,85347,55435
18732,85347,55436
18733,85347,55437
18734,85347,55438
18735,85347,55439
18736,85347,55440
18737,85347,55441
18738,85347,55442
18739,85347,55443
18740,85347,55444
18741,85347,55445
18742,85347,55446
18743,85347,55447
18744,85347,55448
18745,85347,55449
18746,85347,55450
18747,85347,55451
18748,85347,55452
18749,85347,55453
18750,85347,55454
18751,85347,55455
18752,85347,55456
18753,85347,55457
18754,85347,55458
18755,85347,55459
18756,85347,55460
18757,85347,55461
18758,85347,55462
18759,85347,55463
18760,85347,55464
18761,85347,55465
18762,85347,55466
18763,85347,55467
18764,85347,55468
18765,85347,55469
18766,85347,55470
18767,85347,55471
18768,85347,55472
18769,85347,55473
18770,85347,55474
18771,85347,55475
18772,85347,55476
18773,85347,55477
18774,85347,55478
18775,85347,55479
18776,85347,55480
18777,85347,55481
18778,85347,55482
18779,85347,55483
18780,85347,55484
18781,85347,55485
18782,85347,55486
18783,85348,55320
18784,85348,55321
18785,85348,55322
18786,85348,55323
18787,85348,55324
18788,85348,55325
18789,85348,55326
18790,85348,55327
18791,85348,55328
18792,85348,55329
18793,85348,55330
18794,85348,55331
18795,85348,55332
18796,85348,55333
18797,85348,55334
18798,85348,55335
18799,85348,55336
18800,85348,55337
18801,85348,55338
18802,85348,55339
18803,85348,55340
18804,85348,55341
18805,85348,55342
18806,85348,55343
18807,85348,55344
18808,85348,55345
18809,85348,55346
18810,85348,55347
18811,85348,55348
18812,85348,55349
18813,85348,55350
18814,85348,55351
18815,85348,55352
18816,85348,55353
18817,85348,55354
18818,85348,55355
18819,85348,55356
18820,85348,55357
18821,85348,55358
18822,85348,55359
18823,85348,55360
18824,85348,55361
18825,85348,55362
18826,85348,55363
18827,85348,55364
18828,85348,55365
18829,85348,55366
18830,85348,55367
18831,85348,55368
18832,85348,55369
18833,85348,55370
18834,85348,55371
18835,85348,55372
18836,85348,55373
18837,85348,55374
18838,85348,55375
18839,85348,55376
18840,85348,55377
18841,85348,55378
18842,85348,55379
18843,85348,55380
18844,85348,55381
18845,85348,55382
18846,85348,55383
18847,85348,55384
18848,85348,55385
18849,85348,55386
18850,85348,55387
18851,85348,55388
18852,85348,55389
18853,85348,55390
18854,85348,55391
18855,85348,55392
18856,85348,55393
18857,85348,55394
18858,85348,55395
18859,85348,55396
18860,85348,55397
18861,85348,55398
18862,85348,55399
18863,85348,55400
18864,85348,55401
18865,85348,55402
18866,85348,55403
18867,85348,55404
18868,85348,55405
18869,85348,55406
18870,85348,55407
18871,85348,55408
18872,85348,55409
18873,85348,55410
18874,85348,55411
18875,85348,55412
18876,85348,55413
18877,85348,55414
18878,85348,55415
18879,85348,55416
18880,85348,55417
18881,85348,55418
18882,85348,55419
18883,85348,55420
18884,85348,55421
18885,85348,55422
18886,85348,55423
18887,85348,55424
18888,85348,55425
18889,85348,55426
18890,85348,55427
18891,85348,55428
18892,85348,55429
18893,85348,55430
18894,85348,55431
18895,85348,55432
18896,85348,55433
18897,85348,55434
18898,85348,55435
18899,85348,55436
18900,85348,55437
18901,85348,55438
18902,85348,55439
18903,85348,55440
18904,85348,55441
18905,85348,55442
18906,85348,55443
18907,85348,55444
18908,85348,55445
18909,85348,55446
18910,85348,55447
18911,85348,55448
18912,85348,55449
18913,85348,55450
18914,85348,55451
18915,85348,55452
18916,85348,55453
18917,85348,55454
18918,85348,55455
18919,85348,55456
18920,85348,55457
18921,85348,55458
18922,85348,55459
18923,85348,55460
18924,85348,55461
18925,85348,55462
18926,85348,55463
18927,85348,55464
18928,85348,55465
18929,85348,55466
18930,85348,55467
18931,85348,55468
18932,85348,55469
18933,85348,55470
18934,85348,55471
18935,85348,55472
18936,85348,55473
18937,85348,55474
18938,85348,55475
18939,85348,55476
18940,85348,55477
18941,85348,55478
18942,85348,55479
18943,85348,55480
18944,85348,55481
18945,85348,55482
18946,85348,55483
18947,85348,55484
18948,85348,55485
18949,85348,55486
18950,85349,55320
18951,85349,55321
18952,85349,55322
18953,85349,55323
18954,85349,55324
18955,85349,55325
18956,85349,55326
18957,85349,55327
18958,85349,55328
18959,85349,55329
18960,85349,55330
18961,85349,55331
18962,85349,55332
18963,85349,55333
18964,85349,55334
18965,85349,55335
18966,85349,55336
18967,85349,55337
18968,85349,55338
18969,85349,55339
18970,85349,55340
18971,85349,55341
18972,85349,55342
18973,85349,55343
18974,85349,55344
18975,85349,55345
18976,85349,55346
18977,85349,55347
18978,85349,55348
18979,85349,55349
18980,85349,55350
18981,85349,55351
18982,85349,55352
18983,85349,55353
18984,85349,55354
18985,85349,55355
18986,85349,55356
18987,85349,55357
18988,85349,55358
18989,85349,55359
18990,85349,55360
18991,85349,55361
18992,85349,55362
18993,85349,55363
18994,85349,55364
18995,85349,55365
18996,85349,55366
18997,85349,55367
18998,85349,55368
18999,85349,55369
19000,85349,55370
19001,85349,55371
19002,85349,55372
19003,85349,55373
19004,85349,55374
19005,85349,55375
19006,85349,55376
19007,85349,55377
19008,85349,55378
19009,85349,55379
19010,85349,55380
19011,85349,55381
19012,85349,55382
19013,85349,55383
19014,85349,55384
19015,85349,55385
19016,85349,55386
19017,85349,55387
19018,85349,55388
19019,85349,55389
19020,85349,55390
19021,85349,55391
19022,85349,55392
19023,85349,55393
19024,85349,55394
19025,85349,55395
19026,85349,55396
19027,85349,55397
19028,85349,55398
19029,85349,55399
19030,85349,55400
19031,85349,55401
19032,85349,55402
19033,85349,55403
19034,85349,55404
19035,85349,55405
19036,85349,55406
19037,85349,55407
19038,85349,55408
19039,85349,55409
19040,85349,55410
19041,85349,55411
19042,85349,55412
19043,85349,55413
19044,85349,55414
19045,85349,55415
19046,85349,55416
19047,85349,55417
19048,85349,55418
19049,85349,55419
19050,85349,55420
19051,85349,55421
19052,85349,55422
19053,85349,55423
19054,85349,55424
19055,85349,55425
19056,85349,55426
19057,85349,55427
19058,85349,55428
19059,85349,55429
19060,85349,55430
19061,85349,55431
19062,85349,55432
19063,85349,55433
19064,85349,55434
19065,85349,55435
19066,85349,55436
19067,85349,55437
19068,85349,55438
19069,85349,55439
19070,85349,55440
19071,85349,55441
19072,85349,55442
19073,85349,55443
19074,85349,55444
19075,85349,55445
19076,85349,55446
19077,85349,55447
19078,85349,55448
19079,85349,55449
19080,85349,55450
19081,85349,55451
19082,85349,55452
19083,85349,55453
19084,85349,55454
19085,85349,55455
19086,85349,55456
19087,85349,55457
19088,85349,55458
19089,85349,55459
19090,85349,55460
19091,85349,55461
19092,85349,55462
19093,85349,55463
19094,85349,55464
19095,85349,55465
19096,85349,55466
19097,85349,55467
19098,85349,55468
19099,85349,55469
19100,85349,55470
19101,85349,55471
19102,85349,55472
19103,85349,55473
19104,85349,55474
19105,85349,55475
19106,85349,55476
19107,85349,55477
19108,85349,55478
19109,85349,55479
19110,85349,55480
19111,85349,55481
19112,85349,55482
19113,85349,55483
19114,85349,55484
19115,85349,55485
19116,85349,55486
19117,85349,55487
19118,85350,55320
19119,85350,55321
19120,85350,55322
19121,85350,55323
19122,85350,55324
19123,85350,55325
19124,85350,55326
19125,85350,55327
19126,85350,55328
19127,85350,55329
19128,85350,55330
19129,85350,55331
19130,85350,55332
19131,85350,55333
19132,85350,55334
19133,85350,55335
19134,85350,55336
19135,85350,55337
19136,85350,55338
19137,85350,55339
19138,85350,55340
19139,85350,55341
19140,85350,55342
19141,85350,55343
19142,85350,55344
19143,85350,55345
19144,85350,55346
19145,85350,55347
19146,85350,55348
19147,85350,55349
19148,85350,55350
19149,85350,55351
19150,85350,55352
19151,85350,55353
19152,85350,55354
19153,85350,55355
19154,85350,55356
19155,85350,55357
19156,85350,55358
19157,85350,55359
19158,85350,55360
19159,85350,55361
19160,85350,55362
19161,85350,55363
19162,85350,55364
19163,85350,55365
19164,85350,55366
19165,85350,55367
19166,85350,55368
19167,85350,55369
19168,85350,55370
19169,85350,55371
19170,85350,55372
19171,85350,55373
19172,85350,55374
19173,85350,55375
19174,85350,55376
19175,85350,55377
19176,85350,55378
19177,85350,55379
19178,85350,55380
19179,85350,55381
19180,85350,55382
19181,85350,55383
19182,85350,55384
19183,85350,55385
19184,85350,55386
19185,85350,55387
19186,85350,55388
19187,85350,55389
19188,85350,55390
19189,85350,55391
19190,85350,55392
19191,85350,55393
19192,85350,55394
19193,85350,55395
19194,85350,55396
19195,85350,55397
19196,85350,55398
19197,85350,55399
19198,85350,55400
19199,85350,55401
19200,85350,55402
19201,85350,55403
19202,85350,55404
19203,85350,55405
19204,85350,55406
19205,85350,55407
19206,85350,55408
19207,85350,55409
19208,85350,55410
19209,85350,55411
19210,85350,55412
19211,85350,55413
19212,85350,55414
19213,85350,55415
19214,85350,55416
19215,85350,55417
19216,85350,55418
19217,85350,55419
19218,85350,55420
19219,85350,55421
19220,85350,55422
19221,85350,55423
19222,85350,55424
19223,85350,55425
19224,85350,55426
19225,85350,55427
19226,85350,55428
19227,85350,55429
19228,85350,55430
19229,85350,55431
19230,85350,55432
19231,85350,55433
19232,85350,55434
19233,85350,55435
19234,85350,55436
19235,85350,55437
19236,85350,55438
19237,85350,55439
19238,85350,55440
19239,85350,55441
19240,85350,55442
19241,85350,55443
19242,85350,55444
19243,85350,55445
19244,85350,55446
19245,85350,55447
19246,85350,55448
19247,85350,55449
19248,85350,55450
19249,85350,55451
19250,85350,55452
19251,85350,55453
19252,85350,55454
19253,85350,55455
19254,85350,55456
19255,85350,55457
19256,85350,55458
19257,85350,55459
19258,85350,55460
19259,85350,55461
19260,85350,55462
19261,85350,55463
19262,85350,55464
19263,85350,55465
19264,85350,55466
19265,85350,55467
19266,85350,55468
19267,85350,55469
19268,85350,55470
19269,85350,55471
19270,85350,55472
19271,85350,55473
19272,85350,55474
19273,85350,55475
19274,85350,55476
19275,85350,55477
19276,85350,55478
19277,85350,55479
19278,85350,55480
19279,85350,55481
19280,85350,55482
19281,85350,55483
19282,85350,55484
19283,85350,55485
19284,85350,55486
19285,85350,55487
19286,85351,55320
19287,85351,55321
19288,85351,55322
19289,85351,55323
19290,85351,55324
19291,85351,55325
19292,85351,55326
19293,85351,55327
19294,85351,55328
19295,85351,55329
19296,85351,55330
19297,85351,55331
19298,85351,55332
19299,85351,55333
19300,85351,55334
19301,85351,55335
19302,85351,55336
19303,85351,55337
19304,85351,55338
19305,85351,55339
19306,85351,55340
19307,85351,55341
19308,85351,55342
19309,85351,55343
19310,85351,55344
19311,85351,55345
19312,85351,55346
19313,85351,55347
19314,85351,55348
19315,85351,55349
19316,85351,55350
19317,85351,55351
19318,85351,55352
19319,85351,55353
19320,85351,55354
19321,85351,55355
19322,85351,55356
19323,85351,55357
19324,85351,55358
19325,85351,55359
19326,85351,55360
19327,85351,55361
19328,85351,55362
19329,85351,55363
19330,85351,55364
19331,85351,55365
19332,85351,55366
19333,85351,55367
19334,85351,55368
19335,85351,55369
19336,85351,55370
19337,85351,55371
19338,85351,55372
19339,85351,55373
19340,85351,55374
19341,85351,55375
19342,85351,55376
19343,85351,55377
19344,85351,55378
19345,85351,55379
19346,85351,55380
19347,85351,55381
19348,85351,55382
19349,85351,55383
19350,85351,55384
19351,85351,55385
19352,85351,55386
19353,85351,55387
19354,85351,55388
19355,85351,55389
19356,85351,55390
19357,85351,55391
19358,85351,55392
19359,85351,55393
19360,85351,55394
19361,85351,55395
19362,85351,55396
19363,85351,55397
19364,85351,55398
19365,85351,55399
19366,85351,55400
19367,85351,55401
19368,85351,55402
19369,85351,55403
19370,85351,55404
19371,85351,55405
19372,85351,55406
19373,85351,55407
19374,85351,55408
19375,85351,55409
19376,85351,55410
19377,85351,55411
19378,85351,55412
19379,85351,55413
19380,85351,55414
19381,85351,55415
19382,85351,55416
19383,85351,55417
19384,85351,55418
19385,85351,55419
19386,85351,55420
19387,85351,55421
19388,85351,55422
19389,85351,55423
19390,85351,55424
19391,85351,55425
19392,85351,55426
19393,85351,55427
19394,85351,55428
19395,85351,55429
19396,85351,55430
19397,85351,55431
19398,85351,55432
19399,85351,55433
19400,85351,55434
19401,85351,55435
19402,85351,55436
19403,85351,55437
19404,85351,55438
19405,85351,55439
19406,85351,55440
19407,85351,55441
19408,85351,55442
19409,85351,55443
19410,85351,55444
19411,85351,55445
19412,85351,55446
19413,85351,55447
19414,85351,55448
19415,85351,55449
19416,85351,55450
19417,85351,55451
19418,85351,55452
19419,85351,55453
19420,85351,55454
19421,85351,55455
19422,85351,55456
19423,85351,55457
19424,85351,55458
19425,85351,55459
19426,85351,55460
19427,85351,55461
19428,85351,55462
19429,85351,55463
19430,85351,55464
19431,85351,55465
19432,85351,55466
19433,85351,55467
19434,85351,55468
19435,85351,55469
19436,85351,55470
19437,85351,55471
19438,85351,55472
19439,85351,55473
19440,85351,55474
19441,85351,55475
19442,85351,55476
19443,85351,55477
19444,85351,55478
19445,85351,55479
19446,85351,55480
19447,85351,55481
19448,85351,55482
19449,85351,55483
19450,85351,55484
19451,85351,55485
19452,85351,55486
19453,85351,55487
19454,85352,55320
19455,85352,55321
19456,85352,55322
19457,85352,55323
19458,85352,55324
19459,85352,55325
19460,85352,55326
19461,85352,55327
19462,85352,55328
19463,85352,55329
19464,85352,55330
19465,85352,55331
19466,85352,55332
19467,85352,55333
19468,85352,55334
19469,85352,55335
19470,85352,55336
19471,85352,55337
19472,85352,55338
19473,85352,55339
19474,85352,55340
19475,85352,55341
19476,85352,55342
19477,85352,55343
19478,85352,55344
19479,85352,55345
19480,85352,55346
19481,85352,55347
19482,85352,55348
19483,85352,55349
19484,85352,55350
19485,85352,55351
19486,85352,55352
19487,85352,55353
19488,85352,55354
19489,85352,55355
19490,85352,55356
19491,85352,55357
19492,85352,55358
19493,85352,55359
19494,85352,55360
19495,85352,55361
19496,85352,55362
19497,85352,55363
19498,85352,55364
19499,85352,55365
19500,85352,55366
19501,85352,55367
19502,85352,55368
19503,85352,55369
19504,85352,55370
19505,85352,55371
19506,85352,55372
19507,85352,55373
19508,85352,55374
19509,85352,55375
19510,85352,55376
19511,85352,55377
19512,85352,55378
19513,85352,55379
19514,85352,55380
19515,85352,55381
19516,85352,55382
19517,85352,55383
19518,85352,55384
19519,85352,55385
19520,85352,55386
19521,85352,55387
19522,85352,55388
19523,85352,55389
19524,85352,55390
19525,85352,55391
19526,85352,55392
19527,85352,55393
19528,85352,55394
19529,85352,55395
19530,85352,55396
19531,85352,55397
19532,85352,55398
19533,85352,55399
19534,85352,55400
19535,85352,55401
19536,85352,55402
19537,85352,55403
19538,85352,55404
19539,85352,55405
19540,85352,55406
19541,85352,55407
19542,85352,55408
19543,85352,55409
19544,85352,55410
19545,85352,55411
19546,85352,55412
19547,85352,55413
19548,85352,55414
19549,85352,55415
19550,85352,55416
19551,85352,55417
19552,85352,55418
19553,85352,55419
19554,85352,55420
19555,85352,55421
19556,85352,55422
19557,85352,55423
19558,85352,55424
19559,85352,55425
19560,85352,55426
19561,85352,55427
19562,85352,55428
19563,85352,55429
19564,85352,55430
19565,85352,55431
19566,85352,55432
19567,85352,55433
19568,85352,55434
19569,85352,55435
19570,85352,55436
19571,85352,55437
19572,85352,55438
19573,85352,55439
19574,85352,55440
19575,85352,55441
19576,85352,55442
19577,85352,55443
19578,85352,55444
19579,85352,55445
19580,85352,55446
19581,85352,55447
19582,85352,55448
19583,85352,55449
19584,85352,55450
19585,85352,55451
19586,85352,55452
19587,85352,55453
19588,85352,55454
19589,85352,55455
19590,85352,55456
19591,85352,55457
19592,85352,55458
19593,85352,55459
19594,85352,55460
19595,85352,55461
19596,85352,55462
19597,85352,55463
19598,85352,55464
19599,85352,55465
19600,85352,55466
19601,85352,55467
19602,85352,55468
19603,85352,55469
19604,85352,55470
19605,85352,55471
19606,85352,55472
19607,85352,55473
19608,85352,55474
19609,85352,55475
19610,85352,55476
19611,85352,55477
19612,85352,55478
19613,85352,55479
19614,85352,55480
19615,85352,55481
19616,85352,55482
19617,85352,55483
19618,85352,55484
19619,85352,55485
19620,85352,55486
19621,85352,55487
19622,85353,55320
19623,85353,55321
19624,85353,55322
19625,85353,55323
19626,85353,55324
19627,85353,55325
19628,85353,55326
19629,85353,55327
19630,85353,55328
19631,85353,55329
19632,85353,55330
19633,85353,55331
19634,85353,55332
19635,85353,55333
19636,85353,55334
19637,85353,55335
19638,85353,55336
19639,85353,55337
19640,85353,55338
19641,85353,55339
19642,85353,55340
19643,85353,55341
19644,85353,55342
19645,85353,55343
19646,85353,55344
19647,85353,55345
19648,85353,55346
19649,85353,55347
19650,85353,55348
19651,85353,55349
19652,85353,55350
19653,85353,55351
19654,85353,55352
19655,85353,55353
19656,85353,55354
19657,85353,55355
19658,85353,55356
19659,85353,55357
19660,85353,55358
19661,85353,55359
19662,85353,55360
19663,85353,55361
19664,85353,55362
19665,85353,55363
19666,85353,55364
19667,85353,55365
19668,85353,55366
19669,85353,55367
19670,85353,55368
19671,85353,55369
19672,85353,55370
19673,85353,55371
19674,85353,55372
19675,85353,55373
19676,85353,55374
19677,85353,55375
19678,85353,55376
19679,85353,55377
19680,85353,55378
19681,85353,55379
19682,85353,55380
19683,85353,55381
19684,85353,55382
19685,85353,55383
19686,85353,55384
19687,85353,55385
19688,85353,55386
19689,85353,55387
19690,85353,55388
19691,85353,55389
19692,85353,55390
19693,85353,55391
19694,85353,55392
19695,85353,55393
19696,85353,55394
19697,85353,55395
19698,85353,55396
19699,85353,55397
19700,85353,55398
19701,85353,55399
19702,85353,55400
19703,85353,55401
19704,85353,55402
19705,85353,55403
19706,85353,55404
19707,85353,55405
19708,85353,55406
19709,85353,55407
19710,85353,55408
19711,85353,55409
19712,85353,55410
19713,85353,55411
19714,85353,55412
19715,85353,55413
19716,85353,55414
19717,85353,55415
19718,85353,55416
19719,85353,55417
19720,85353,55418
19721,85353,55419
19722,85353,55420
19723,85353,55421
19724,85353,55422
19725,85353,55423
19726,85353,55424
19727,85353,55425
19728,85353,55426
19729,85353,55427
19730,85353,55428
19731,85353,55429
19732,85353,55430
19733,85353,55431
19734,85353,55432
19735,85353,55433
19736,85353,55434
19737,85353,55435
19738,85353,55436
19739,85353,55437
19740,85353,55438
19741,85353,55439
19742,85353,55440
19743,85353,55441
19744,85353,55442
19745,85353,55443
19746,85353,55444
19747,85353,55445
19748,85353,55446
19749,85353,55447
19750,85353,55448
19751,85353,55449
19752,85353,55450
19753,85353,55451
19754,85353,55452
19755,85353,55453
19756,85353,55454
19757,85353,55455
19758,85353,55456
19759,85353,55457
19760,85353,55458
19761,85353,55459
19762,85353,55460
19763,85353,55461
19764,85353,55462
19765,85353,55463
19766,85353,55464
19767,85353,55465
19768,85353,55466
19769,85353,55467
19770,85353,55468
19771,85353,55469
19772,85353,55470
19773,85353,55471
19774,85353,55472
19775,85353,55473
19776,85353,55474
19777,85353,55475
19778,85353,55476
19779,85353,55477
19780,85353,55478
19781,85353,55479
19782,85353,55480
19783,85353,55481
19784,85353,55482
19785,85353,55483
19786,85353,55484
19787,85353,55485
19788,85353,55486
19789,85353,55487
19790,85354,55320
19791,85354,55321
19792,85354,55322
19793,85354,55323
19794,85354,55324
19795,85354,55325
19796,85354,55326
19797,85354,55327
19798,85354,55328
19799,85354,55329
19800,85354,55330
19801,85354,55331
19802,85354,55332
19803,85354,55333
19804,85354,55334
19805,85354,55335
19806,85354,55336
19807,85354,55337
19808,85354,55338
19809,85354,55339
19810,85354,55340
19811,85354,55341
19812,85354,55342
19813,85354,55343
19814,85354,55344
19815,85354,55345
19816,85354,55346
19817,85354,55347
19818,85354,55348
19819,85354,55349
19820,85354,55350
19821,85354,55351
19822,85354,55352
19823,85354,55353
19824,85354,55354
19825,85354,55355
19826,85354,55356
19827,85354,55357
19828,85354,55358
19829,85354,55359
19830,85354,55360
19831,85354,55361
19832,85354,55362
19833,85354,55363
19834,85354,55364
19835,85354,55365
19836,85354,55366
19837,85354,55367
19838,85354,55368
19839,85354,55369
19840,85354,55370
19841,85354,55371
19842,85354,55372
19843,85354,55373
19844,85354,55374
19845,85354,55375
19846,85354,55376
19847,85354,55377
19848,85354,55378
19849,85354,55379
19850,85354,55380
19851,85354,55381
19852,85354,55382
19853,85354,55383
19854,85354,55384
19855,85354,55385
19856,85354,55386
19857,85354,55387
19858,85354,55388
19859,85354,55389
19860,85354,55390
19861,85354,55391
19862,85354,55392
19863,85354,55393
19864,85354,55394
19865,85354,55395
19866,85354,55396
19867,85354,55397
19868,85354,55398
19869,85354,55399
19870,85354,55400
19871,85354,55401
19872,85354,55402
19873,85354,55403
19874,85354,55404
19875,85354,55405
19876,85354,55406
19877,85354,55407
19878,85354,55408
19879,85354,55409
19880,85354,55410
19881,85354,55411
19882,85354,55412
19883,85354,55413
19884,85354,55414
19885,85354,55415
19886,85354,55416
19887,85354,55417
19888,85354,55418
19889,85354,55419
19890,85354,55420
19891,85354,55421
19892,85354,55422
19893,85354,55423
19894,85354,55424
19895,85354,55425
19896,85354,55426
19897,85354,55427
19898,85354,55428
19899,85354,55429
19900,85354,55430
19901,85354,55431
19902,85354,55432
19903,85354,55433
19904,85354,55434
19905,85354,55435
19906,85354,55436
19907,85354,55437
19908,85354,55438
19909,85354,55439
19910,85354,55440
19911,85354,55441
19912,85354,55442
19913,85354,55443
19914,85354,55444
19915,85354,55445
19916,85354,55446
19917,85354,55447
19918,85354,55448
19919,85354,55449
19920,85354,55450
19921,85354,55451
19922,85354,55452
19923,85354,55453
19924,85354,55454
19925,85354,55455
19926,85354,55456
19927,85354,55457
19928,85354,55458
19929,85354,55459
19930,85354,55460
19931,85354,55461
19932,85354,55462
19933,85354,55463
19934,85354,55464
19935,85354,55465
19936,85354,55466
19937,85354,55467
19938,85354,55468
19939,85354,55469
19940,85354,55470
19941,85354,55471
19942,85354,55472
19943,85354,55473
19944,85354,55474
19945,85354,55475
19946,85354,55476
19947,85354,55477
19948,85354,55478
19949,85354,55479
19950,85354,55480
19951,85354,55481
19952,85354,55482
19953,85354,55483
19954,85354,55484
19955,85354,55485
19956,85354,55486
19957,85354,55487
19958,85354,55488
19959,85355,55320
19960,85355,55321
19961,85355,55322
19962,85355,55323
19963,85355,55324
19964,85355,55325
19965,85355,55326
19966,85355,55327
19967,85355,55328
19968,85355,55329
19969,85355,55330
19970,85355,55331
19971,85355,55332
19972,85355,55333
19973,85355,55334
19974,85355,55335
19975,85355,55336
19976,85355,55337
19977,85355,55338
19978,85355,55339
19979,85355,55340
19980,85355,55341
19981,85355,55342
19982,85355,55343
19983,85355,55344
19984,85355,55345
19985,85355,55346
19986,85355,55347
19987,85355,55348
19988,85355,55349
19989,85355,55350
19990,85355,55351
19991,85355,55352
19992,85355,55353
19993,85355,55354
19994,85355,55355
19995,85355,55356
19996,85355,55357
19997,85355,55358
19998,85355,55359
19999,85355,55360
20000,85355,55361
20001,85355,55362
20002,85355,55363
20003,85355,55364
20004,85355,55365
20005,85355,55366
20006,85355,55367
20007,85355,55368
20008,85355,55369
20009,85355,55370
20010,85355,55371
20011,85355,55372
20012,85355,55373
20013,85355,55374
20014,85355,55375
20015,85355,55376
20016,85355,55377
20017,85355,55378
20018,85355,55379
20019,85355,55380
20020,85355,55381
20021,85355,55382
20022,85355,55383
20023,85355,55384
20024,85355,55385
20025,85355,55386
20026,85355,55387
20027,85355,55388
20028,85355,55389
20029,85355,55390
20030,85355,55391
20031,85355,55392
20032,85355,55393
20033,85355,55394
20034,85355,55395
20035,85355,55396
20036,85355,55397
20037,85355,55398
20038,85355,55399
20039,85355,55400
20040,85355,55401
20041,85355,55402
20042,85355,55403
20043,85355,55404
20044,85355,55405
20045,85355,55406
20046,85355,55407
20047,85355,55408
20048,85355,55409
20049,85355,55410
20050,85355,55411
20051,85355,55412
20052,85355,55413
20053,85355,55414
20054,85355,55415
20055,85355,55416
20056,85355,55417
20057,85355,55418
20058,85355,55419
20059,85355,55420
20060,85355,55421
20061,85355,55422
20062,85355,55423
20063,85355,55424
20064,85355,55425
20065,85355,55426
20066,85355,55427
20067,85355,55428
20068,85355,55429
20069,85355,55430
20070,85355,55431
20071,85355,55432
20072,85355,55433
20073,85355,55434
20074,85355,55435
20075,85355,55436
20076,85355,55437
20077,85355,55438
20078,85355,55439
20079,85355,55440
20080,85355,55441
20081,85355,55442
20082,85355,55443
20083,85355,55444
20084,85355,55445
20085,85355,55446
20086,85355,55447
20087,85355,55448
20088,85355,55449
20089,85355,55450
20090,85355,55451
20091,85355,55452
20092,85355,55453
20093,85355,55454
20094,85355,55455
20095,85355,55456
20096,85355,55457
20097,85355,55458
20098,85355,55459
20099,85355,55460
20100,85355,55461
20101,85355,55462
20102,85355,55463
20103,85355,55464
20104,85355,55465
20105,85355,55466
20106,85355,55467
20107,85355,55468
20108,85355,55469
20109,85355,55470
20110,85355,55471
20111,85355,55472
20112,85355,55473
20113,85355,55474
20114,85355,55475
20115,85355,55476
20116,85355,55477
20117,85355,55478
20118,85355,55479
20119,85355,55480
20120,85355,55481
20121,85355,55482
20122,85355,55483
20123,85355,55484
20124,85355,55485
20125,85355,55486
20126,85355,55487
20127,85355,55488
20128,85356,55320
20129,85356,55321
20130,85356,55322
20131,85356,55323
20132,85356,55324
20133,85356,55325
20134,85356,55326
20135,85356,55327
20136,85356,55328
20137,85356,55329
20138,85356,55330
20139,85356,55331
20140,85356,55332
20141,85356,55333
20142,85356,55334
20143,85356,55335
20144,85356,55336
20145,85356,55337
20146,85356,55338
20147,85356,55339
20148,85356,55340
20149,85356,55341
20150,85356,55342
20151,85356,55343
20152,85356,55344
20153,85356,55345
20154,85356,55346
20155,85356,55347
20156,85356,55348
20157,85356,55349
20158,85356,55350
20159,85356,55351
20160,85356,55352
20161,85356,55353
20162,85356,55354
20163,85356,55355
20164,85356,55356
20165,85356,55357
20166,85356,55358
20167,85356,55359
20168,85356,55360
20169,85356,55361
20170,85356,55362
20171,85356,55363
20172,85356,55364
20173,85356,55365
20174,85356,55366
20175,85356,55367
20176,85356,55368
20177,85356,55369
20178,85356,55370
20179,85356,55371
20180,85356,55372
20181,85356,55373
20182,85356,55374
20183,85356,55375
20184,85356,55376
20185,85356,55377
20186,85356,55378
20187,85356,55379
20188,85356,55380
20189,85356,55381
20190,85356,55382
20191,85356,55383
20192,85356,55384
20193,85356,55385
20194,85356,55386
20195,85356,55387
20196,85356,55388
20197,85356,55389
20198,85356,55390
20199,85356,55391
20200,85356,55392
20201,85356,55393
20202,85356,55394
20203,85356,55395
20204,85356,55396
20205,85356,55397
20206,85356,55398
20207,85356,55399
20208,85356,55400
20209,85356,55401
20210,85356,55402
20211,85356,55403
20212,85356,55404
20213,85356,55405
20214,85356,55406
20215,85356,55407
20216,85356,55408
20217,85356,55409
20218,85356,55410
20219,85356,55411
20220,85356,55412
20221,85356,55413
20222,85356,55414
20223,85356,55415
20224,85356,55416
20225,85356,55417
20226,85356,55418
20227,85356,55419
20228,85356,55420
20229,85356,55421
20230,85356,55422
20231,85356,55423
20232,85356,55424
20233,85356,55425
20234,85356,55426
20235,85356,55427
20236,85356,55428
20237,85356,55429
20238,85356,55430
20239,85356,55431
20240,85356,55432
20241,85356,55433
20242,85356,55434
20243,85356,55435
20244,85356,55436
20245,85356,55437
20246,85356,55438
20247,85356,55439
20248,85356,55440
20249,85356,55441
20250,85356,55442
20251,85356,55443
20252,85356,55444
20253,85356,55445
20254,85356,55446
20255,85356,55447
20256,85356,55448
20257,85356,55449
20258,85356,55450
20259,85356,55451
20260,85356,55452
20261,85356,55453
20262,85356,55454
20263,85356,55455
20264,85356,55456
20265,85356,55457
20266,85356,55458
20267,85356,55459
20268,85356,55460
20269,85356,55461
20270,85356,55462
20271,85356,55463
20272,85356,55464
20273,85356,55465
20274,85356,55466
20275,85356,55467
20276,85356,55468
20277,85356,55469
20278,85356,55470
20279,85356,55471
20280,85356,55472
20281,85356,55473
20282,85356,55474
20283,85356,55475
20284,85356,55476
20285,85356,55477
20286,85356,55478
20287,85356,55479
20288,85356,55480
20289,85356,55481
20290,85356,55482
20291,85356,55483
20292,85356,55484
20293,85356,55485
20294,85356,55486
20295,85356,55487
20296,85356,55488
20297,85356,55489
20298,85357,55320
20299,85357,55321
20300,85357,55322
20301,85357,55323
20302,85357,55324
20303,85357,55325
20304,85357,55326
20305,85357,55327
20306,85357,55328
20307,85357,55329
20308,85357,55330
20309,85357,55331
20310,85357,55332
20311,85357,55333
20312,85357,55334
20313,85357,55335
20314,85357,55336
20315,85357,55337
20316,85357,55338
20317,85357,55339
20318,85357,55340
20319,85357,55341
20320,85357,55342
20321,85357,55343
20322,85357,55344
20323,85357,55345
20324,85357,55346
20325,85357,55347
20326,85357,55348
20327,85357,55349
20328,85357,55350
20329,85357,55351
20330,85357,55352
20331,85357,55353
20332,85357,55354
20333,85357,55355
20334,85357,55356
20335,85357,55357
20336,85357,55358
20337,85357,55359
20338,85357,55360
20339,85357,55361
20340,85357,55362
20341,85357,55363
20342,85357,55364
20343,85357,55365
20344,85357,55366
20345,85357,55367
20346,85357,55368
20347,85357,55369
20348,85357,55370
20349,85357,55371
20350,85357,55372
20351,85357,55373
20352,85357,55374
20353,85357,55375
20354,85357,55376
20355,85357,55377
20356,85357,55378
20357,85357,55379
20358,85357,55380
20359,85357,55381
20360,85357,55382
20361,85357,55383
20362,85357,55384
20363,85357,55385
20364,85357,55386
20365,85357,55387
20366,85357,55388
20367,85357,55389
20368,85357,55390
20369,85357,55391
20370,85357,55392
20371,85357,55393
20372,85357,55394
20373,85357,55395
20374,85357,55396
20375,85357,55397
20376,85357,55398
20377,85357,55399
20378,85357,55400
20379,85357,55401
20380,85357,55402
20381,85357,55403
20382,85357,55404
20383,85357,55405
20384,85357,55406
20385,85357,55407
20386,85357,55408
20387,85357,55409
20388,85357,55410
20389,85357,55411
20390,85357,55412
20391,85357,55413
20392,85357,55414
20393,85357,55415
20394,85357,55416
20395,85357,55417
20396,85357,55418
20397,85357,55419
20398,85357,55420
20399,85357,55421
20400,85357,55422
20401,85357,55423
20402,85357,55424
20403,85357,55425
20404,85357,55426
20405,85357,55427
20406,85357,55428
20407,85357,55429
20408,85357,55430
20409,85357,55431
20410,85357,55432
20411,85357,55433
20412,85357,55434
20413,85357,55435
20414,85357,55436
20415,85357,55437
20416,85357,55438
20417,85357,55439
20418,85357,55440
20419,85357,55441
20420,85357,55442
20421,85357,55443
20422,85357,55444
20423,85357,55445
20424,85357,55446
20425,85357,55447
20426,85357,55448
20427,85357,55449
20428,85357,55450
20429,85357,55451
20430,85357,55452
20431,85357,55453
20432,85357,55454
20433,85357,55455
20434,85357,55456
20435,85357,55457
20436,85357,55458
20437,85357,55459
20438,85357,55460
20439,85357,55461
20440,85357,55462
20441,85357,55463
20442,85357,55464
20443,85357,55465
20444,85357,55466
20445,85357,55467
20446,85357,55468
20447,85357,55469
20448,85357,55470
20449,85357,55471
20450,85357,55472
20451,85357,55473
20452,85357,55474
20453,85357,55475
20454,85357,55476
20455,85357,55477
20456,85357,55478
20457,85357,55479
20458,85357,55480
20459,85357,55481
20460,85357,55482
20461,85357,55483
20462,85357,55484
20463,85357,55485
20464,85357,55486
20465,85357,55487
20466,85357,55488
20467,85357,55489
20468,85358,55320
20469,85358,55321
20470,85358,55322
20471,85358,55323
20472,85358,55324
20473,85358,55325
20474,85358,55326
20475,85358,55327
20476,85358,55328
20477,85358,55329
20478,85358,55330
20479,85358,55331
20480,85358,55332
20481,85358,55333
20482,85358,55334
20483,85358,55335
20484,85358,55336
20485,85358,55337
20486,85358,55338
20487,85358,55339
20488,85358,55340
20489,85358,55341
20490,85358,55342
20491,85358,55343
20492,85358,55344
20493,85358,55345
20494,85358,55346
20495,85358,55347
20496,85358,55348
20497,85358,55349
20498,85358,55350
20499,85358,55351
20500,85358,55352
20501,85358,55353
20502,85358,55354
20503,85358,55355
20504,85358,55356
20505,85358,55357
20506,85358,55358
20507,85358,55359
20508,85358,55360
20509,85358,55361
20510,85358,55362
20511,85358,55363
20512,85358,55364
20513,85358,55365
20514,85358,55366
20515,85358,55367
20516,85358,55368
20517,85358,55369
20518,85358,55370
20519,85358,55371
20520,85358,55372
20521,85358,55373
20522,85358,55374
20523,85358,55375
20524,85358,55376
20525,85358,55377
20526,85358,55378
20527,85358,55379
20528,85358,55380
20529,85358,55381
20530,85358,55382
20531,85358,55383
20532,85358,55384
20533,85358,55385
20534,85358,55386
20535,85358,55387
20536,85358,55388
20537,85358,55389
20538,85358,55390
20539,85358,55391
20540,85358,55392
20541,85358,55393
20542,85358,55394
20543,85358,55395
20544,85358,55396
20545,85358,55397
20546,85358,55398
20547,85358,55399
20548,85358,55400
20549,85358,55401
20550,85358,55402
20551,85358,55403
20552,85358,55404
20553,85358,55405
20554,85358,55406
20555,85358,55407
20556,85358,55408
20557,85358,55409
20558,85358,55410
20559,85358,55411
20560,85358,55412
20561,85358,55413
20562,85358,55414
20563,85358,55415
20564,85358,55416
20565,85358,55417
20566,85358,55418
20567,85358,55419
20568,85358,55420
20569,85358,55421
20570,85358,55422
20571,85358,55423
20572,85358,55424
20573,85358,55425
20574,85358,55426
20575,85358,55427
20576,85358,55428
20577,85358,55429
20578,85358,55430
20579,85358,55431
20580,85358,55432
20581,85358,55433
20582,85358,55434
20583,85358,55435
20584,85358,55436
20585,85358,55437
20586,85358,55438
20587,85358,55439
20588,85358,55440
20589,85358,55441
20590,85358,55442
20591,85358,55443
20592,85358,55444
20593,85358,55445
20594,85358,55446
20595,85358,55447
20596,85358,55448
20597,85358,55449
20598,85358,55450
20599,85358,55451
20600,85358,55452
20601,85358,55453
20602,85358,55454
20603,85358,55455
20604,85358,55456
20605,85358,55457
20606,85358,55458
20607,85358,55459
20608,85358,55460
20609,85358,55461
20610,85358,55462
20611,85358,55463
20612,85358,55464
20613,85358,55465
20614,85358,55466
20615,85358,55467
20616,85358,55468
20617,85358,55469
20618,85358,55470
20619,85358,55471
20620,85358,55472
20621,85358,55473
20622,85358,55474
20623,85358,55475
20624,85358,55476
20625,85358,55477
20626,85358,55478
20627,85358,55479
20628,85358,55480
20629,85358,55481
20630,85358,55482
20631,85358,55483
20632,85358,55484
20633,85358,55485
20634,85358,55486
20635,85358,55487
20636,85358,55488
20637,85358,55489
20638,85359,55320
20639,85359,55321
20640,85359,55322
20641,85359,55323
20642,85359,55324
20643,85359,55325
20644,85359,55326
20645,85359,55327
20646,85359,55328
20647,85359,55329
20648,85359,55330
20649,85359,55331
20650,85359,55332
20651,85359,55333
20652,85359,55334
20653,85359,55335
20654,85359,55336
20655,85359,55337
20656,85359,55338
20657,85359,55339
20658,85359,55340
20659,85359,55341
20660,85359,55342
20661,85359,55343
20662,85359,55344
20663,85359,55345
20664,85359,55346
20665,85359,55347
20666,85359,55348
20667,85359,55349
20668,85359,55350
20669,85359,55351
20670,85359,55352
20671,85359,55353
20672,85359,55354
20673,85359,55355
20674,85359,55356
20675,85359,55357
20676,85359,55358
20677,85359,55359
20678,85359,55360
20679,85359,55361
20680,85359,55362
20681,85359,55363
20682,85359,55364
20683,85359,55365
20684,85359,55366
20685,85359,55367
20686,85359,55368
20687,85359,55369
20688,85359,55370
20689,85359,55371
20690,85359,55372
20691,85359,55373
20692,85359,55374
20693,85359,55375
20694,85359,55376
20695,85359,55377
20696,85359,55378
20697,85359,55379
20698,85359,55380
20699,85359,55381
20700,85359,55382
20701,85359,55383
20702,85359,55384
20703,85359,55385
20704,85359,55386
20705,85359,55387
20706,85359,55388
20707,85359,55389
20708,85359,55390
20709,85359,55391
20710,85359,55392
20711,85359,55393
20712,85359,55394
20713,85359,55395
20714,85359,55396
20715,85359,55397
20716,85359,55398
20717,85359,55399
20718,85359,55400
20719,85359,55401
20720,85359,55402
20721,85359,55403
20722,85359,55404
20723,85359,55405
20724,85359,55406
20725,85359,55407
20726,85359,55408
20727,85359,55409
20728,85359,55410
20729,85359,55411
20730,85359,55412
20731,85359,55413
20732,85359,55414
20733,85359,55415
20734,85359,55416
20735,85359,55417
20736,85359,55418
20737,85359,55419
20738,85359,55420
20739,85359,55421
20740,85359,55422
20741,85359,55423
20742,85359,55424
20743,85359,55425
20744,85359,55426
20745,85359,55427
20746,85359,55428
20747,85359,55429
20748,85359,55430
20749,85359,55431
20750,85359,55432
20751,85359,55433
20752,85359,55434
20753,85359,55435
20754,85359,55436
20755,85359,55437
20756,85359,55438
20757,85359,55439
20758,85359,55440
20759,85359,55441
20760,85359,55442
20761,85359,55443
20762,85359,55444
20763,85359,55445
20764,85359,55446
20765,85359,55447
20766,85359,55448
20767,85359,55449
20768,85359,55450
20769,85359,55451
20770,85359,55452
20771,85359,55453
20772,85359,55454
20773,85359,55455
20774,85359,55456
20775,85359,55457
20776,85359,55458
20777,85359,55459
20778,85359,55460
20779,85359,55461
20780,85359,55462
20781,85359,55463
20782,85359,55464
20783,85359,55465
20784,85359,55466
20785,85359,55467
20786,85359,55468
20787,85359,55469
20788,85359,55470
20789,85359,55471
20790,85359,55472
20791,85359,55473
20792,85359,55474
20793,85359,55475
20794,85359,55476
20795,85359,55477
20796,85359,55478
20797,85359,55479
20798,85359,55480
20799,85359,55481
20800,85359,55482
20801,85359,55483
20802,85359,55484
20803,85359,55485
20804,85359,55486
20805,85359,55487
20806,85359,55488
20807,85360,55320
20808,85360,55321
20809,85360,55322
20810,85360,55323
20811,85360,55324
20812,85360,55325
20813,85360,55326
20814,85360,55327
20815,85360,55328
20816,85360,55329
20817,85360,55330
20818,85360,55331
20819,85360,55332
20820,85360,55333
20821,85360,55334
20822,85360,55335
20823,85360,55336
20824,85360,55337
20825,85360,55338
20826,85360,55339
20827,85360,55340
20828,85360,55341
20829,85360,55342
20830,85360,55343
20831,85360,55344
20832,85360,55345
20833,85360,55346
20834,85360,55347
20835,85360,55348
20836,85360,55349
20837,85360,55350
20838,85360,55351
20839,85360,55352
20840,85360,55353
20841,85360,55354
20842,85360,55355
20843,85360,55356
20844,85360,55357
20845,85360,55358
20846,85360,55359
20847,85360,55360
20848,85360,55361
20849,85360,55362
20850,85360,55363
20851,85360,55364
20852,85360,55365
20853,85360,55366
20854,85360,55367
20855,85360,55368
20856,85360,55369
20857,85360,55370
20858,85360,55371
20859,85360,55372
20860,85360,55373
20861,85360,55374
20862,85360,55375
20863,85360,55376
20864,85360,55377
20865,85360,55378
20866,85360,55379
20867,85360,55380
20868,85360,55381
20869,85360,55382
20870,85360,55383
20871,85360,55384
20872,85360,55385
20873,85360,55386
20874,85360,55387
20875,85360,55388
20876,85360,55389
20877,85360,55390
20878,85360,55391
20879,85360,55392
20880,85360,55393
20881,85360,55394
20882,85360,55395
20883,85360,55396
20884,85360,55397
20885,85360,55398
20886,85360,55399
20887,85360,55400
20888,85360,55401
20889,85360,55402
20890,85360,55403
20891,85360,55404
20892,85360,55405
20893,85360,55406
20894,85360,55407
20895,85360,55408
20896,85360,55409
20897,85360,55410
20898,85360,55411
20899,85360,55412
20900,85360,55413
20901,85360,55414
20902,85360,55415
20903,85360,55416
20904,85360,55417
20905,85360,55418
20906,85360,55419
20907,85360,55420
20908,85360,55421
20909,85360,55422
20910,85360,55423
20911,85360,55424
20912,85360,55425
20913,85360,55426
20914,85360,55427
20915,85360,55428
20916,85360,55429
20917,85360,55430
20918,85360,55431
20919,85360,55432
20920,85360,55433
20921,85360,55434
20922,85360,55435
20923,85360,55436
20924,85360,55437
20925,85360,55438
20926,85360,55439
20927,85360,55440
20928,85360,55441
20929,85360,55442
20930,85360,55443
20931,85360,55444
20932,85360,55445
20933,85360,55446
20934,85360,55447
20935,85360,55448
20936,85360,55449
20937,85360,55450
20938,85360,55451
20939,85360,55452
20940,85360,55453
20941,85360,55454
20942,85360,55455
20943,85360,55456
20944,85360,55457
20945,85360,55458
20946,85360,55459
20947,85360,55460
20948,85360,55461
20949,85360,55462
20950,85360,55463
20951,85360,55464
20952,85360,55465
20953,85360,55466
20954,85360,55467
20955,85360,55468
20956,85360,55469
20957,85360,55470
20958,85360,55471
20959,85360,55472
20960,85360,55473
20961,85360,55474
20962,85360,55475
20963,85360,55476
20964,85360,55477
20965,85360,55478
20966,85360,55479
20967,85360,55480
20968,85360,55481
20969,85360,55482
20970,85360,55483
20971,85360,55484
20972,85360,55485
20973,85360,55486
20974,85360,55487
20975,85360,55488
20976,85360,55489
20977,85361,55320
20978,85361,55321
20979,85361,55322
20980,85361,55323
20981,85361,55324
20982,85361,55325
20983,85361,55326
20984,85361,55327
20985,85361,55328
20986,85361,55329
20987,85361,55330
20988,85361,55331
20989,85361,55332
20990,85361,55333
20991,85361,55334
20992,85361,55335
20993,85361,55336
20994,85361,55337
20995,85361,55338
20996,85361,55339
20997,85361,55340
20998,85361,55341
20999,85361,55342
21000,85361,55343
21001,85361,55344
21002,85361,55345
21003,85361,55346
21004,85361,55347
21005,85361,55348
21006,85361,55349
21007,85361,55350
21008,85361,55351
21009,85361,55352
21010,85361,55353
21011,85361,55354
21012,85361,55355
21013,85361,55356
21014,85361,55357
21015,85361,55358
21016,85361,55359
21017,85361,55360
21018,85361,55361
21019,85361,55362
21020,85361,55363
21021,85361,55364
21022,85361,55365
21023,85361,55366
21024,85361,55367
21025,85361,55368
21026,85361,55369
21027,85361,55370
21028,85361,55371
21029,85361,55372
21030,85361,55373
21031,85361,55374
21032,85361,55375
21033,85361,55376
21034,85361,55377
21035,85361,55378
21036,85361,55379
21037,85361,55380
21038,85361,55381
21039,85361,55382
21040,85361,55383
21041,85361,55384
21042,85361,55385
21043,85361,55386
21044,85361,55387
21045,85361,55388
21046,85361,55389
21047,85361,55390
21048,85361,55391
21049,85361,55392
21050,85361,55393
21051,85361,55394
21052,85361,55395
21053,85361,55396
21054,85361,55397
21055,85361,55398
21056,85361,55399
21057,85361,55400
21058,85361,55401
21059,85361,55402
21060,85361,55403
21061,85361,55404
21062,85361,55405
21063,85361,55406
21064,85361,55407
21065,85361,55408
21066,85361,55409
21067,85361,55410
21068,85361,55411
21069,85361,55412
21070,85361,55413
21071,85361,55414
21072,85361,55415
21073,85361,55416
21074,85361,55417
21075,85361,55418
21076,85361,55419
21077,85361,55420
21078,85361,55421
21079,85361,55422
21080,85361,55423
21081,85361,55424
21082,85361,55425
21083,85361,55426
21084,85361,55427
21085,85361,55428
21086,85361,55429
21087,85361,55430
21088,85361,55431
21089,85361,55432
21090,85361,55433
21091,85361,55434
21092,85361,55435
21093,85361,55436
21094,85361,55437
21095,85361,55438
21096,85361,55439
21097,85361,55440
21098,85361,55441
21099,85361,55442
21100,85361,55443
21101,85361,55444
21102,85361,55445
21103,85361,55446
21104,85361,55447
21105,85361,55448
21106,85361,55449
21107,85361,55450
21108,85361,55451
21109,85361,55452
21110,85361,55453
21111,85361,55454
21112,85361,55455
21113,85361,55456
21114,85361,55457
21115,85361,55458
21116,85361,55459
21117,85361,55460
21118,85361,55461
21119,85361,55462
21120,85361,55463
21121,85361,55464
21122,85361,55465
21123,85361,55466
21124,85361,55467
21125,85361,55468
21126,85361,55469
21127,85361,55470
21128,85361,55471
21129,85361,55472
21130,85361,55473
21131,85361,55474
21132,85361,55475
21133,85361,55476
21134,85361,55477
21135,85361,55478
21136,85361,55479
21137,85361,55480
21138,85361,55481
21139,85361,55482
21140,85361,55483
21141,85361,55484
21142,85361,55485
21143,85361,55486
21144,85361,55487
21145,85361,55488
21146,85361,55489
21147,85362,55320
21148,85362,55321
21149,85362,55322
21150,85362,55323
21151,85362,55324
21152,85362,55325
21153,85362,55326
21154,85362,55327
21155,85362,55328
21156,85362,55329
21157,85362,55330
21158,85362,55331
21159,85362,55332
21160,85362,55333
21161,85362,55334
21162,85362,55335
21163,85362,55336
21164,85362,55337
21165,85362,55338
21166,85362,55339
21167,85362,55340
21168,85362,55341
21169,85362,55342
21170,85362,55343
21171,85362,55344
21172,85362,55345
21173,85362,55346
21174,85362,55347
21175,85362,55348
21176,85362,55349
21177,85362,55350
21178,85362,55351
21179,85362,55352
21180,85362,55353
21181,85362,55354
21182,85362,55355
21183,85362,55356
21184,85362,55357
21185,85362,55358
21186,85362,55359
21187,85362,55360
21188,85362,55361
21189,85362,55362
21190,85362,55363
21191,85362,55364
21192,85362,55365
21193,85362,55366
21194,85362,55367
21195,85362,55368
21196,85362,55369
21197,85362,55370
21198,85362,55371
21199,85362,55372
21200,85362,55373
21201,85362,55374
21202,85362,55375
21203,85362,55376
21204,85362,55377
21205,85362,55378
21206,85362,55379
21207,85362,55380
21208,85362,55381
21209,85362,55382
21210,85362,55383
21211,85362,55384
21212,85362,55385
21213,85362,55386
21214,85362,55387
21215,85362,55388
21216,85362,55389
21217,85362,55390
21218,85362,55391
21219,85362,55392
21220,85362,55393
21221,85362,55394
21222,85362,55395
21223,85362,55396
21224,85362,55397
21225,85362,55398
21226,85362,55399
21227,85362,55400
21228,85362,55401
21229,85362,55402
21230,85362,55403
21231,85362,55404
21232,85362,55405
21233,85362,55406
21234,85362,55407
21235,85362,55408
21236,85362,55409
21237,85362,55410
21238,85362,55411
21239,85362,55412
21240,85362,55413
21241,85362,55414
21242,85362,55415
21243,85362,55416
21244,85362,55417
21245,85362,55418
21246,85362,55419
21247,85362,55420
21248,85362,55421
21249,85362,55422
21250,85362,55423
21251,85362,55424
21252,85362,55425
21253,85362,55426
21254,85362,55427
21255,85362,55428
21256,85362,55429
21257,85362,55430
21258,85362,55431
21259,85362,55432
21260,85362,55433
21261,85362,55434
21262,85362,55435
21263,85362,55436
21264,85362,55437
21265,85362,55438
21266,85362,55439
21267,85362,55440
21268,85362,55441
21269,85362,55442
21270,85362,55443
21271,85362,55444
21272,85362,55445
21273,85362,55446
21274,85362,55447
21275,85362,55448
21276,85362,55449
21277,85362,55450
21278,85362,55451
21279,85362,55452
21280,85362,55453
21281,85362,55454
21282,85362,55455
21283,85362,55456
21284,85362,55457
21285,85362,55458
21286,85362,55459
21287,85362,55460
21288,85362,55461
21289,85362,55462
21290,85362,55463
21291,85362,55464
21292,85362,55465
21293,85362,55466
21294,85362,55467
21295,85362,55468
21296,85362,55469
21297,85362,55470
21298,85362,55471
21299,85362,55472
21300,85362,55473
21301,85362,55474
21302,85362,55475
21303,85362,55476
21304,85362,55477
21305,85362,55478
21306,85362,55479
21307,85362,55480
21308,85362,55481
21309,85362,55482
21310,85362,55483
21311,85362,55484
21312,85362,55485
21313,85362,55486
21314,85362,55487
21315,85362,55488
21316,85362,55489
21317,85363,55320
21318,85363,55321
21319,85363,55322
21320,85363,55323
21321,85363,55324
21322,85363,55325
21323,85363,55326
21324,85363,55327
21325,85363,55328
21326,85363,55329
21327,85363,55330
21328,85363,55331
21329,85363,55332
21330,85363,55333
21331,85363,55334
21332,85363,55335
21333,85363,55336
21334,85363,55337
21335,85363,55338
21336,85363,55339
21337,85363,55340
21338,85363,55341
21339,85363,55342
21340,85363,55343
21341,85363,55344
21342,85363,55345
21343,85363,55346
21344,85363,55347
21345,85363,55348
21346,85363,55349
21347,85363,55350
21348,85363,55351
21349,85363,55352
21350,85363,55353
21351,85363,55354
21352,85363,55355
21353,85363,55356
21354,85363,55357
21355,85363,55358
21356,85363,55359
21357,85363,55360
21358,85363,55361
21359,85363,55362
21360,85363,55363
21361,85363,55364
21362,85363,55365
21363,85363,55366
21364,85363,55367
21365,85363,55368
21366,85363,55369
21367,85363,55370
21368,85363,55371
21369,85363,55372
21370,85363,55373
21371,85363,55374
21372,85363,55375
21373,85363,55376
21374,85363,55377
21375,85363,55378
21376,85363,55379
21377,85363,55380
21378,85363,55381
21379,85363,55382
21380,85363,55383
21381,85363,55384
21382,85363,55385
21383,85363,55386
21384,85363,55387
21385,85363,55388
21386,85363,55389
21387,85363,55390
21388,85363,55391
21389,85363,55392
21390,85363,55393
21391,85363,55394
21392,85363,55395
21393,85363,55396
21394,85363,55397
21395,85363,55398
21396,85363,55399
21397,85363,55400
21398,85363,55401
21399,85363,55402
21400,85363,55403
21401,85363,55404
21402,85363,55405
21403,85363,55406
21404,85363,55407
21405,85363,55408
21406,85363,55409
21407,85363,55410
21408,85363,55411
21409,85363,55412
21410,85363,55413
21411,85363,55414
21412,85363,55415
21413,85363,55416
21414,85363,55417
21415,85363,55418
21416,85363,55419
21417,85363,55420
21418,85363,55421
21419,85363,55422
21420,85363,55423
21421,85363,55424
21422,85363,55425
21423,85363,55426
21424,85363,55427
21425,85363,55428
21426,85363,55429
21427,85363,55430
21428,85363,55431
21429,85363,55432
21430,85363,55433
21431,85363,55434
21432,85363,55435
21433,85363,55436
21434,85363,55437
21435,85363,55438
21436,85363,55439
21437,85363,55440
21438,85363,55441
21439,85363,55442
21440,85363,55443
21441,85363,55444
21442,85363,55445
21443,85363,55446
21444,85363,55447
21445,85363,55448
21446,85363,55449
21447,85363,55450
21448,85363,55451
21449,85363,55452
21450,85363,55453
21451,85363,55454
21452,85363,55455
21453,85363,55456
21454,85363,55457
21455,85363,55458
21456,85363,55459
21457,85363,55460
21458,85363,55461
21459,85363,55462
21460,85363,55463
21461,85363,55464
21462,85363,55465
21463,85363,55466
21464,85363,55467
21465,85363,55468
21466,85363,55469
21467,85363,55470
21468,85363,55471
21469,85363,55472
21470,85363,55473
21471,85363,55474
21472,85363,55475
21473,85363,55476
21474,85363,55477
21475,85363,55478
21476,85363,55479
21477,85363,55480
21478,85363,55481
21479,85363,55482
21480,85363,55483
21481,85363,55484
21482,85363,55485
21483,85363,55486
21484,85363,55487
21485,85363,55488
21486,85363,55489
21487,85364,55320
21488,85364,55321
21489,85364,55322
21490,85364,55323
21491,85364,55324
21492,85364,55325
21493,85364,55326
21494,85364,55327
21495,85364,55328
21496,85364,55329
21497,85364,55330
21498,85364,55331
21499,85364,55332
21500,85364,55333
21501,85364,55334
21502,85364,55335
21503,85364,55336
21504,85364,55337
21505,85364,55338
21506,85364,55339
21507,85364,55340
21508,85364,55341
21509,85364,55342
21510,85364,55343
21511,85364,55344
21512,85364,55345
21513,85364,55346
21514,85364,55347
21515,85364,55348
21516,85364,55349
21517,85364,55350
21518,85364,55351
21519,85364,55352
21520,85364,55353
21521,85364,55354
21522,85364,55355
21523,85364,55356
21524,85364,55357
21525,85364,55358
21526,85364,55359
21527,85364,55360
21528,85364,55361
21529,85364,55362
21530,85364,55363
21531,85364,55364
21532,85364,55365
21533,85364,55366
21534,85364,55367
21535,85364,55368
21536,85364,55369
21537,85364,55370
21538,85364,55371
21539,85364,55372
21540,85364,55373
21541,85364,55374
21542,85364,55375
21543,85364,55376
21544,85364,55377
21545,85364,55378
21546,85364,55379
21547,85364,55380
21548,85364,55381
21549,85364,55382
21550,85364,55383
21551,85364,55384
21552,85364,55385
21553,85364,55386
21554,85364,55387
21555,85364,55388
21556,85364,55389
21557,85364,55390
21558,85364,55391
21559,85364,55392
21560,85364,55393
21561,85364,55394
21562,85364,55395
21563,85364,55396
21564,85364,55397
21565,85364,55398
21566,85364,55399
21567,85364,55400
21568,85364,55401
21569,85364,55402
21570,85364,55403
21571,85364,55404
21572,85364,55405
21573,85364,55406
21574,85364,55407
21575,85364,55408
21576,85364,55409
21577,85364,55410
21578,85364,55411
21579,85364,55412
21580,85364,55413
21581,85364,55414
21582,85364,55415
21583,85364,55416
21584,85364,55417
21585,85364,55418
21586,85364,55419
21587,85364,55420
21588,85364,55421
21589,85364,55422
21590,85364,55423
21591,85364,55424
21592,85364,55425
21593,85364,55426
21594,85364,55427
21595,85364,55428
21596,85364,55429
21597,85364,55430
21598,85364,55431
21599,85364,55432
21600,85364,55433
21601,85364,55434
21602,85364,55435
21603,85364,55436
21604,85364,55437
21605,85364,55438
21606,85364,55439
21607,85364,55440
21608,85364,55441
21609,85364,55442
21610,85364,55443
21611,85364,55444
21612,85364,55445
21613,85364,55446
21614,85364,55447
21615,85364,55448
21616,85364,55449
21617,85364,55450
21618,85364,55451
21619,85364,55452
21620,85364,55453
21621,85364,55454
21622,85364,55455
21623,85364,55456
21624,85364,55457
21625,85364,55458
21626,85364,55459
21627,85364,55460
21628,85364,55461
21629,85364,55462
21630,85364,55463
21631,85364,55464
21632,85364,55465
21633,85364,55466
21634,85364,55467
21635,85364,55468
21636,85364,55469
21637,85364,55470
21638,85364,55471
21639,85364,55472
21640,85364,55473
21641,85364,55474
21642,85364,55475
21643,85364,55476
21644,85364,55477
21645,85364,55478
21646,85364,55479
21647,85364,55480
21648,85364,55481
21649,85364,55482
21650,85364,55483
21651,85364,55484
21652,85364,55485
21653,85364,55486
21654,85364,55487
21655,85364,55488
21656,85364,55489
21657,85365,55320
21658,85365,55321
21659,85365,55322
21660,85365,55323
21661,85365,55324
21662,85365,55325
21663,85365,55326
21664,85365,55327
21665,85365,55328
21666,85365,55329
21667,85365,55330
21668,85365,55331
21669,85365,55332
21670,85365,55333
21671,85365,55334
21672,85365,55335
21673,85365,55336
21674,85365,55337
21675,85365,55338
21676,85365,55339
21677,85365,55340
21678,85365,55341
21679,85365,55342
21680,85365,55343
21681,85365,55344
21682,85365,55345
21683,85365,55346
21684,85365,55347
21685,85365,55348
21686,85365,55349
21687,85365,55350
21688,85365,55351
21689,85365,55352
21690,85365,55353
21691,85365,55354
21692,85365,55355
21693,85365,55356
21694,85365,55357
21695,85365,55358
21696,85365,55359
21697,85365,55360
21698,85365,55361
21699,85365,55362
21700,85365,55363
21701,85365,55364
21702,85365,55365
21703,85365,55366
21704,85365,55367
21705,85365,55368
21706,85365,55369
21707,85365,55370
21708,85365,55371
21709,85365,55372
21710,85365,55373
21711,85365,55374
21712,85365,55375
21713,85365,55376
21714,85365,55377
21715,85365,55378
21716,85365,55379
21717,85365,55380
21718,85365,55381
21719,85365,55382
21720,85365,55383
21721,85365,55384
21722,85365,55385
21723,85365,55386
21724,85365,55387
21725,85365,55388
21726,85365,55389
21727,85365,55390
21728,85365,55391
21729,85365,55392
21730,85365,55393
21731,85365,55394
21732,85365,55395
21733,85365,55396
21734,85365,55397
21735,85365,55398
21736,85365,55399
21737,85365,55400
21738,85365,55401
21739,85365,55402
21740,85365,55403
21741,85365,55404
21742,85365,55405
21743,85365,55406
21744,85365,55407
21745,85365,55408
21746,85365,55409
21747,85365,55410
21748,85365,55411
21749,85365,55412
21750,85365,55413
21751,85365,55414
21752,85365,55415
21753,85365,55416
21754,85365,55417
21755,85365,55418
21756,85365,55419
21757,85365,55420
21758,85365,55421
21759,85365,55422
21760,85365,55423
21761,85365,55424
21762,85365,55425
21763,85365,55426
21764,85365,55427
21765,85365,55428
21766,85365,55429
21767,85365,55430
21768,85365,55431
21769,85365,55432
21770,85365,55433
21771,85365,55434
21772,85365,55435
21773,85365,55436
21774,85365,55437
21775,85365,55438
21776,85365,55439
21777,85365,55440
21778,85365,55441
21779,85365,55442
21780,85365,55443
21781,85365,55444
21782,85365,55445
21783,85365,55446
21784,85365,55447
21785,85365,55448
21786,85365,55449
21787,85365,55450
21788,85365,55451
21789,85365,55452
21790,85365,55453
21791,85365,55454
21792,85365,55455
21793,85365,55456
21794,85365,55457
21795,85365,55458
21796,85365,55459
21797,85365,55460
21798,85365,55461
21799,85365,55462
21800,85365,55463
21801,85365,55464
21802,85365,55465
21803,85365,55466
21804,85365,55467
21805,85365,55468
21806,85365,55469
21807,85365,55470
21808,85365,55471
21809,85365,55472
21810,85365,55473
21811,85365,55474
21812,85365,55475
21813,85365,55476
21814,85365,55477
21815,85365,55478
21816,85365,55479
21817,85365,55480
21818,85365,55481
21819,85365,55482
21820,85365,55483
21821,85365,55484
21822,85365,55485
21823,85365,55486
21824,85365,55487
21825,85365,55488
21826,85366,55320
21827,85366,55321
21828,85366,55322
21829,85366,55323
21830,85366,55324
21831,85366,55325
21832,85366,55326
21833,85366,55327
21834,85366,55328
21835,85366,55329
21836,85366,55330
21837,85366,55331
21838,85366,55332
21839,85366,55333
21840,85366,55334
21841,85366,55335
21842,85366,55336
21843,85366,55337
21844,85366,55338
21845,85366,55339
21846,85366,55340
21847,85366,55341
21848,85366,55342
21849,85366,55343
21850,85366,55344
21851,85366,55345
21852,85366,55346
21853,85366,55347
21854,85366,55348
21855,85366,55349
21856,85366,55350
21857,85366,55351
21858,85366,55352
21859,85366,55353
21860,85366,55354
21861,85366,55355
21862,85366,55356
21863,85366,55357
21864,85366,55358
21865,85366,55359
21866,85366,55360
21867,85366,55361
21868,85366,55362
21869,85366,55363
21870,85366,55364
21871,85366,55365
21872,85366,55366
21873,85366,55367
21874,85366,55368
21875,85366,55369
21876,85366,55370
21877,85366,55371
21878,85366,55372
21879,85366,55373
21880,85366,55374
21881,85366,55375
21882,85366,55376
21883,85366,55377
21884,85366,55378
21885,85366,55379
21886,85366,55380
21887,85366,55381
21888,85366,55382
21889,85366,55383
21890,85366,55384
21891,85366,55385
21892,85366,55386
21893,85366,55387
21894,85366,55388
21895,85366,55389
21896,85366,55390
21897,85366,55391
21898,85366,55392
21899,85366,55393
21900,85366,55394
21901,85366,55395
21902,85366,55396
21903,85366,55397
21904,85366,55398
21905,85366,55399
21906,85366,55400
21907,85366,55401
21908,85366,55402
21909,85366,55403
21910,85366,55404
21911,85366,55405
21912,85366,55406
21913,85366,55407
21914,85366,55408
21915,85366,55409
21916,85366,55410
21917,85366,55411
21918,85366,55412
21919,85366,55413
21920,85366,55414
21921,85366,55415
21922,85366,55416
21923,85366,55417
21924,85366,55418
21925,85366,55419
21926,85366,55420
21927,85366,55421
21928,85366,55422
21929,85366,55423
21930,85366,55424
21931,85366,55425
21932,85366,55426
21933,85366,55427
21934,85366,55428
21935,85366,55429
21936,85366,55430
21937,85366,55431
21938,85366,55432
21939,85366,55433
21940,85366,55434
21941,85366,55435
21942,85366,55436
21943,85366,55437
21944,85366,55438
21945,85366,55439
21946,85366,55440
21947,85366,55441
21948,85366,55442
21949,85366,55443
21950,85366,55444
21951,85366,55445
21952,85366,55446
21953,85366,55447
21954,85366,55448
21955,85366,55449
21956,85366,55450
21957,85366,55451
21958,85366,55452
21959,85366,55453
21960,85366,55454
21961,85366,55455
21962,85366,55456
21963,85366,55457
21964,85366,55458
21965,85366,55459
21966,85366,55460
21967,85366,55461
21968,85366,55462
21969,85366,55463
21970,85366,55464
21971,85366,55465
21972,85366,55466
21973,85366,55467
21974,85366,55468
21975,85366,55469
21976,85366,55470
21977,85366,55471
21978,85366,55472
21979,85366,55473
21980,85366,55474
21981,85366,55475
21982,85366,55476
21983,85366,55477
21984,85366,55478
21985,85366,55479
21986,85366,55480
21987,85366,55481
21988,85366,55482
21989,85366,55483
21990,85366,55484
21991,85366,55485
21992,85366,55486
21993,85366,55487
21994,85366,55488
21995,85367,55320
21996,85367,55321
21997,85367,55322
21998,85367,55323
21999,85367,55324
22000,85367,55325
22001,85367,55326
22002,85367,55327
22003,85367,55328
22004,85367,55329
22005,85367,55330
22006,85367,55331
22007,85367,55332
22008,85367,55333
22009,85367,55334
22010,85367,55335
22011,85367,55336
22012,85367,55337
22013,85367,55338
22014,85367,55339
22015,85367,55340
22016,85367,55341
22017,85367,55342
22018,85367,55343
22019,85367,55344
22020,85367,55345
22021,85367,55346
22022,85367,55347
22023,85367,55348
22024,85367,55349
22025,85367,55350
22026,85367,55351
22027,85367,55352
22028,85367,55353
22029,85367,55354
22030,85367,55355
22031,85367,55356
22032,85367,55357
22033,85367,55358
22034,85367,55359
22035,85367,55360
22036,85367,55361
22037,85367,55362
22038,85367,55363
22039,85367,55364
22040,85367,55365
22041,85367,55366
22042,85367,55367
22043,85367,55368
22044,85367,55369
22045,85367,55370
22046,85367,55371
22047,85367,55372
22048,85367,55373
22049,85367,55374
22050,85367,55375
22051,85367,55376
22052,85367,55377
22053,85367,55378
22054,85367,55379
22055,85367,55380
22056,85367,55381
22057,85367,55382
22058,85367,55383
22059,85367,55384
22060,85367,55385
22061,85367,55386
22062,85367,55387
22063,85367,55388
22064,85367,55389
22065,85367,55390
22066,85367,55391
22067,85367,55392
22068,85367,55393
22069,85367,55394
22070,85367,55395
22071,85367,55396
22072,85367,55397
22073,85367,55398
22074,85367,55399
22075,85367,55400
22076,85367,55401
22077,85367,55402
22078,85367,55403
22079,85367,55404
22080,85367,55405
22081,85367,55406
22082,85367,55407
22083,85367,55408
22084,85367,55409
22085,85367,55410
22086,85367,55411
22087,85367,55412
22088,85367,55413
22089,85367,55414
22090,85367,55415
22091,85367,55416
22092,85367,55417
22093,85367,55418
22094,85367,55419
22095,85367,55420
22096,85367,55421
22097,85367,55422
22098,85367,55423
22099,85367,55424
22100,85367,55425
22101,85367,55426
22102,85367,55427
22103,85367,55428
22104,85367,55429
22105,85367,55430
22106,85367,55431
22107,85367,55432
22108,85367,55433
22109,85367,55434
22110,85367,55435
22111,85367,55436
22112,85367,55437
22113,85367,55438
22114,85367,55439
22115,85367,55440
22116,85367,55441
22117,85367,55442
22118,85367,55443
22119,85367,55444
22120,85367,55445
22121,85367,55446
22122,85367,55447
22123,85367,55448
22124,85367,55449
22125,85367,55450
22126,85367,55451
22127,85367,55452
22128,85367,55453
22129,85367,55454
22130,85367,55455
22131,85367,55456
22132,85367,55457
22133,85367,55458
22134,85367,55459
22135,85367,55460
22136,85367,55461
22137,85367,55462
22138,85367,55463
22139,85367,55464
22140,85367,55465
22141,85367,55466
22142,85367,55467
22143,85367,55468
22144,85367,55469
22145,85367,55470
22146,85367,55471
22147,85367,55472
22148,85367,55473
22149,85367,55474
22150,85367,55475
22151,85367,55476
22152,85367,55477
22153,85367,55478
22154,85367,55479
22155,85367,55480
22156,85367,55481
22157,85367,55482
22158,85367,55483
22159,85367,55484
22160,85367,55485
22161,85367,55486
22162,85367,55487
22163,85367,55488
22164,85368,55320
22165,85368,55321
22166,85368,55322
22167,85368,55323
22168,85368,55324
22169,85368,55325
22170,85368,55326
22171,85368,55327
22172,85368,55328
22173,85368,55329
22174,85368,55330
22175,85368,55331
22176,85368,55332
22177,85368,55333
22178,85368,55334
22179,85368,55335
22180,85368,55336
22181,85368,55337
22182,85368,55338
22183,85368,55339
22184,85368,55340
22185,85368,55341
22186,85368,55342
22187,85368,55343
22188,85368,55344
22189,85368,55345
22190,85368,55346
22191,85368,55347
22192,85368,55348
22193,85368,55349
22194,85368,55350
22195,85368,55351
22196,85368,55352
22197,85368,55353
22198,85368,55354
22199,85368,55355
22200,85368,55356
22201,85368,55357
22202,85368,55358
22203,85368,55359
22204,85368,55360
22205,85368,55361
22206,85368,55362
22207,85368,55363
22208,85368,55364
22209,85368,55365
22210,85368,55366
22211,85368,55367
22212,85368,55368
22213,85368,55369
22214,85368,55370
22215,85368,55371
22216,85368,55372
22217,85368,55373
22218,85368,55374
22219,85368,55375
22220,85368,55376
22221,85368,55377
22222,85368,55378
22223,85368,55379
22224,85368,55380
22225,85368,55381
22226,85368,55382
22227,85368,55383
22228,85368,55384
22229,85368,55385
22230,85368,55386
22231,85368,55387
22232,85368,55388
22233,85368,55389
22234,85368,55390
22235,85368,55391
22236,85368,55392
22237,85368,55393
22238,85368,55394
22239,85368,55395
22240,85368,55396
22241,85368,55397
22242,85368,55398
22243,85368,55399
22244,85368,55400
22245,85368,55401
22246,85368,55402
22247,85368,55403
22248,85368,55404
22249,85368,55405
22250,85368,55406
22251,85368,55407
22252,85368,55408
22253,85368,55409
22254,85368,55410
22255,85368,55411
22256,85368,55412
22257,85368,55413
22258,85368,55414
22259,85368,55415
22260,85368,55416
22261,85368,55417
22262,85368,55418
22263,85368,55419
22264,85368,55420
22265,85368,55421
22266,85368,55422
22267,85368,55423
22268,85368,55424
22269,85368,55425
22270,85368,55426
22271,85368,55427
22272,85368,55428
22273,85368,55429
22274,85368,55430
22275,85368,55431
22276,85368,55432
22277,85368,55433
22278,85368,55434
22279,85368,55435
22280,85368,55436
22281,85368,55437
22282,85368,55438
22283,85368,55439
22284,85368,55440
22285,85368,55441
22286,85368,55442
22287,85368,55443
22288,85368,55444
22289,85368,55445
22290,85368,55446
22291,85368,55447
22292,85368,55448
22293,85368,55449
22294,85368,55450
22295,85368,55451
22296,85368,55452
22297,85368,55453
22298,85368,55454
22299,85368,55455
22300,85368,55456
22301,85368,55457
22302,85368,55458
22303,85368,55459
22304,85368,55460
22305,85368,55461
22306,85368,55462
22307,85368,55463
22308,85368,55464
22309,85368,55465
22310,85368,55466
22311,85368,55467
22312,85368,55468
22313,85368,55469
22314,85368,55470
22315,85368,55471
22316,85368,55472
22317,85368,55473
22318,85368,55474
22319,85368,55475
22320,85368,55476
22321,85368,55477
22322,85368,55478
22323,85368,55479
22324,85368,55480
22325,85368,55481
22326,85368,55482
22327,85368,55483
22328,85368,55484
22329,85368,55485
22330,85368,55486
22331,85368,55487
22332,85368,55488
22333,85369,55320
22334,85369,55321
22335,85369,55322
22336,85369,55323
22337,85369,55324
22338,85369,55325
22339,85369,55326
22340,85369,55327
22341,85369,55328
22342,85369,55329
22343,85369,55330
22344,85369,55331
22345,85369,55332
22346,85369,55333
22347,85369,55334
22348,85369,55335
22349,85369,55336
22350,85369,55337
22351,85369,55338
22352,85369,55339
22353,85369,55340
22354,85369,55341
22355,85369,55342
22356,85369,55343
22357,85369,55344
22358,85369,55345
22359,85369,55346
22360,85369,55347
22361,85369,55348
22362,85369,55349
22363,85369,55350
22364,85369,55351
22365,85369,55352
22366,85369,55353
22367,85369,55354
22368,85369,55355
22369,85369,55356
22370,85369,55357
22371,85369,55358
22372,85369,55359
22373,85369,55360
22374,85369,55361
22375,85369,55362
22376,85369,55363
22377,85369,55364
22378,85369,55365
22379,85369,55366
22380,85369,55367
22381,85369,55368
22382,85369,55369
22383,85369,55370
22384,85369,55371
22385,85369,55372
22386,85369,55373
22387,85369,55374
22388,85369,55375
22389,85369,55376
22390,85369,55377
22391,85369,55378
22392,85369,55379
22393,85369,55380
22394,85369,55381
22395,85369,55382
22396,85369,55383
22397,85369,55384
22398,85369,55385
22399,85369,55386
22400,85369,55387
22401,85369,55388
22402,85369,55389
22403,85369,55390
22404,85369,55391
22405,85369,55392
22406,85369,55393
22407,85369,55394
22408,85369,55395
22409,85369,55396
22410,85369,55397
22411,85369,55398
22412,85369,55399
22413,85369,55400
22414,85369,55401
22415,85369,55402
22416,85369,55403
22417,85369,55404
22418,85369,55405
22419,85369,55406
22420,85369,55407
22421,85369,55408
22422,85369,55409
22423,85369,55410
22424,85369,55411
22425,85369,55412
22426,85369,55413
22427,85369,55414
22428,85369,55415
22429,85369,55416
22430,85369,55417
22431,85369,55418
22432,85369,55419
22433,85369,55420
22434,85369,55421
22435,85369,55422
22436,85369,55423
22437,85369,55424
22438,85369,55425
22439,85369,55426
22440,85369,55427
22441,85369,55428
22442,85369,55429
22443,85369,55430
22444,85369,55431
22445,85369,55432
22446,85369,55433
22447,85369,55434
22448,85369,55435
22449,85369,55436
22450,85369,55437
22451,85369,55438
22452,85369,55439
22453,85369,55440
22454,85369,55441
22455,85369,55442
22456,85369,55443
22457,85369,55444
22458,85369,55445
22459,85369,55446
22460,85369,55447
22461,85369,55448
22462,85369,55449
22463,85369,55450
22464,85369,55451
22465,85369,55452
22466,85369,55453
22467,85369,55454
22468,85369,55455
22469,85369,55456
22470,85369,55457
22471,85369,55458
22472,85369,55459
22473,85369,55460
22474,85369,55461
22475,85369,55462
22476,85369,55463
22477,85369,55464
22478,85369,55465
22479,85369,55466
22480,85369,55467
22481,85369,55468
22482,85369,55469
22483,85369,55470
22484,85369,55471
22485,85369,55472
22486,85369,55473
22487,85369,55474
22488,85369,55475
22489,85369,55476
22490,85369,55477
22491,85369,55478
22492,85369,55479
22493,85369,55480
22494,85369,55481
22495,85369,55482
22496,85369,55483
22497,85369,55484
22498,85369,55485
22499,85369,55486
22500,85369,55487
22501,85370,55320
22502,85370,55321
22503,85370,55322
22504,85370,55323
22505,85370,55324
22506,85370,55325
22507,85370,55326
22508,85370,55327
22509,85370,55328
22510,85370,55329
22511,85370,55330
22512,85370,55331
22513,85370,55332
22514,85370,55333
22515,85370,55334
22516,85370,55335
22517,85370,55336
22518,85370,55337
22519,85370,55338
22520,85370,55339
22521,85370,55340
22522,85370,55341
22523,85370,55342
22524,85370,55343
22525,85370,55344
22526,85370,55345
22527,85370,55346
22528,85370,55347
22529,85370,55348
22530,85370,55349
22531,85370,55350
22532,85370,55351
22533,85370,55352
22534,85370,55353
22535,85370,55354
22536,85370,55355
22537,85370,55356
22538,85370,55357
22539,85370,55358
22540,85370,55359
22541,85370,55360
22542,85370,55361
22543,85370,55362
22544,85370,55363
22545,85370,55364
22546,85370,55365
22547,85370,55366
22548,85370,55367
22549,85370,55368
22550,85370,55369
22551,85370,55370
22552,85370,55371
22553,85370,55372
22554,85370,55373
22555,85370,55374
22556,85370,55375
22557,85370,55376
22558,85370,55377
22559,85370,55378
22560,85370,55379
22561,85370,55380
22562,85370,55381
22563,85370,55382
22564,85370,55383
22565,85370,55384
22566,85370,55385
22567,85370,55386
22568,85370,55387
22569,85370,55388
22570,85370,55389
22571,85370,55390
22572,85370,55391
22573,85370,55392
22574,85370,55393
22575,85370,55394
22576,85370,55395
22577,85370,55396
22578,85370,55397
22579,85370,55398
22580,85370,55399
22581,85370,55400
22582,85370,55401
22583,85370,55402
22584,85370,55403
22585,85370,55404
22586,85370,55405
22587,85370,55406
22588,85370,55407
22589,85370,55408
22590,85370,55409
22591,85370,55410
22592,85370,55411
22593,85370,55412
22594,85370,55413
22595,85370,55414
22596,85370,55415
22597,85370,55416
22598,85370,55417
22599,85370,55418
22600,85370,55419
22601,85370,55420
22602,85370,55421
22603,85370,55422
22604,85370,55423
22605,85370,55424
22606,85370,55425
22607,85370,55426
22608,85370,55427
22609,85370,55428
22610,85370,55429
22611,85370,55430
22612,85370,55431
22613,85370,55432
22614,85370,55433
22615,85370,55434
22616,85370,55435
22617,85370,55436
22618,85370,55437
22619,85370,55438
22620,85370,55439
22621,85370,55440
22622,85370,55441
22623,85370,55442
22624,85370,55443
22625,85370,55444
22626,85370,55445
22627,85370,55446
22628,85370,55447
22629,85370,55448
22630,85370,55449
22631,85370,55450
22632,85370,55451
22633,85370,55452
22634,85370,55453
22635,85370,55454
22636,85370,55455
22637,85370,55456
22638,85370,55457
22639,85370,55458
22640,85370,55459
22641,85370,55460
22642,85370,55461
22643,85370,55462
22644,85370,55463
22645,85370,55464
22646,85370,55465
22647,85370,55466
22648,85370,55467
22649,85370,55468
22650,85370,55469
22651,85370,55470
22652,85370,55471
22653,85370,55472
22654,85370,55473
22655,85370,55474
22656,85370,55475
22657,85370,55476
22658,85370,55477
22659,85370,55478
22660,85370,55479
22661,85370,55480
22662,85370,55481
22663,85370,55482
22664,85370,55483
22665,85370,55484
22666,85370,55485
22667,85370,55486
22668,85370,55487
22669,85371,55320
22670,85371,55321
22671,85371,55322
22672,85371,55323
22673,85371,55324
22674,85371,55325
22675,85371,55326
22676,85371,55327
22677,85371,55328
22678,85371,55329
22679,85371,55330
22680,85371,55331
22681,85371,55332
22682,85371,55333
22683,85371,55334
22684,85371,55335
22685,85371,55336
22686,85371,55337
22687,85371,55338
22688,85371,55339
22689,85371,55340
22690,85371,55341
22691,85371,55342
22692,85371,55343
22693,85371,55344
22694,85371,55345
22695,85371,55346
22696,85371,55347
22697,85371,55348
22698,85371,55349
22699,85371,55350
22700,85371,55351
22701,85371,55352
22702,85371,55353
22703,85371,55354
22704,85371,55355
22705,85371,55356
22706,85371,55357
22707,85371,55358
22708,85371,55359
22709,85371,55360
22710,85371,55361
22711,85371,55362
22712,85371,55363
22713,85371,55364
22714,85371,55365
22715,85371,55366
22716,85371,55367
22717,85371,55368
22718,85371,55369
22719,85371,55370
22720,85371,55371
22721,85371,55372
22722,85371,55373
22723,85371,55374
22724,85371,55375
22725,85371,55376
22726,85371,55377
22727,85371,55378
22728,85371,55379
22729,85371,55380
22730,85371,55381
22731,85371,55382
22732,85371,55383
22733,85371,55384
22734,85371,55385
22735,85371,55386
22736,85371,55387
22737,85371,55388
22738,85371,55389
22739,85371,55390
22740,85371,55391
22741,85371,55392
22742,85371,55393
22743,85371,55394
22744,85371,55395
22745,85371,55396
22746,85371,55397
22747,85371,55398
22748,85371,55399
22749,85371,55400
22750,85371,55401
22751,85371,55402
22752,85371,55403
22753,85371,55404
22754,85371,55405
22755,85371,55406
22756,85371,55407
22757,85371,55408
22758,85371,55409
22759,85371,55410
22760,85371,55411
22761,85371,55412
22762,85371,55413
22763,85371,55414
22764,85371,55415
22765,85371,55416
22766,85371,55417
22767,85371,55418
22768,85371,55419
22769,85371,55420
22770,85371,55421
22771,85371,55422
22772,85371,55423
22773,85371,55424
22774,85371,55425
22775,85371,55426
22776,85371,55427
22777,85371,55428
22778,85371,55429
22779,85371,55430
22780,85371,55431
22781,85371,55432
22782,85371,55433
22783,85371,55434
22784,85371,55435
22785,85371,55436
22786,85371,55437
22787,85371,55438
22788,85371,55439
22789,85371,55440
22790,85371,55441
22791,85371,55442
22792,85371,55443
22793,85371,55444
22794,85371,55445
22795,85371,55446
22796,85371,55447
22797,85371,55448
22798,85371,55449
22799,85371,55450
22800,85371,55451
22801,85371,55452
22802,85371,55453
22803,85371,55454
22804,85371,55455
22805,85371,55456
22806,85371,55457
22807,85371,55458
22808,85371,55459
22809,85371,55460
22810,85371,55461
22811,85371,55462
22812,85371,55463
22813,85371,55464
22814,85371,55465
22815,85371,55466
22816,85371,55467
22817,85371,55468
22818,85371,55469
22819,85371,55470
22820,85371,55471
22821,85371,55472
22822,85371,55473
22823,85371,55474
22824,85371,55475
22825,85371,55476
22826,85371,55477
22827,85371,55478
22828,85371,55479
22829,85371,55480
22830,85371,55481
22831,85371,55482
22832,85371,55483
22833,85371,55484
22834,85371,55485
22835,85371,55486
22836,85372,55320
22837,85372,55321
22838,85372,55322
22839,85372,55323
22840,85372,55324
22841,85372,55325
22842,85372,55326
22843,85372,55327
22844,85372,55328
22845,85372,55329
22846,85372,55330
22847,85372,55331
22848,85372,55332
22849,85372,55333
22850,85372,55334
22851,85372,55335
22852,85372,55336
22853,85372,55337
22854,85372,55338
22855,85372,55339
22856,85372,55340
22857,85372,55341
22858,85372,55342
22859,85372,55343
22860,85372,55344
22861,85372,55345
22862,85372,55346
22863,85372,55347
22864,85372,55348
22865,85372,55349
22866,85372,55350
22867,85372,55351
22868,85372,55352
22869,85372,55353
22870,85372,55354
22871,85372,55355
22872,85372,55356
22873,85372,55357
22874,85372,55358
22875,85372,55359
22876,85372,55360
22877,85372,55361
22878,85372,55362
22879,85372,55363
22880,85372,55364
22881,85372,55365
22882,85372,55366
22883,85372,55367
22884,85372,55368
22885,85372,55369
22886,85372,55370
22887,85372,55371
22888,85372,55372
22889,85372,55373
22890,85372,55374
22891,85372,55375
22892,85372,55376
22893,85372,55377
22894,85372,55378
22895,85372,55379
22896,85372,55380
22897,85372,55381
22898,85372,55382
22899,85372,55383
22900,85372,55384
22901,85372,55385
22902,85372,55386
22903,85372,55387
22904,85372,55388
22905,85372,55389
22906,85372,55390
22907,85372,55391
22908,85372,55392
22909,85372,55393
22910,85372,55394
22911,85372,55395
22912,85372,55396
22913,85372,55397
22914,85372,55398
22915,85372,55399
22916,85372,55400
22917,85372,55401
22918,85372,55402
22919,85372,55403
22920,85372,55404
22921,85372,55405
22922,85372,55406
22923,85372,55407
22924,85372,55408
22925,85372,55409
22926,85372,55410
22927,85372,55411
22928,85372,55412
22929,85372,55413
22930,85372,55414
22931,85372,55415
22932,85372,55416
22933,85372,55417
22934,85372,55418
22935,85372,55419
22936,85372,55420
22937,85372,55421
22938,85372,55422
22939,85372,55423
22940,85372,55424
22941,85372,55425
22942,85372,55426
22943,85372,55427
22944,85372,55428
22945,85372,55429
22946,85372,55430
22947,85372,55431
22948,85372,55432
22949,85372,55433
22950,85372,55434
22951,85372,55435
22952,85372,55436
22953,85372,55437
22954,85372,55438
22955,85372,55439
22956,85372,55440
22957,85372,55441
22958,85372,55442
22959,85372,55443
22960,85372,55444
22961,85372,55445
22962,85372,55446
22963,85372,55447
22964,85372,55448
22965,85372,55449
22966,85372,55450
22967,85372,55451
22968,85372,55452
22969,85372,55453
22970,85372,55454
22971,85372,55455
22972,85372,55456
22973,85372,55457
22974,85372,55458
22975,85372,55459
22976,85372,55460
22977,85372,55461
22978,85372,55462
22979,85372,55463
22980,85372,55464
22981,85372,55465
22982,85372,55466
22983,85372,55467
22984,85372,55468
22985,85372,55469
22986,85372,55470
22987,85372,55471
22988,85372,55472
22989,85372,55473
22990,85372,55474
22991,85372,55475
22992,85372,55476
22993,85372,55477
22994,85372,55478
22995,85372,55479
22996,85372,55480
22997,85372,55481
22998,85372,55482
22999,85372,55483
23000,85372,55484
23001,85372,55485
23002,85372,55486
23003,85373,55320
23004,85373,55321
23005,85373,55322
23006,85373,55323
23007,85373,55324
23008,85373,55325
23009,85373,55326
23010,85373,55327
23011,85373,55328
23012,85373,55329
23013,85373,55330
23014,85373,55331
23015,85373,55332
23016,85373,55333
23017,85373,55334
23018,85373,55335
23019,85373,55336
23020,85373,55337
23021,85373,55338
23022,85373,55339
23023,85373,55340
23024,85373,55341
23025,85373,55342
23026,85373,55343
23027,85373,55344
23028,85373,55345
23029,85373,55346
23030,85373,55347
23031,85373,55348
23032,85373,55349
23033,85373,55350
23034,85373,55351
23035,85373,55352
23036,85373,55353
23037,85373,55354
23038,85373,55355
23039,85373,55356
23040,85373,55357
23041,85373,55358
23042,85373,55359
23043,85373,55360
23044,85373,55361
23045,85373,55362
23046,85373,55363
23047,85373,55364
23048,85373,55365
23049,85373,55366
23050,85373,55367
23051,85373,55368
23052,85373,55369
23053,85373,55370
23054,85373,55371
23055,85373,55372
23056,85373,55373
23057,85373,55374
23058,85373,55375
23059,85373,55376
23060,85373,55377
23061,85373,55378
23062,85373,55379
23063,85373,55380
23064,85373,55381
23065,85373,55382
23066,85373,55383
23067,85373,55384
23068,85373,55385
23069,85373,55386
23070,85373,55387
23071,85373,55388
23072,85373,55389
23073,85373,55390
23074,85373,55391
23075,85373,55392
23076,85373,55393
23077,85373,55394
23078,85373,55395
23079,85373,55396
23080,85373,55397
23081,85373,55398
23082,85373,55399
23083,85373,55400
23084,85373,55401
23085,85373,55402
23086,85373,55403
23087,85373,55404
23088,85373,55405
23089,85373,55406
23090,85373,55407
23091,85373,55408
23092,85373,55409
23093,85373,55410
23094,85373,55411
23095,85373,55412
23096,85373,55413
23097,85373,55414
23098,85373,55415
23099,85373,55416
23100,85373,55417
23101,85373,55418
23102,85373,55419
23103,85373,55420
23104,85373,55421
23105,85373,55422
23106,85373,55423
23107,85373,55424
23108,85373,55425
23109,85373,55426
23110,85373,55427
23111,85373,55428
23112,85373,55429
23113,85373,55430
23114,85373,55431
23115,85373,55432
23116,85373,55433
23117,85373,55434
23118,85373,55435
23119,85373,55436
23120,85373,55437
23121,85373,55438
23122,85373,55439
23123,85373,55440
23124,85373,55441
23125,85373,55442
23126,85373,55443
23127,85373,55444
23128,85373,55445
23129,85373,55446
23130,85373,55447
23131,85373,55448
23132,85373,55449
23133,85373,55450
23134,85373,55451
23135,85373,55452
23136,85373,55453
23137,85373,55454
23138,85373,55455
23139,85373,55456
23140,85373,55457
23141,85373,55458
23142,85373,55459
23143,85373,55460
23144,85373,55461
23145,85373,55462
23146,85373,55463
23147,85373,55464
23148,85373,55465
23149,85373,55466
23150,85373,55467
23151,85373,55468
23152,85373,55469
23153,85373,55470
23154,85373,55471
23155,85373,55472
23156,85373,55473
23157,85373,55474
23158,85373,55475
23159,85373,55476
23160,85373,55477
23161,85373,55478
23162,85373,55479
23163,85373,55480
23164,85373,55481
23165,85373,55482
23166,85373,55483
23167,85373,55484
23168,85373,55485
23169,85373,55605
23170,85373,55606
23171,85373,55607
23172,85373,55608
23173,85374,55320
23174,85374,55321
23175,85374,55322
23176,85374,55323
23177,85374,55324
23178,85374,55325
23179,85374,55326
23180,85374,55327
23181,85374,55328
23182,85374,55329
23183,85374,55330
23184,85374,55331
23185,85374,55332
23186,85374,55333
23187,85374,55334
23188,85374,55335
23189,85374,55336
23190,85374,55337
23191,85374,55338
23192,85374,55339
23193,85374,55340
23194,85374,55341
23195,85374,55342
23196,85374,55343
23197,85374,55344
23198,85374,55345
23199,85374,55346
23200,85374,55347
23201,85374,55348
23202,85374,55349
23203,85374,55350
23204,85374,55351
23205,85374,55352
23206,85374,55353
23207,85374,55354
23208,85374,55355
23209,85374,55356
23210,85374,55357
23211,85374,55358
23212,85374,55359
23213,85374,55360
23214,85374,55361
23215,85374,55362
23216,85374,55363
23217,85374,55364
23218,85374,55365
23219,85374,55366
23220,85374,55367
23221,85374,55368
23222,85374,55369
23223,85374,55370
23224,85374,55371
23225,85374,55372
23226,85374,55373
23227,85374,55374
23228,85374,55375
23229,85374,55376
23230,85374,55377
23231,85374,55378
23232,85374,55379
23233,85374,55380
23234,85374,55381
23235,85374,55382
23236,85374,55383
23237,85374,55384
23238,85374,55385
23239,85374,55386
23240,85374,55387
23241,85374,55388
23242,85374,55389
23243,85374,55390
23244,85374,55391
23245,85374,55392
23246,85374,55393
23247,85374,55394
23248,85374,55395
23249,85374,55396
23250,85374,55397
23251,85374,55398
23252,85374,55399
23253,85374,55400
23254,85374,55401
23255,85374,55402
23256,85374,55403
23257,85374,55404
23258,85374,55405
23259,85374,55406
23260,85374,55407
23261,85374,55408
23262,85374,55409
23263,85374,55410
23264,85374,55411
23265,85374,55412
23266,85374,55413
23267,85374,55414
23268,85374,55415
23269,85374,55416
23270,85374,55417
23271,85374,55418
23272,85374,55419
23273,85374,55420
23274,85374,55421
23275,85374,55422
23276,85374,55423
23277,85374,55424
23278,85374,55425
23279,85374,55426
23280,85374,55427
23281,85374,55428
23282,85374,55429
23283,85374,55430
23284,85374,55431
23285,85374,55432
23286,85374,55433
23287,85374,55434
23288,85374,55435
23289,85374,55436
23290,85374,55437
23291,85374,55438
23292,85374,55439
23293,85374,55440
23294,85374,55441
23295,85374,55442
23296,85374,55443
23297,85374,55444
23298,85374,55445
23299,85374,55446
23300,85374,55447
23301,85374,55448
23302,85374,55449
23303,85374,55450
23304,85374,55451
23305,85374,55452
23306,85374,55453
23307,85374,55454
23308,85374,55455
23309,85374,55456
23310,85374,55457
23311,85374,55458
23312,85374,55459
23313,85374,55460
23314,85374,55461
23315,85374,55462
23316,85374,55463
23317,85374,55464
23318,85374,55465
23319,85374,55466
23320,85374,55467
23321,85374,55468
23322,85374,55469
23323,85374,55470
23324,85374,55471
23325,85374,55472
23326,85374,55473
23327,85374,55474
23328,85374,55475
23329,85374,55476
23330,85374,55477
23331,85374,55478
23332,85374,55479
23333,85374,55480
23334,85374,55481
23335,85374,55482
23336,85374,55483
23337,85374,55484
23338,85374,55485
23339,85374,55603
23340,85374,55604
23341,85374,55605
23342,85374,55606
23343,85374,55607
23344,85374,55608
23345,85374,55609
23346,85374,55610
23347,85375,55320
23348,85375,55321
23349,85375,55322
23350,85375,55323
23351,85375,55324
23352,85375,55325
23353,85375,55326
23354,85375,55327
23355,85375,55328
23356,85375,55329
23357,85375,55330
23358,85375,55331
23359,85375,55332
23360,85375,55333
23361,85375,55334
23362,85375,55335
23363,85375,55336
23364,85375,55337
23365,85375,55338
23366,85375,55339
23367,85375,55340
23368,85375,55341
23369,85375,55342
23370,85375,55343
23371,85375,55344
23372,85375,55345
23373,85375,55346
23374,85375,55347
23375,85375,55348
23376,85375,55349
23377,85375,55350
23378,85375,55351
23379,85375,55352
23380,85375,55353
23381,85375,55354
23382,85375,55355
23383,85375,55356
23384,85375,55357
23385,85375,55358
23386,85375,55359
23387,85375,55360
23388,85375,55361
23389,85375,55362
23390,85375,55363
23391,85375,55364
23392,85375,55365
23393,85375,55366
23394,85375,55367
23395,85375,55368
23396,85375,55369
23397,85375,55370
23398,85375,55371
23399,85375,55372
23400,85375,55373
23401,85375,55374
23402,85375,55375
23403,85375,55376
23404,85375,55377
23405,85375,55378
23406,85375,55379
23407,85375,55380
23408,85375,55381
23409,85375,55382
23410,85375,55383
23411,85375,55384
23412,85375,55385
23413,85375,55386
23414,85375,55387
23415,85375,55388
23416,85375,55389
23417,85375,55390
23418,85375,55391
23419,85375,55392
23420,85375,55393
23421,85375,55394
23422,85375,55395
23423,85375,55396
23424,85375,55397
23425,85375,55398
23426,85375,55399
23427,85375,55400
23428,85375,55401
23429,85375,55402
23430,85375,55403
23431,85375,55404
23432,85375,55405
23433,85375,55406
23434,85375,55407
23435,85375,55408
23436,85375,55409
23437,85375,55410
23438,85375,55411
23439,85375,55412
23440,85375,55413
23441,85375,55414
23442,85375,55415
23443,85375,55416
23444,85375,55417
23445,85375,55418
23446,85375,55419
23447,85375,55420
23448,85375,55421
23449,85375,55422
23450,85375,55423
23451,85375,55424
23452,85375,55425
23453,85375,55426
23454,85375,55427
23455,85375,55428
23456,85375,55429
23457,85375,55430
23458,85375,55431
23459,85375,55432
23460,85375,55433
23461,85375,55434
23462,85375,55435
23463,85375,55436
23464,85375,55437
23465,85375,55438
23466,85375,55439
23467,85375,55440
23468,85375,55441
23469,85375,55442
23470,85375,55443
23471,85375,55444
23472,85375,55445
23473,85375,55446
23474,85375,55447
23475,85375,55448
23476,85375,55449
23477,85375,55450
23478,85375,55451
23479,85375,55452
23480,85375,55453
23481,85375,55454
23482,85375,55455
23483,85375,55456
23484,85375,55457
23485,85375,55458
23486,85375,55459
23487,85375,55460
23488,85375,55461
23489,85375,55462
23490,85375,55463
23491,85375,55464
23492,85375,55465
23493,85375,55466
23494,85375,55467
23495,85375,55468
23496,85375,55469
23497,85375,55470
23498,85375,55471
23499,85375,55472
23500,85375,55473
23501,85375,55474
23502,85375,55475
23503,85375,55476
23504,85375,55477
23505,85375,55478
23506,85375,55479
23507,85375,55480
23508,85375,55481
23509,85375,55482
23510,85375,55483
23511,85375,55484
23512,85375,55485
23513,85375,55601
23514,85375,55602
23515,85375,55603
23516,85375,55604
23517,85375,55605
23518,85375,55606
23519,85375,55607
23520,85375,55608
23521,85375,55609
23522,85375,55610
23523,85375,55611
23524,85375,55612
23525,85376,55320
23526,85376,55321
23527,85376,55322
23528,85376,55323
23529,85376,55324
23530,85376,55325
23531,85376,55326
23532,85376,55327
23533,85376,55328
23534,85376,55329
23535,85376,55330
23536,85376,55331
23537,85376,55332
23538,85376,55333
23539,85376,55334
23540,85376,55335
23541,85376,55336
23542,85376,55337
23543,85376,55338
23544,85376,55339
23545,85376,55340
23546,85376,55341
23547,85376,55342
23548,85376,55343
23549,85376,55344
23550,85376,55345
23551,85376,55346
23552,85376,55347
23553,85376,55348
23554,85376,55349
23555,85376,55350
23556,85376,55351
23557,85376,55352
23558,85376,55353
23559,85376,55354
23560,85376,55355
23561,85376,55356
23562,85376,55357
23563,85376,55358
23564,85376,55359
23565,85376,55360
23566,85376,55361
23567,85376,55362
23568,85376,55363
23569,85376,55364
23570,85376,55365
23571,85376,55366
23572,85376,55367
23573,85376,55368
23574,85376,55369
23575,85376,55370
23576,85376,55371
23577,85376,55372
23578,85376,55373
23579,85376,55374
23580,85376,55375
23581,85376,55376
23582,85376,55377
23583,85376,55378
23584,85376,55379
23585,85376,55380
23586,85376,55381
23587,85376,55382
23588,85376,55383
23589,85376,55384
23590,85376,55385
23591,85376,55386
23592,85376,55387
23593,85376,55388
23594,85376,55389
23595,85376,55390
23596,85376,55391
23597,85376,55392
23598,85376,55393
23599,85376,55394
23600,85376,55395
23601,85376,55396
23602,85376,55397
23603,85376,55398
23604,85376,55399
23605,85376,55400
23606,85376,55401
23607,85376,55402
23608,85376,55403
23609,85376,55404
23610,85376,55405
23611,85376,55406
23612,85376,55407
23613,85376,55408
23614,85376,55409
23615,85376,55410
23616,85376,55411
23617,85376,55412
23618,85376,55413
23619,85376,55414
23620,85376,55415
23621,85376,55416
23622,85376,55417
23623,85376,55418
23624,85376,55419
23625,85376,55420
23626,85376,55421
23627,85376,55422
23628,85376,55423
23629,85376,55424
23630,85376,55425
23631,85376,55426
23632,85376,55427
23633,85376,55428
23634,85376,55429
23635,85376,55430
23636,85376,55431
23637,85376,55432
23638,85376,55433
23639,85376,55434
23640,85376,55435
23641,85376,55436
23642,85376,55437
23643,85376,55438
23644,85376,55439
23645,85376,55440
23646,85376,55441
23647,85376,55442
23648,85376,55443
23649,85376,55444
23650,85376,55445
23651,85376,55446
23652,85376,55447
23653,85376,55448
23654,85376,55449
23655,85376,55450
23656,85376,55451
23657,85376,55452
23658,85376,55453
23659,85376,55454
23660,85376,55455
23661,85376,55456
23662,85376,55457
23663,85376,55458
23664,85376,55459
23665,85376,55460
23666,85376,55461
23667,85376,55462
23668,85376,55463
23669,85376,55464
23670,85376,55465
23671,85376,55466
23672,85376,55467
23673,85376,55468
23674,85376,55469
23675,85376,55470
23676,85376,55471
23677,85376,55472
23678,85376,55473
23679,85376,55474
23680,85376,55475
23681,85376,55476
23682,85376,55477
23683,85376,55478
23684,85376,55479
23685,85376,55480
23686,85376,55481
23687,85376,55482
23688,85376,55483
23689,85376,55484
23690,85376,55601
23691,85376,55602
23692,85376,55603
23693,85376,55604
23694,85376,55605
23695,85376,55606
23696,85376,55607
23697,85376,55608
23698,85376,55609
23699,85376,55610
23700,85376,55611
23701,85376,55612
23702,85376,55613
23703,85377,55320
23704,85377,55321
23705,85377,55322
23706,85377,55323
23707,85377,55324
23708,85377,55325
23709,85377,55326
23710,85377,55327
23711,85377,55328
23712,85377,55329
23713,85377,55330
23714,85377,55331
23715,85377,55332
23716,85377,55333
23717,85377,55334
23718,85377,55335
23719,85377,55336
23720,85377,55337
23721,85377,55338
23722,85377,55339
23723,85377,55340
23724,85377,55341
23725,85377,55342
23726,85377,55343
23727,85377,55344
23728,85377,55345
23729,85377,55346
23730,85377,55347
23731,85377,55348
23732,85377,55349
23733,85377,55350
23734,85377,55351
23735,85377,55352
23736,85377,55353
23737,85377,55354
23738,85377,55355
23739,85377,55356
23740,85377,55357
23741,85377,55358
23742,85377,55359
23743,85377,55360
23744,85377,55361
23745,85377,55362
23746,85377,55363
23747,85377,55364
23748,85377,55365
23749,85377,55366
23750,85377,55367
23751,85377,55368
23752,85377,55369
23753,85377,55370
23754,85377,55371
23755,85377,55372
23756,85377,55373
23757,85377,55374
23758,85377,55375
23759,85377,55376
23760,85377,55377
23761,85377,55378
23762,85377,55379
23763,85377,55380
23764,85377,55381
23765,85377,55382
23766,85377,55383
23767,85377,55384
23768,85377,55385
23769,85377,55386
23770,85377,55387
23771,85377,55388
23772,85377,55389
23773,85377,55390
23774,85377,55391
23775,85377,55392
23776,85377,55393
23777,85377,55394
23778,85377,55395
23779,85377,55396
23780,85377,55397
23781,85377,55398
23782,85377,55399
23783,85377,55400
23784,85377,55401
23785,85377,55402
23786,85377,55403
23787,85377,55404
23788,85377,55405
23789,85377,55406
23790,85377,55407
23791,85377,55408
23792,85377,55409
23793,85377,55410
23794,85377,55411
23795,85377,55412
23796,85377,55413
23797,85377,55414
23798,85377,55415
23799,85377,55416
23800,85377,55417
23801,85377,55418
23802,85377,55419
23803,85377,55420
23804,85377,55421
23805,85377,55422
23806,85377,55423
23807,85377,55424
23808,85377,55425
23809,85377,55426
23810,85377,55427
23811,85377,55428
23812,85377,55429
23813,85377,55430
23814,85377,55431
23815,85377,55432
23816,85377,55433
23817,85377,55434
23818,85377,55435
23819,85377,55436
23820,85377,55437
23821,85377,55438
23822,85377,55439
23823,85377,55440
23824,85377,55441
23825,85377,55442
23826,85377,55443
23827,85377,55444
23828,85377,55445
23829,85377,55446
23830,85377,55447
23831,85377,55448
23832,85377,55449
23833,85377,55450
23834,85377,55451
23835,85377,55452
23836,85377,55453
23837,85377,55454
23838,85377,55455
23839,85377,55456
23840,85377,55457
23841,85377,55458
23842,85377,55459
23843,85377,55460
23844,85377,55461
23845,85377,55462
23846,85377,55463
23847,85377,55464
23848,85377,55465
23849,85377,55466
23850,85377,55467
23851,85377,55468
23852,85377,55469
23853,85377,55470
23854,85377,55471
23855,85377,55472
23856,85377,55473
23857,85377,55474
23858,85377,55475
23859,85377,55476
23860,85377,55477
23861,85377,55478
23862,85377,55479
23863,85377,55480
23864,85377,55481
23865,85377,55482
23866,85377,55483
23867,85377,55484
23868,85377,55600
23869,85377,55601
23870,85377,55602
23871,85377,55603
23872,85377,55604
23873,85377,55605
23874,85377,55606
23875,85377,55607
23876,85377,55608
23877,85377,55609
23878,85377,55610
23879,85377,55611
23880,85377,55612
23881,85377,55613
23882,85377,55614
23883,85377,55615
23884,85377,55616
23885,85378,55320
23886,85378,55321
23887,85378,55322
23888,85378,55323
23889,85378,55324
23890,85378,55325
23891,85378,55326
23892,85378,55327
23893,85378,55328
23894,85378,55329
23895,85378,55330
23896,85378,55331
23897,85378,55332
23898,85378,55333
23899,85378,55334
23900,85378,55335
23901,85378,55336
23902,85378,55337
23903,85378,55338
23904,85378,55339
23905,85378,55340
23906,85378,55341
23907,85378,55342
23908,85378,55343
23909,85378,55344
23910,85378,55345
23911,85378,55346
23912,85378,55347
23913,85378,55348
23914,85378,55349
23915,85378,55350
23916,85378,55351
23917,85378,55352
23918,85378,55353
23919,85378,55354
23920,85378,55355
23921,85378,55356
23922,85378,55357
23923,85378,55358
23924,85378,55359
23925,85378,55360
23926,85378,55361
23927,85378,55362
23928,85378,55363
23929,85378,55364
23930,85378,55365
23931,85378,55366
23932,85378,55367
23933,85378,55368
23934,85378,55369
23935,85378,55370
23936,85378,55371
23937,85378,55372
23938,85378,55373
23939,85378,55374
23940,85378,55375
23941,85378,55376
23942,85378,55377
23943,85378,55378
23944,85378,55379
23945,85378,55380
23946,85378,55381
23947,85378,55382
23948,85378,55383
23949,85378,55384
23950,85378,55385
23951,85378,55386
23952,85378,55387
23953,85378,55388
23954,85378,55389
23955,85378,55390
23956,85378,55391
23957,85378,55392
23958,85378,55393
23959,85378,55394
23960,85378,55395
23961,85378,55396
23962,85378,55397
23963,85378,55398
23964,85378,55399
23965,85378,55400
23966,85378,55401
23967,85378,55402
23968,85378,55403
23969,85378,55404
23970,85378,55405
23971,85378,55406
23972,85378,55407
23973,85378,55408
23974,85378,55409
23975,85378,55410
23976,85378,55411
23977,85378,55412
23978,85378,55413
23979,85378,55414
23980,85378,55415
23981,85378,55416
23982,85378,55417
23983,85378,55418
23984,85378,55419
23985,85378,55420
23986,85378,55421
23987,85378,55422
23988,85378,55423
23989,85378,55424
23990,85378,55425
23991,85378,55426
23992,85378,55427
23993,85378,55428
23994,85378,55429
23995,85378,55430
23996,85378,55431
23997,85378,55432
23998,85378,55433
23999,85378,55434
24000,85378,55435
24001,85378,55436
24002,85378,55437
24003,85378,55438
24004,85378,55439
24005,85378,55440
24006,85378,55441
24007,85378,55442
24008,85378,55443
24009,85378,55444
24010,85378,55445
24011,85378,55446
24012,85378,55447
24013,85378,55448
24014,85378,55449
24015,85378,55450
24016,85378,55451
24017,85378,55452
24018,85378,55453
24019,85378,55454
24020,85378,55455
24021,85378,55456
24022,85378,55457
24023,85378,55458
24024,85378,55459
24025,85378,55460
24026,85378,55461
24027,85378,55462
24028,85378,55463
24029,85378,55464
24030,85378,55465
24031,85378,55466
24032,85378,55467
24033,85378,55468
24034,85378,55469
24035,85378,55470
24036,85378,55471
24037,85378,55472
24038,85378,55473
24039,85378,55474
24040,85378,55475
24041,85378,55476
24042,85378,55477
24043,85378,55478
24044,85378,55479
24045,85378,55480
24046,85378,55481
24047,85378,55482
24048,85378,55483
24049,85378,55484
24050,85378,55600
24051,85378,55601
24052,85378,55602
24053,85378,55603
24054,85378,55604
24055,85378,55605
24056,85378,55606
24057,85378,55607
24058,85378,55608
24059,85378,55609
24060,85378,55610
24061,85378,55611
24062,85378,55612
24063,85378,55613
24064,85378,55614
24065,85378,55615
24066,85378,55616
24067,85378,55617
24068,85379,55320
24069,85379,55321
24070,85379,55322
24071,85379,55323
24072,85379,55324
24073,85379,55325
24074,85379,55326
24075,85379,55327
24076,85379,55328
24077,85379,55329
24078,85379,55330
24079,85379,55331
24080,85379,55332
24081,85379,55333
24082,85379,55334
24083,85379,55335
24084,85379,55336
24085,85379,55337
24086,85379,55338
24087,85379,55339
24088,85379,55340
24089,85379,55341
24090,85379,55342
24091,85379,55343
24092,85379,55344
24093,85379,55345
24094,85379,55346
24095,85379,55347
24096,85379,55348
24097,85379,55349
24098,85379,55350
24099,85379,55351
24100,85379,55352
24101,85379,55353
24102,85379,55354
24103,85379,55355
24104,85379,55356
24105,85379,55357
24106,85379,55358
24107,85379,55359
24108,85379,55360
24109,85379,55361
24110,85379,55362
24111,85379,55363
24112,85379,55364
24113,85379,55365
24114,85379,55366
24115,85379,55367
24116,85379,55368
24117,85379,55369
24118,85379,55370
24119,85379,55371
24120,85379,55372
24121,85379,55373
24122,85379,55374
24123,85379,55375
24124,85379,55376
24125,85379,55377
24126,85379,55378
24127,85379,55379
24128,85379,55380
24129,85379,55381
24130,85379,55382
24131,85379,55383
24132,85379,55384
24133,85379,55385
24134,85379,55386
24135,85379,55387
24136,85379,55388
24137,85379,55389
24138,85379,55390
24139,85379,55391
24140,85379,55392
24141,85379,55393
24142,85379,55394
24143,85379,55395
24144,85379,55396
24145,85379,55397
24146,85379,55398
24147,85379,55399
24148,85379,55400
24149,85379,55401
24150,85379,55402
24151,85379,55403
24152,85379,55404
24153,85379,55405
24154,85379,55406
24155,85379,55407
24156,85379,55408
24157,85379,55409
24158,85379,55410
24159,85379,55411
24160,85379,55412
24161,85379,55413
24162,85379,55414
24163,85379,55415
24164,85379,55416
24165,85379,55417
24166,85379,55418
24167,85379,55419
24168,85379,55420
24169,85379,55421
24170,85379,55422
24171,85379,55423
24172,85379,55424
24173,85379,55425
24174,85379,55426
24175,85379,55427
24176,85379,55428
24177,85379,55429
24178,85379,55430
24179,85379,55431
24180,85379,55432
24181,85379,55433
24182,85379,55434
24183,85379,55435
24184,85379,55436
24185,85379,55437
24186,85379,55438
24187,85379,55439
24188,85379,55440
24189,85379,55441
24190,85379,55442
24191,85379,55443
24192,85379,55444
24193,85379,55445
24194,85379,55446
24195,85379,55447
24196,85379,55448
24197,85379,55449
24198,85379,55450
24199,85379,55451
24200,85379,55452
24201,85379,55453
24202,85379,55454
24203,85379,55455
24204,85379,55456
24205,85379,55457
24206,85379,55458
24207,85379,55459
24208,85379,55460
24209,85379,55461
24210,85379,55462
24211,85379,55463
24212,85379,55464
24213,85379,55465
24214,85379,55466
24215,85379,55467
24216,85379,55468
24217,85379,55469
24218,85379,55470
24219,85379,55471
24220,85379,55472
24221,85379,55473
24222,85379,55474
24223,85379,55475
24224,85379,55476
24225,85379,55477
24226,85379,55478
24227,85379,55479
24228,85379,55480
24229,85379,55481
24230,85379,55482
24231,85379,55483
24232,85379,55484
24233,85379,55599
24234,85379,55600
24235,85379,55601
24236,85379,55602
24237,85379,55603
24238,85379,55604
24239,85379,55605
24240,85379,55606
24241,85379,55607
24242,85379,55608
24243,85379,55609
24244,85379,55610
24245,85379,55611
24246,85379,55612
24247,85379,55613
24248,85379,55614
24249,85379,55615
24250,85379,55616
24251,85379,55617
24252,85379,55618
24253,85380,55320
24254,85380,55321
24255,85380,55322
24256,85380,55323
24257,85380,55324
24258,85380,55325
24259,85380,55326
24260,85380,55327
24261,85380,55328
24262,85380,55329
24263,85380,55330
24264,85380,55331
24265,85380,55332
24266,85380,55333
24267,85380,55334
24268,85380,55335
24269,85380,55336
24270,85380,55337
24271,85380,55338
24272,85380,55339
24273,85380,55340
24274,85380,55341
24275,85380,55342
24276,85380,55343
24277,85380,55344
24278,85380,55345
24279,85380,55346
24280,85380,55347
24281,85380,55348
24282,85380,55349
24283,85380,55350
24284,85380,55351
24285,85380,55352
24286,85380,55353
24287,85380,55354
24288,85380,55355
24289,85380,55356
24290,85380,55357
24291,85380,55358
24292,85380,55359
24293,85380,55360
24294,85380,55361
24295,85380,55362
24296,85380,55363
24297,85380,55364
24298,85380,55365
24299,85380,55366
24300,85380,55367
24301,85380,55368
24302,85380,55369
24303,85380,55370
24304,85380,55371
24305,85380,55372
24306,85380,55373
24307,85380,55374
24308,85380,55375
24309,85380,55376
24310,85380,55377
24311,85380,55378
24312,85380,55379
24313,85380,55380
24314,85380,55381
24315,85380,55382
24316,85380,55383
24317,85380,55384
24318,85380,55385
24319,85380,55386
24320,85380,55387
24321,85380,55388
24322,85380,55389
24323,85380,55390
24324,85380,55391
24325,85380,55392
24326,85380,55393
24327,85380,55394
24328,85380,55395
24329,85380,55396
24330,85380,55397
24331,85380,55398
24332,85380,55399
24333,85380,55400
24334,85380,55401
24335,85380,55402
24336,85380,55403
24337,85380,55404
24338,85380,55405
24339,85380,55406
24340,85380,55407
24341,85380,55408
24342,85380,55409
24343,85380,55410
24344,85380,55411
24345,85380,55412
24346,85380,55413
24347,85380,55414
24348,85380,55415
24349,85380,55416
24350,85380,55417
24351,85380,55418
24352,85380,55419
24353,85380,55420
24354,85380,55421
24355,85380,55422
24356,85380,55423
24357,85380,55424
24358,85380,55425
24359,85380,55426
24360,85380,55427
24361,85380,55428
24362,85380,55429
24363,85380,55430
24364,85380,55431
24365,85380,55432
24366,85380,55433
24367,85380,55434
24368,85380,55435
24369,85380,55436
24370,85380,55437
24371,85380,55438
24372,85380,55439
24373,85380,55440
24374,85380,55441
24375,85380,55442
24376,85380,55443
24377,85380,55444
24378,85380,55445
24379,85380,55446
24380,85380,55447
24381,85380,55448
24382,85380,55449
24383,85380,55450
24384,85380,55451
24385,85380,55452
24386,85380,55453
24387,85380,55454
24388,85380,55455
24389,85380,55456
24390,85380,55457
24391,85380,55458
24392,85380,55459
24393,85380,55460
24394,85380,55461
24395,85380,55462
24396,85380,55463
24397,85380,55464
24398,85380,55465
24399,85380,55466
24400,85380,55467
24401,85380,55468
24402,85380,55469
24403,85380,55470
24404,85380,55471
24405,85380,55472
24406,85380,55473
24407,85380,55474
24408,85380,55475
24409,85380,55476
24410,85380,55477
24411,85380,55478
24412,85380,55479
24413,85380,55480
24414,85380,55481
24415,85380,55482
24416,85380,55483
24417,85380,55484
24418,85380,55599
24419,85380,55600
24420,85380,55601
24421,85380,55602
24422,85380,55603
24423,85380,55604
24424,85380,55605
24425,85380,55606
24426,85380,55607
24427,85380,55608
24428,85380,55609
24429,85380,55610
24430,85380,55611
24431,85380,55612
24432,85380,55613
24433,85380,55614
24434,85380,55615
24435,85380,55616
24436,85380,55617
24437,85380,55618
24438,85380,55619
24439,85380,55620
24440,85380,55621
24441,85381,55320
24442,85381,55321
24443,85381,55322
24444,85381,55323
24445,85381,55324
24446,85381,55325
24447,85381,55326
24448,85381,55327
24449,85381,55328
24450,85381,55329
24451,85381,55330
24452,85381,55331
24453,85381,55332
24454,85381,55333
24455,85381,55334
24456,85381,55335
24457,85381,55336
24458,85381,55337
24459,85381,55338
24460,85381,55339
24461,85381,55340
24462,85381,55341
24463,85381,55342
24464,85381,55343
24465,85381,55344
24466,85381,55345
24467,85381,55346
24468,85381,55347
24469,85381,55348
24470,85381,55349
24471,85381,55350
24472,85381,55351
24473,85381,55352
24474,85381,55353
24475,85381,55354
24476,85381,55355
24477,85381,55356
24478,85381,55357
24479,85381,55358
24480,85381,55359
24481,85381,55360
24482,85381,55361
24483,85381,55362
24484,85381,55363
24485,85381,55364
24486,85381,55365
24487,85381,55366
24488,85381,55367
24489,85381,55368
24490,85381,55369
24491,85381,55370
24492,85381,55371
24493,85381,55372
24494,85381,55373
24495,85381,55374
24496,85381,55375
24497,85381,55376
24498,85381,55377
24499,85381,55378
24500,85381,55379
24501,85381,55380
24502,85381,55381
24503,85381,55382
24504,85381,55383
24505,85381,55384
24506,85381,55385
24507,85381,55386
24508,85381,55387
24509,85381,55388
24510,85381,55389
24511,85381,55390
24512,85381,55391
24513,85381,55392
24514,85381,55393
24515,85381,55394
24516,85381,55395
24517,85381,55396
24518,85381,55397
24519,85381,55398
24520,85381,55399
24521,85381,55400
24522,85381,55401
24523,85381,55402
24524,85381,55403
24525,85381,55404
24526,85381,55405
24527,85381,55406
24528,85381,55407
24529,85381,55408
24530,85381,55409
24531,85381,55410
24532,85381,55411
24533,85381,55412
24534,85381,55413
24535,85381,55414
24536,85381,55415
24537,85381,55416
24538,85381,55417
24539,85381,55418
24540,85381,55419
24541,85381,55420
24542,85381,55421
24543,85381,55422
24544,85381,55423
24545,85381,55424
24546,85381,55425
24547,85381,55426
24548,85381,55427
24549,85381,55428
24550,85381,55429
24551,85381,55430
24552,85381,55431
24553,85381,55432
24554,85381,55433
24555,85381,55434
24556,85381,55435
24557,85381,55436
24558,85381,55437
24559,85381,55438
24560,85381,55439
24561,85381,55440
24562,85381,55441
24563,85381,55442
24564,85381,55443
24565,85381,55444
24566,85381,55445
24567,85381,55446
24568,85381,55447
24569,85381,55448
24570,85381,55449
24571,85381,55450
24572,85381,55451
24573,85381,55452
24574,85381,55453
24575,85381,55454
24576,85381,55455
24577,85381,55456
24578,85381,55457
24579,85381,55458
24580,85381,55459
24581,85381,55460
24582,85381,55461
24583,85381,55462
24584,85381,55463
24585,85381,55464
24586,85381,55465
24587,85381,55466
24588,85381,55467
24589,85381,55468
24590,85381,55469
24591,85381,55470
24592,85381,55471
24593,85381,55472
24594,85381,55473
24595,85381,55474
24596,85381,55475
24597,85381,55476
24598,85381,55477
24599,85381,55478
24600,85381,55479
24601,85381,55480
24602,85381,55481
24603,85381,55482
24604,85381,55483
24605,85381,55484
24606,85381,55598
24607,85381,55599
24608,85381,55600
24609,85381,55601
24610,85381,55602
24611,85381,55603
24612,85381,55604
24613,85381,55605
24614,85381,55606
24615,85381,55607
24616,85381,55608
24617,85381,55609
24618,85381,55610
24619,85381,55611
24620,85381,55612
24621,85381,55613
24622,85381,55614
24623,85381,55615
24624,85381,55616
24625,85381,55617
24626,85381,55618
24627,85381,55619
24628,85381,55620
24629,85381,55621
24630,85381,55622
24631,85381,55623
24632,85381,55624
24633,85382,55320
24634,85382,55321
24635,85382,55322
24636,85382,55323
24637,85382,55324
24638,85382,55325
24639,85382,55326
24640,85382,55327
24641,85382,55328
24642,85382,55329
24643,85382,55330
24644,85382,55331
24645,85382,55332
24646,85382,55333
24647,85382,55334
24648,85382,55335
24649,85382,55336
24650,85382,55337
24651,85382,55338
24652,85382,55339
24653,85382,55340
24654,85382,55341
24655,85382,55342
24656,85382,55343
24657,85382,55344
24658,85382,55345
24659,85382,55346
24660,85382,55347
24661,85382,55348
24662,85382,55349
24663,85382,55350
24664,85382,55351
24665,85382,55352
24666,85382,55353
24667,85382,55354
24668,85382,55355
24669,85382,55356
24670,85382,55357
24671,85382,55358
24672,85382,55359
24673,85382,55360
24674,85382,55361
24675,85382,55362
24676,85382,55363
24677,85382,55364
24678,85382,55365
24679,85382,55366
24680,85382,55367
24681,85382,55368
24682,85382,55369
24683,85382,55370
24684,85382,55371
24685,85382,55372
24686,85382,55373
24687,85382,55374
24688,85382,55375
24689,85382,55376
24690,85382,55377
24691,85382,55378
24692,85382,55379
24693,85382,55380
24694,85382,55381
24695,85382,55382
24696,85382,55383
24697,85382,55384
24698,85382,55385
24699,85382,55386
24700,85382,55387
24701,85382,55388
24702,85382,55389
24703,85382,55390
24704,85382,55391
24705,85382,55392
24706,85382,55393
24707,85382,55394
24708,85382,55395
24709,85382,55396
24710,85382,55397
24711,85382,55398
24712,85382,55399
24713,85382,55400
24714,85382,55401
24715,85382,55402
24716,85382,55403
24717,85382,55404
24718,85382,55405
24719,85382,55406
24720,85382,55407
24721,85382,55408
24722,85382,55409
24723,85382,55410
24724,85382,55411
24725,85382,55412
24726,85382,55413
24727,85382,55414
24728,85382,55415
24729,85382,55416
24730,85382,55417
24731,85382,55418
24732,85382,55419
24733,85382,55420
24734,85382,55421
24735,85382,55422
24736,85382,55423
24737,85382,55424
24738,85382,55425
24739,85382,55426
24740,85382,55427
24741,85382,55428
24742,85382,55429
24743,85382,55430
24744,85382,55431
24745,85382,55432
24746,85382,55433
24747,85382,55434
24748,85382,55435
24749,85382,55436
24750,85382,55437
24751,85382,55438
24752,85382,55439
24753,85382,55440
24754,85382,55441
24755,85382,55442
24756,85382,55443
24757,85382,55444
24758,85382,55445
24759,85382,55446
24760,85382,55447
24761,85382,55448
24762,85382,55449
24763,85382,55450
24764,85382,55451
24765,85382,55452
24766,85382,55453
24767,85382,55454
24768,85382,55455
24769,85382,55456
24770,85382,55457
24771,85382,55458
24772,85382,55459
24773,85382,55460
24774,85382,55461
24775,85382,55462
24776,85382,55463
24777,85382,55464
24778,85382,55465
24779,85382,55466
24780,85382,55467
24781,85382,55468
24782,85382,55469
24783,85382,55470
24784,85382,55471
24785,85382,55472
24786,85382,55473
24787,85382,55474
24788,85382,55475
24789,85382,55476
24790,85382,55477
24791,85382,55478
24792,85382,55479
24793,85382,55480
24794,85382,55481
24795,85382,55482
24796,85382,55483
24797,85382,55598
24798,85382,55599
24799,85382,55600
24800,85382,55601
24801,85382,55602
24802,85382,55603
24803,85382,55604
24804,85382,55605
24805,85382,55606
24806,85382,55607
24807,85382,55608
24808,85382,55609
24809,85382,55610
24810,85382,55611
24811,85382,55612
24812,85382,55613
24813,85382,55614
24814,85382,55615
24815,85382,55616
24816,85382,55617
24817,85382,55618
24818,85382,55619
24819,85382,55620
24820,85382,55621
24821,85382,55622
24822,85382,55623
24823,85382,55624
24824,85382,55625
24825,85383,55320
24826,85383,55321
24827,85383,55322
24828,85383,55323
24829,85383,55324
24830,85383,55325
24831,85383,55326
24832,85383,55327
24833,85383,55328
24834,85383,55329
24835,85383,55330
24836,85383,55331
24837,85383,55332
24838,85383,55333
24839,85383,55334
24840,85383,55335
24841,85383,55336
24842,85383,55337
24843,85383,55338
24844,85383,55339
24845,85383,55340
24846,85383,55341
24847,85383,55342
24848,85383,55343
24849,85383,55344
24850,85383,55345
24851,85383,55346
24852,85383,55347
24853,85383,55348
24854,85383,55349
24855,85383,55350
24856,85383,55351
24857,85383,55352
24858,85383,55353
24859,85383,55354
24860,85383,55355
24861,85383,55356
24862,85383,55357
24863,85383,55358
24864,85383,55359
24865,85383,55360
24866,85383,55361
24867,85383,55362
24868,85383,55363
24869,85383,55364
24870,85383,55365
24871,85383,55366
24872,85383,55367
24873,85383,55368
24874,85383,55369
24875,85383,55370
24876,85383,55371
24877,85383,55372
24878,85383,55373
24879,85383,55374
24880,85383,55375
24881,85383,55376
24882,85383,55377
24883,85383,55378
24884,85383,55379
24885,85383,55380
24886,85383,55381
24887,85383,55382
24888,85383,55383
24889,85383,55384
24890,85383,55385
24891,85383,55386
24892,85383,55387
24893,85383,55388
24894,85383,55389
24895,85383,55390
24896,85383,55391
24897,85383,55392
24898,85383,55393
24899,85383,55394
24900,85383,55395
24901,85383,55396
24902,85383,55397
24903,85383,55398
24904,85383,55399
24905,85383,55400
24906,85383,55401
24907,85383,55402
24908,85383,55403
24909,85383,55404
24910,85383,55405
24911,85383,55406
24912,85383,55407
24913,85383,55408
24914,85383,55409
24915,85383,55410
24916,85383,55411
24917,85383,55412
24918,85383,55413
24919,85383,55414
24920,85383,55415
24921,85383,55416
24922,85383,55417
24923,85383,55418
24924,85383,55419
24925,85383,55420
24926,85383,55421
24927,85383,55422
24928,85383,55423
24929,85383,55424
24930,85383,55425
24931,85383,55426
24932,85383,55427
24933,85383,55428
24934,85383,55429
24935,85383,55430
24936,85383,55431
24937,85383,55432
24938,85383,55433
24939,85383,55434
24940,85383,55435
24941,85383,55436
24942,85383,55437
24943,85383,55438
24944,85383,55439
24945,85383,55440
24946,85383,55441
24947,85383,55442
24948,85383,55443
24949,85383,55444
24950,85383,55445
24951,85383,55446
24952,85383,55447
24953,85383,55448
24954,85383,55449
24955,85383,55450
24956,85383,55451
24957,85383,55452
24958,85383,55453
24959,85383,55454
24960,85383,55455
24961,85383,55456
24962,85383,55457
24963,85383,55458
24964,85383,55459
24965,85383,55460
24966,85383,55461
24967,85383,55462
24968,85383,55463
24969,85383,55464
24970,85383,55465
24971,85383,55466
24972,85383,55467
24973,85383,55468
24974,85383,55469
24975,85383,55470
24976,85383,55471
24977,85383,55472
24978,85383,55473
24979,85383,55474
24980,85383,55475
24981,85383,55476
24982,85383,55477
24983,85383,55478
24984,85383,55479
24985,85383,55480
24986,85383,55481
24987,85383,55482
24988,85383,55483
24989,85383,55598
24990,85383,55599
24991,85383,55600
24992,85383,55601
24993,85383,55602
24994,85383,55603
24995,85383,55604
24996,85383,55605
24997,85383,55606
24998,85383,55607
24999,85383,55608
25000,85383,55609
25001,85383,55610
25002,85383,55611
25003,85383,55612
25004,85383,55613
25005,85383,55614
25006,85383,55615
25007,85383,55616
25008,85383,55617
25009,85383,55618
25010,85383,55619
25011,85383,55620
25012,85383,55621
25013,85383,55622
25014,85383,55623
25015,85383,55624
25016,85383,55625
25017,85384,55320
25018,85384,55321
25019,85384,55322
25020,85384,55323
25021,85384,55324
25022,85384,55325
25023,85384,55326
25024,85384,55327
25025,85384,55328
25026,85384,55329
25027,85384,55330
25028,85384,55331
25029,85384,55332
25030,85384,55333
25031,85384,55334
25032,85384,55335
25033,85384,55336
25034,85384,55337
25035,85384,55338
25036,85384,55339
25037,85384,55340
25038,85384,55341
25039,85384,55342
25040,85384,55343
25041,85384,55344
25042,85384,55345
25043,85384,55346
25044,85384,55347
25045,85384,55348
25046,85384,55349
25047,85384,55350
25048,85384,55351
25049,85384,55352
25050,85384,55353
25051,85384,55354
25052,85384,55355
25053,85384,55356
25054,85384,55357
25055,85384,55358
25056,85384,55359
25057,85384,55360
25058,85384,55361
25059,85384,55362
25060,85384,55363
25061,85384,55364
25062,85384,55365
25063,85384,55366
25064,85384,55367
25065,85384,55368
25066,85384,55369
25067,85384,55370
25068,85384,55371
25069,85384,55372
25070,85384,55373
25071,85384,55374
25072,85384,55375
25073,85384,55376
25074,85384,55377
25075,85384,55378
25076,85384,55379
25077,85384,55380
25078,85384,55381
25079,85384,55382
25080,85384,55383
25081,85384,55384
25082,85384,55385
25083,85384,55386
25084,85384,55387
25085,85384,55388
25086,85384,55389
25087,85384,55390
25088,85384,55391
25089,85384,55392
25090,85384,55393
25091,85384,55394
25092,85384,55395
25093,85384,55396
25094,85384,55397
25095,85384,55398
25096,85384,55399
25097,85384,55400
25098,85384,55401
25099,85384,55402
25100,85384,55403
25101,85384,55404
25102,85384,55405
25103,85384,55406
25104,85384,55407
25105,85384,55408
25106,85384,55409
25107,85384,55410
25108,85384,55411
25109,85384,55412
25110,85384,55413
25111,85384,55414
25112,85384,55415
25113,85384,55416
25114,85384,55417
25115,85384,55418
25116,85384,55419
25117,85384,55420
25118,85384,55421
25119,85384,55422
25120,85384,55423
25121,85384,55424
25122,85384,55425
25123,85384,55426
25124,85384,55427
25125,85384,55428
25126,85384,55429
25127,85384,55430
25128,85384,55431
25129,85384,55432
25130,85384,55433
25131,85384,55434
25132,85384,55435
25133,85384,55436
25134,85384,55437
25135,85384,55438
25136,85384,55439
25137,85384,55440
25138,85384,55441
25139,85384,55442
25140,85384,55443
25141,85384,55444
25142,85384,55445
25143,85384,55446
25144,85384,55447
25145,85384,55448
25146,85384,55449
25147,85384,55450
25148,85384,55451
25149,85384,55452
25150,85384,55453
25151,85384,55454
25152,85384,55455
25153,85384,55456
25154,85384,55457
25155,85384,55458
25156,85384,55459
25157,85384,55460
25158,85384,55461
25159,85384,55462
25160,85384,55463
25161,85384,55464
25162,85384,55465
25163,85384,55466
25164,85384,55467
25165,85384,55468
25166,85384,55469
25167,85384,55470
25168,85384,55471
25169,85384,55472
25170,85384,55473
25171,85384,55474
25172,85384,55475
25173,85384,55476
25174,85384,55477
25175,85384,55478
25176,85384,55479
25177,85384,55480
25178,85384,55481
25179,85384,55482
25180,85384,55483
25181,85384,55598
25182,85384,55599
25183,85384,55600
25184,85384,55601
25185,85384,55602
25186,85384,55603
25187,85384,55604
25188,85384,55605
25189,85384,55606
25190,85384,55607
25191,85384,55608
25192,85384,55609
25193,85384,55610
25194,85384,55611
25195,85384,55612
25196,85384,55613
25197,85384,55614
25198,85384,55615
25199,85384,55616
25200,85384,55617
25201,85384,55618
25202,85384,55619
25203,85384,55620
25204,85384,55621
25205,85384,55622
25206,85384,55623
25207,85384,55624
25208,85384,55625
25209,85385,55320
25210,85385,55321
25211,85385,55322
25212,85385,55323
25213,85385,55324
25214,85385,55325
25215,85385,55326
25216,85385,55327
25217,85385,55328
25218,85385,55329
25219,85385,55330
25220,85385,55331
25221,85385,55332
25222,85385,55333
25223,85385,55334
25224,85385,55335
25225,85385,55336
25226,85385,55337
25227,85385,55338
25228,85385,55339
25229,85385,55340
25230,85385,55341
25231,85385,55342
25232,85385,55343
25233,85385,55344
25234,85385,55345
25235,85385,55346
25236,85385,55347
25237,85385,55348
25238,85385,55349
25239,85385,55350
25240,85385,55351
25241,85385,55352
25242,85385,55353
25243,85385,55354
25244,85385,55355
25245,85385,55356
25246,85385,55357
25247,85385,55358
25248,85385,55359
25249,85385,55360
25250,85385,55361
25251,85385,55362
25252,85385,55363
25253,85385,55364
25254,85385,55365
25255,85385,55366
25256,85385,55367
25257,85385,55368
25258,85385,55369
25259,85385,55370
25260,85385,55371
25261,85385,55372
25262,85385,55373
25263,85385,55374
25264,85385,55375
25265,85385,55376
25266,85385,55377
25267,85385,55378
25268,85385,55379
25269,85385,55380
25270,85385,55381
25271,85385,55382
25272,85385,55383
25273,85385,55384
25274,85385,55385
25275,85385,55386
25276,85385,55387
25277,85385,55388
25278,85385,55389
25279,85385,55390
25280,85385,55391
25281,85385,55392
25282,85385,55393
25283,85385,55394
25284,85385,55395
25285,85385,55396
25286,85385,55397
25287,85385,55398
25288,85385,55399
25289,85385,55400
25290,85385,55401
25291,85385,55402
25292,85385,55403
25293,85385,55404
25294,85385,55405
25295,85385,55406
25296,85385,55407
25297,85385,55408
25298,85385,55409
25299,85385,55410
25300,85385,55411
25301,85385,55412
25302,85385,55413
25303,85385,55414
25304,85385,55415
25305,85385,55416
25306,85385,55417
25307,85385,55418
25308,85385,55419
25309,85385,55420
25310,85385,55421
25311,85385,55422
25312,85385,55423
25313,85385,55424
25314,85385,55425
25315,85385,55426
25316,85385,55427
25317,85385,55428
25318,85385,55429
25319,85385,55430
25320,85385,55431
25321,85385,55432
25322,85385,55433
25323,85385,55434
25324,85385,55435
25325,85385,55436
25326,85385,55437
25327,85385,55438
25328,85385,55439
25329,85385,55440
25330,85385,55441
25331,85385,55442
25332,85385,55443
25333,85385,55444
25334,85385,55445
25335,85385,55446
25336,85385,55447
25337,85385,55448
25338,85385,55449
25339,85385,55450
25340,85385,55451
25341,85385,55452
25342,85385,55453
25343,85385,55454
25344,85385,55455
25345,85385,55456
25346,85385,55457
25347,85385,55458
25348,85385,55459
25349,85385,55460
25350,85385,55461
25351,85385,55462
25352,85385,55463
25353,85385,55464
25354,85385,55465
25355,85385,55466
25356,85385,55467
25357,85385,55468
25358,85385,55469
25359,85385,55470
25360,85385,55471
25361,85385,55472
25362,85385,55473
25363,85385,55474
25364,85385,55475
25365,85385,55476
25366,85385,55477
25367,85385,55478
25368,85385,55479
25369,85385,55480
25370,85385,55481
25371,85385,55482
25372,85385,55483
25373,85385,55598
25374,85385,55599
25375,85385,55600
25376,85385,55601
25377,85385,55602
25378,85385,55603
25379,85385,55604
25380,85385,55605
25381,85385,55606
25382,85385,55607
25383,85385,55608
25384,85385,55609
25385,85385,55610
25386,85385,55611
25387,85385,55612
25388,85385,55613
25389,85385,55614
25390,85385,55615
25391,85385,55616
25392,85385,55617
25393,85385,55618
25394,85385,55619
25395,85385,55620
25396,85385,55621
25397,85385,55622
25398,85385,55623
25399,85385,55624
25400,85385,55625
25401,85386,55320
25402,85386,55321
25403,85386,55322
25404,85386,55323
25405,85386,55324
25406,85386,55325
25407,85386,55326
25408,85386,55327
25409,85386,55328
25410,85386,55329
25411,85386,55330
25412,85386,55331
25413,85386,55332
25414,85386,55333
25415,85386,55334
25416,85386,55335
25417,85386,55336
25418,85386,55337
25419,85386,55338
25420,85386,55339
25421,85386,55340
25422,85386,55341
25423,85386,55342
25424,85386,55343
25425,85386,55344
25426,85386,55345
25427,85386,55346
25428,85386,55347
25429,85386,55348
25430,85386,55349
25431,85386,55350
25432,85386,55351
25433,85386,55352
25434,85386,55353
25435,85386,55354
25436,85386,55355
25437,85386,55356
25438,85386,55357
25439,85386,55358
25440,85386,55359
25441,85386,55360
25442,85386,55361
25443,85386,55362
25444,85386,55363
25445,85386,55364
25446,85386,55365
25447,85386,55366
25448,85386,55367
25449,85386,55368
25450,85386,55369
25451,85386,55370
25452,85386,55371
25453,85386,55372
25454,85386,55373
25455,85386,55374
25456,85386,55375
25457,85386,55376
25458,85386,55377
25459,85386,55378
25460,85386,55379
25461,85386,55380
25462,85386,55381
25463,85386,55382
25464,85386,55383
25465,85386,55384
25466,85386,55385
25467,85386,55386
25468,85386,55387
25469,85386,55388
25470,85386,55389
25471,85386,55390
25472,85386,55391
25473,85386,55392
25474,85386,55393
25475,85386,55394
25476,85386,55395
25477,85386,55396
25478,85386,55397
25479,85386,55398
25480,85386,55399
25481,85386,55400
25482,85386,55401
25483,85386,55402
25484,85386,55403
25485,85386,55404
25486,85386,55405
25487,85386,55406
25488,85386,55407
25489,85386,55408
25490,85386,55409
25491,85386,55410
25492,85386,55411
25493,85386,55412
25494,85386,55413
25495,85386,55414
25496,85386,55415
25497,85386,55416
25498,85386,55417
25499,85386,55418
25500,85386,55419
25501,85386,55420
25502,85386,55421
25503,85386,55422
25504,85386,55423
25505,85386,55424
25506,85386,55425
25507,85386,55426
25508,85386,55427
25509,85386,55428
25510,85386,55429
25511,85386,55430
25512,85386,55431
25513,85386,55432
25514,85386,55433
25515,85386,55434
25516,85386,55435
25517,85386,55436
25518,85386,55437
25519,85386,55438
25520,85386,55439
25521,85386,55440
25522,85386,55441
25523,85386,55442
25524,85386,55443
25525,85386,55444
25526,85386,55445
25527,85386,55446
25528,85386,55447
25529,85386,55448
25530,85386,55449
25531,85386,55450
25532,85386,55451
25533,85386,55452
25534,85386,55453
25535,85386,55454
25536,85386,55455
25537,85386,55456
25538,85386,55457
25539,85386,55458
25540,85386,55459
25541,85386,55460
25542,85386,55461
25543,85386,55462
25544,85386,55463
25545,85386,55464
25546,85386,55465
25547,85386,55466
25548,85386,55467
25549,85386,55468
25550,85386,55469
25551,85386,55470
25552,85386,55471
25553,85386,55472
25554,85386,55473
25555,85386,55474
25556,85386,55475
25557,85386,55476
25558,85386,55477
25559,85386,55478
25560,85386,55479
25561,85386,55480
25562,85386,55481
25563,85386,55482
25564,85386,55483
25565,85386,55598
25566,85386,55599
25567,85386,55600
25568,85386,55601
25569,85386,55602
25570,85386,55603
25571,85386,55604
25572,85386,55605
25573,85386,55606
25574,85386,55607
25575,85386,55608
25576,85386,55609
25577,85386,55610
25578,85386,55611
25579,85386,55612
25580,85386,55613
25581,85386,55614
25582,85386,55615
25583,85386,55616
25584,85386,55617
25585,85386,55618
25586,85386,55619
25587,85386,55620
25588,85386,55621
25589,85386,55622
25590,85386,55623
25591,85386,55624
25592,85387,55320
25593,85387,55321
25594,85387,55322
25595,85387,55323
25596,85387,55324
25597,85387,55325
25598,85387,55326
25599,85387,55327
25600,85387,55328
25601,85387,55329
25602,85387,55330
25603,85387,55331
25604,85387,55332
25605,85387,55333
25606,85387,55334
25607,85387,55335
25608,85387,55336
25609,85387,55337
25610,85387,55338
25611,85387,55339
25612,85387,55340
25613,85387,55341
25614,85387,55342
25615,85387,55343
25616,85387,55344
25617,85387,55345
25618,85387,55346
25619,85387,55347
25620,85387,55348
25621,85387,55349
25622,85387,55350
25623,85387,55351
25624,85387,55352
25625,85387,55353
25626,85387,55354
25627,85387,55355
25628,85387,55356
25629,85387,55357
25630,85387,55358
25631,85387,55359
25632,85387,55360
25633,85387,55361
25634,85387,55362
25635,85387,55363
25636,85387,55364
25637,85387,55365
25638,85387,55366
25639,85387,55367
25640,85387,55368
25641,85387,55369
25642,85387,55370
25643,85387,55371
25644,85387,55372
25645,85387,55373
25646,85387,55374
25647,85387,55375
25648,85387,55376
25649,85387,55377
25650,85387,55378
25651,85387,55379
25652,85387,55380
25653,85387,55381
25654,85387,55382
25655,85387,55383
25656,85387,55384
25657,85387,55385
25658,85387,55386
25659,85387,55387
25660,85387,55388
25661,85387,55389
25662,85387,55390
25663,85387,55391
25664,85387,55392
25665,85387,55393
25666,85387,55394
25667,85387,55395
25668,85387,55396
25669,85387,55397
25670,85387,55398
25671,85387,55399
25672,85387,55400
25673,85387,55401
25674,85387,55402
25675,85387,55403
25676,85387,55404
25677,85387,55405
25678,85387,55406
25679,85387,55407
25680,85387,55408
25681,85387,55409
25682,85387,55410
25683,85387,55411
25684,85387,55412
25685,85387,55413
25686,85387,55414
25687,85387,55415
25688,85387,55416
25689,85387,55417
25690,85387,55418
25691,85387,55419
25692,85387,55420
25693,85387,55421
25694,85387,55422
25695,85387,55423
25696,85387,55424
25697,85387,55425
25698,85387,55426
25699,85387,55427
25700,85387,55428
25701,85387,55429
25702,85387,55430
25703,85387,55431
25704,85387,55432
25705,85387,55433
25706,85387,55434
25707,85387,55435
25708,85387,55436
25709,85387,55437
25710,85387,55438
25711,85387,55439
25712,85387,55440
25713,85387,55441
25714,85387,55442
25715,85387,55443
25716,85387,55444
25717,85387,55445
25718,85387,55446
25719,85387,55447
25720,85387,55448
25721,85387,55449
25722,85387,55450
25723,85387,55451
25724,85387,55452
25725,85387,55453
25726,85387,55454
25727,85387,55455
25728,85387,55456
25729,85387,55457
25730,85387,55458
25731,85387,55459
25732,85387,55460
25733,85387,55461
25734,85387,55462
25735,85387,55463
25736,85387,55464
25737,85387,55465
25738,85387,55466
25739,85387,55467
25740,85387,55468
25741,85387,55469
25742,85387,55470
25743,85387,55471
25744,85387,55472
25745,85387,55473
25746,85387,55474
25747,85387,55475
25748,85387,55476
25749,85387,55477
25750,85387,55478
25751,85387,55479
25752,85387,55480
25753,85387,55481
25754,85387,55482
25755,85387,55483
25756,85387,55599
25757,85387,55600
25758,85387,55601
25759,85387,55602
25760,85387,55603
25761,85387,55604
25762,85387,55605
25763,85387,55606
25764,85387,55607
25765,85387,55608
25766,85387,55609
25767,85387,55610
25768,85387,55611
25769,85387,55612
25770,85387,55613
25771,85387,55614
25772,85387,55615
25773,85387,55616
25774,85387,55617
25775,85387,55618
25776,85387,55619
25777,85387,55620
25778,85387,55621
25779,85387,55622
25780,85387,55623
25781,85387,55624
25782,85388,55320
25783,85388,55321
25784,85388,55322
25785,85388,55323
25786,85388,55324
25787,85388,55325
25788,85388,55326
25789,85388,55327
25790,85388,55328
25791,85388,55329
25792,85388,55330
25793,85388,55331
25794,85388,55332
25795,85388,55333
25796,85388,55334
25797,85388,55335
25798,85388,55336
25799,85388,55337
25800,85388,55338
25801,85388,55339
25802,85388,55340
25803,85388,55341
25804,85388,55342
25805,85388,55343
25806,85388,55344
25807,85388,55345
25808,85388,55346
25809,85388,55347
25810,85388,55348
25811,85388,55349
25812,85388,55350
25813,85388,55351
25814,85388,55352
25815,85388,55353
25816,85388,55354
25817,85388,55355
25818,85388,55356
25819,85388,55357
25820,85388,55358
25821,85388,55359
25822,85388,55360
25823,85388,55361
25824,85388,55362
25825,85388,55363
25826,85388,55364
25827,85388,55365
25828,85388,55366
25829,85388,55367
25830,85388,55368
25831,85388,55369
25832,85388,55370
25833,85388,55371
25834,85388,55372
25835,85388,55373
25836,85388,55374
25837,85388,55375
25838,85388,55376
25839,85388,55377
25840,85388,55378
25841,85388,55379
25842,85388,55380
25843,85388,55381
25844,85388,55382
25845,85388,55383
25846,85388,55384
25847,85388,55385
25848,85388,55386
25849,85388,55387
25850,85388,55388
25851,85388,55389
25852,85388,55390
25853,85388,55391
25854,85388,55392
25855,85388,55393
25856,85388,55394
25857,85388,55395
25858,85388,55396
25859,85388,55397
25860,85388,55398
25861,85388,55399
25862,85388,55400
25863,85388,55401
25864,85388,55402
25865,85388,55403
25866,85388,55404
25867,85388,55405
25868,85388,55406
25869,85388,55407
25870,85388,55408
25871,85388,55409
25872,85388,55410
25873,85388,55411
25874,85388,55412
25875,85388,55413
25876,85388,55414
25877,85388,55415
25878,85388,55416
25879,85388,55417
25880,85388,55418
25881,85388,55419
25882,85388,55420
25883,85388,55421
25884,85388,55422
25885,85388,55423
25886,85388,55424
25887,85388,55425
25888,85388,55426
25889,85388,55427
25890,85388,55428
25891,85388,55429
25892,85388,55430
25893,85388,55431
25894,85388,55432
25895,85388,55433
25896,85388,55434
25897,85388,55435
25898,85388,55436
25899,85388,55437
25900,85388,55438
25901,85388,55439
25902,85388,55440
25903,85388,55441
25904,85388,55442
25905,85388,55443
25906,85388,55444
25907,85388,55445
25908,85388,55446
25909,85388,55447
25910,85388,55448
25911,85388,55449
25912,85388,55450
25913,85388,55451
25914,85388,55452
25915,85388,55453
25916,85388,55454
25917,85388,55455
25918,85388,55456
25919,85388,55457
25920,85388,55458
25921,85388,55459
25922,85388,55460
25923,85388,55461
25924,85388,55462
25925,85388,55463
25926,85388,55464
25927,85388,55465
25928,85388,55466
25929,85388,55467
25930,85388,55468
25931,85388,55469
25932,85388,55470
25933,85388,55471
25934,85388,55472
25935,85388,55473
25936,85388,55474
25937,85388,55475
25938,85388,55476
25939,85388,55477
25940,85388,55478
25941,85388,55479
25942,85388,55480
25943,85388,55481
25944,85388,55482
25945,85388,55483
25946,85388,55484
25947,85388,55599
25948,85388,55600
25949,85388,55601
25950,85388,55602
25951,85388,55603
25952,85388,55604
25953,85388,55605
25954,85388,55606
25955,85388,55607
25956,85388,55608
25957,85388,55609
25958,85388,55610
25959,85388,55611
25960,85388,55612
25961,85388,55613
25962,85388,55614
25963,85388,55615
25964,85388,55616
25965,85388,55617
25966,85388,55618
25967,85388,55619
25968,85388,55620
25969,85388,55621
25970,85388,55622
25971,85388,55623
25972,85389,55320
25973,85389,55321
25974,85389,55322
25975,85389,55323
25976,85389,55324
25977,85389,55325
25978,85389,55326
25979,85389,55327
25980,85389,55328
25981,85389,55329
25982,85389,55330
25983,85389,55331
25984,85389,55332
25985,85389,55333
25986,85389,55334
25987,85389,55335
25988,85389,55336
25989,85389,55337
25990,85389,55338
25991,85389,55339
25992,85389,55340
25993,85389,55341
25994,85389,55342
25995,85389,55343
25996,85389,55344
25997,85389,55345
25998,85389,55346
25999,85389,55347
26000,85389,55348
26001,85389,55349
26002,85389,55350
26003,85389,55351
26004,85389,55352
26005,85389,55353
26006,85389,55354
26007,85389,55355
26008,85389,55356
26009,85389,55357
26010,85389,55358
26011,85389,55359
26012,85389,55360
26013,85389,55361
26014,85389,55362
26015,85389,55363
26016,85389,55364
26017,85389,55365
26018,85389,55366
26019,85389,55367
26020,85389,55368
26021,85389,55369
26022,85389,55370
26023,85389,55371
26024,85389,55372
26025,85389,55373
26026,85389,55374
26027,85389,55375
26028,85389,55376
26029,85389,55377
26030,85389,55378
26031,85389,55379
26032,85389,55380
26033,85389,55381
26034,85389,55382
26035,85389,55383
26036,85389,55384
26037,85389,55385
26038,85389,55386
26039,85389,55387
26040,85389,55388
26041,85389,55389
26042,85389,55390
26043,85389,55391
26044,85389,55392
26045,85389,55393
26046,85389,55394
26047,85389,55395
26048,85389,55396
26049,85389,55397
26050,85389,55398
26051,85389,55399
26052,85389,55400
26053,85389,55401
26054,85389,55402
26055,85389,55403
26056,85389,55404
26057,85389,55405
26058,85389,55406
26059,85389,55407
26060,85389,55408
26061,85389,55409
26062,85389,55410
26063,85389,55411
26064,85389,55412
26065,85389,55413
26066,85389,55414
26067,85389,55415
26068,85389,55416
26069,85389,55417
26070,85389,55418
26071,85389,55419
26072,85389,55420
26073,85389,55421
26074,85389,55422
26075,85389,55423
26076,85389,55424
26077,85389,55425
26078,85389,55426
26079,85389,55427
26080,85389,55428
26081,85389,55429
26082,85389,55430
26083,85389,55431
26084,85389,55432
26085,85389,55433
26086,85389,55434
26087,85389,55435
26088,85389,55436
26089,85389,55437
26090,85389,55438
26091,85389,55439
26092,85389,55440
26093,85389,55441
26094,85389,55442
26095,85389,55443
26096,85389,55444
26097,85389,55445
26098,85389,55446
26099,85389,55447
26100,85389,55448
26101,85389,55449
26102,85389,55450
26103,85389,55451
26104,85389,55452
26105,85389,55453
26106,85389,55454
26107,85389,55455
26108,85389,55456
26109,85389,55457
26110,85389,55458
26111,85389,55459
26112,85389,55460
26113,85389,55461
26114,85389,55462
26115,85389,55463
26116,85389,55464
26117,85389,55465
26118,85389,55466
26119,85389,55467
26120,85389,55468
26121,85389,55469
26122,85389,55470
26123,85389,55471
26124,85389,55472
26125,85389,55473
26126,85389,55474
26127,85389,55475
26128,85389,55476
26129,85389,55477
26130,85389,55478
26131,85389,55479
26132,85389,55480
26133,85389,55481
26134,85389,55482
26135,85389,55483
26136,85389,55484
26137,85389,55600
26138,85389,55601
26139,85389,55602
26140,85389,55603
26141,85389,55604
26142,85389,55605
26143,85389,55606
26144,85389,55607
26145,85389,55608
26146,85389,55609
26147,85389,55610
26148,85389,55611
26149,85389,55612
26150,85389,55613
26151,85389,55614
26152,85389,55615
26153,85389,55616
26154,85389,55617
26155,85389,55618
26156,85389,55619
26157,85389,55620
26158,85389,55621
26159,85389,55622
26160,85390,55320
26161,85390,55321
26162,85390,55322
26163,85390,55323
26164,85390,55324
26165,85390,55325
26166,85390,55326
26167,85390,55327
26168,85390,55328
26169,85390,55329
26170,85390,55330
26171,85390,55331
26172,85390,55332
26173,85390,55333
26174,85390,55334
26175,85390,55335
26176,85390,55336
26177,85390,55337
26178,85390,55338
26179,85390,55339
26180,85390,55340
26181,85390,55341
26182,85390,55342
26183,85390,55343
26184,85390,55344
26185,85390,55345
26186,85390,55346
26187,85390,55347
26188,85390,55348
26189,85390,55349
26190,85390,55350
26191,85390,55351
26192,85390,55352
26193,85390,55353
26194,85390,55354
26195,85390,55355
26196,85390,55356
26197,85390,55357
26198,85390,55358
26199,85390,55359
26200,85390,55360
26201,85390,55361
26202,85390,55362
26203,85390,55363
26204,85390,55364
26205,85390,55365
26206,85390,55366
26207,85390,55367
26208,85390,55368
26209,85390,55369
26210,85390,55370
26211,85390,55371
26212,85390,55372
26213,85390,55373
26214,85390,55374
26215,85390,55375
26216,85390,55376
26217,85390,55377
26218,85390,55378
26219,85390,55379
26220,85390,55380
26221,85390,55381
26222,85390,55382
26223,85390,55383
26224,85390,55384
26225,85390,55385
26226,85390,55386
26227,85390,55387
26228,85390,55388
26229,85390,55389
26230,85390,55390
26231,85390,55391
26232,85390,55392
26233,85390,55393
26234,85390,55394
26235,85390,55395
26236,85390,55396
26237,85390,55397
26238,85390,55398
26239,85390,55399
26240,85390,55400
26241,85390,55401
26242,85390,55402
26243,85390,55403
26244,85390,55404
26245,85390,55405
26246,85390,55406
26247,85390,55407
26248,85390,55408
26249,85390,55409
26250,85390,55410
26251,85390,55411
26252,85390,55412
26253,85390,55413
26254,85390,55414
26255,85390,55415
26256,85390,55416
26257,85390,55417
26258,85390,55418
26259,85390,55419
26260,85390,55420
26261,85390,55421
26262,85390,55422
26263,85390,55423
26264,85390,55424
26265,85390,55425
26266,85390,55426
26267,85390,55427
26268,85390,55428
26269,85390,55429
26270,85390,55430
26271,85390,55431
26272,85390,55432
26273,85390,55433
26274,85390,55434
26275,85390,55435
26276,85390,55436
26277,85390,55437
26278,85390,55438
26279,85390,55439
26280,85390,55440
26281,85390,55441
26282,85390,55442
26283,85390,55443
26284,85390,55444
26285,85390,55445
26286,85390,55446
26287,85390,55447
26288,85390,55448
26289,85390,55449
26290,85390,55450
26291,85390,55451
26292,85390,55452
26293,85390,55453
26294,85390,55454
26295,85390,55455
26296,85390,55456
26297,85390,55457
26298,85390,55458
26299,85390,55459
26300,85390,55460
26301,85390,55461
26302,85390,55462
26303,85390,55463
26304,85390,55464
26305,85390,55465
26306,85390,55466
26307,85390,55467
26308,85390,55468
26309,85390,55469
26310,85390,55470
26311,85390,55471
26312,85390,55472
26313,85390,55473
26314,85390,55474
26315,85390,55475
26316,85390,55476
26317,85390,55477
26318,85390,55478
26319,85390,55479
26320,85390,55480
26321,85390,55481
26322,85390,55482
26323,85390,55483
26324,85390,55484
26325,85390,55601
26326,85390,55602
26327,85390,55603
26328,85390,55604
26329,85390,55605
26330,85390,55606
26331,85390,55607
26332,85390,55608
26333,85390,55609
26334,85390,55610
26335,85390,55611
26336,85390,55612
26337,85390,55613
26338,85390,55614
26339,85390,55615
26340,85390,55616
26341,85390,55617
26342,85390,55618
26343,85390,55619
26344,85390,55620
26345,85391,55320
26346,85391,55321
26347,85391,55322
26348,85391,55323
26349,85391,55324
26350,85391,55325
26351,85391,55326
26352,85391,55327
26353,85391,55328
26354,85391,55329
26355,85391,55330
26356,85391,55331
26357,85391,55332
26358,85391,55333
26359,85391,55334
26360,85391,55335
26361,85391,55336
26362,85391,55337
26363,85391,55338
26364,85391,55339
26365,85391,55340
26366,85391,55341
26367,85391,55342
26368,85391,55343
26369,85391,55344
26370,85391,55345
26371,85391,55346
26372,85391,55347
26373,85391,55348
26374,85391,55349
26375,85391,55350
26376,85391,55351
26377,85391,55352
26378,85391,55353
26379,85391,55354
26380,85391,55355
26381,85391,55356
26382,85391,55357
26383,85391,55358
26384,85391,55359
26385,85391,55360
26386,85391,55361
26387,85391,55362
26388,85391,55363
26389,85391,55364
26390,85391,55365
26391,85391,55366
26392,85391,55367
26393,85391,55368
26394,85391,55369
26395,85391,55370
26396,85391,55371
26397,85391,55372
26398,85391,55373
26399,85391,55374
26400,85391,55375
26401,85391,55376
26402,85391,55377
26403,85391,55378
26404,85391,55379
26405,85391,55380
26406,85391,55381
26407,85391,55382
26408,85391,55383
26409,85391,55384
26410,85391,55385
26411,85391,55386
26412,85391,55387
26413,85391,55388
26414,85391,55389
26415,85391,55390
26416,85391,55391
26417,85391,55392
26418,85391,55393
26419,85391,55394
26420,85391,55395
26421,85391,55396
26422,85391,55397
26423,85391,55398
26424,85391,55399
26425,85391,55400
26426,85391,55401
26427,85391,55402
26428,85391,55403
26429,85391,55404
26430,85391,55405
26431,85391,55406
26432,85391,55407
26433,85391,55408
26434,85391,55409
26435,85391,55410
26436,85391,55411
26437,85391,55412
26438,85391,55413
26439,85391,55414
26440,85391,55415
26441,85391,55416
26442,85391,55417
26443,85391,55418
26444,85391,55419
26445,85391,55420
26446,85391,55421
26447,85391,55422
26448,85391,55423
26449,85391,55424
26450,85391,55425
26451,85391,55426
26452,85391,55427
26453,85391,55428
26454,85391,55429
26455,85391,55430
26456,85391,55431
26457,85391,55432
26458,85391,55433
26459,85391,55434
26460,85391,55435
26461,85391,55436
26462,85391,55437
26463,85391,55438
26464,85391,55439
26465,85391,55440
26466,85391,55441
26467,85391,55442
26468,85391,55443
26469,85391,55444
26470,85391,55445
26471,85391,55446
26472,85391,55447
26473,85391,55448
26474,85391,55449
26475,85391,55450
26476,85391,55451
26477,85391,55452
26478,85391,55453
26479,85391,55454
26480,85391,55455
26481,85391,55456
26482,85391,55457
26483,85391,55458
26484,85391,55459
26485,85391,55460
26486,85391,55461
26487,85391,55462
26488,85391,55463
26489,85391,55464
26490,85391,55465
26491,85391,55466
26492,85391,55467
26493,85391,55468
26494,85391,55469
26495,85391,55470
26496,85391,55471
26497,85391,55472
26498,85391,55473
26499,85391,55474
26500,85391,55475
26501,85391,55476
26502,85391,55477
26503,85391,55478
26504,85391,55479
26505,85391,55480
26506,85391,55481
26507,85391,55482
26508,85391,55483
26509,85391,55484
26510,85391,55602
26511,85391,55603
26512,85391,55604
26513,85391,55605
26514,85391,55606
26515,85391,55607
26516,85391,55608
26517,85391,55609
26518,85391,55610
26519,85391,55611
26520,85391,55612
26521,85391,55613
26522,85391,55614
26523,85391,55615
26524,85391,55616
26525,85391,55617
26526,85391,55618
26527,85391,55619
26528,85392,55320
26529,85392,55321
26530,85392,55322
26531,85392,55323
26532,85392,55324
26533,85392,55325
26534,85392,55326
26535,85392,55327
26536,85392,55328
26537,85392,55329
26538,85392,55330
26539,85392,55331
26540,85392,55332
26541,85392,55333
26542,85392,55334
26543,85392,55335
26544,85392,55336
26545,85392,55337
26546,85392,55338
26547,85392,55339
26548,85392,55340
26549,85392,55341
26550,85392,55342
26551,85392,55343
26552,85392,55344
26553,85392,55345
26554,85392,55346
26555,85392,55347
26556,85392,55348
26557,85392,55349
26558,85392,55350
26559,85392,55351
26560,85392,55352
26561,85392,55353
26562,85392,55354
26563,85392,55355
26564,85392,55356
26565,85392,55357
26566,85392,55358
26567,85392,55359
26568,85392,55360
26569,85392,55361
26570,85392,55362
26571,85392,55363
26572,85392,55364
26573,85392,55365
26574,85392,55366
26575,85392,55367
26576,85392,55368
26577,85392,55369
26578,85392,55370
26579,85392,55371
26580,85392,55372
26581,85392,55373
26582,85392,55374
26583,85392,55375
26584,85392,55376
26585,85392,55377
26586,85392,55378
26587,85392,55379
26588,85392,55380
26589,85392,55381
26590,85392,55382
26591,85392,55383
26592,85392,55384
26593,85392,55385
26594,85392,55386
26595,85392,55387
26596,85392,55388
26597,85392,55389
26598,85392,55390
26599,85392,55391
26600,85392,55392
26601,85392,55393
26602,85392,55394
26603,85392,55395
26604,85392,55396
26605,85392,55397
26606,85392,55398
26607,85392,55399
26608,85392,55400
26609,85392,55401
26610,85392,55402
26611,85392,55403
26612,85392,55404
26613,85392,55405
26614,85392,55406
26615,85392,55407
26616,85392,55408
26617,85392,55409
26618,85392,55410
26619,85392,55411
26620,85392,55412
26621,85392,55413
26622,85392,55414
26623,85392,55415
26624,85392,55416
26625,85392,55417
26626,85392,55418
26627,85392,55419
26628,85392,55420
26629,85392,55421
26630,85392,55422
26631,85392,55423
26632,85392,55424
26633,85392,55425
26634,85392,55426
26635,85392,55427
26636,85392,55428
26637,85392,55429
26638,85392,55430
26639,85392,55431
26640,85392,55432
26641,85392,55433
26642,85392,55434
26643,85392,55435
26644,85392,55436
26645,85392,55437
26646,85392,55438
26647,85392,55439
26648,85392,55440
26649,85392,55441
26650,85392,55442
26651,85392,55443
26652,85392,55444
26653,85392,55445
26654,85392,55446
26655,85392,55447
26656,85392,55448
26657,85392,55449
26658,85392,55450
26659,85392,55451
26660,85392,55452
26661,85392,55453
26662,85392,55454
26663,85392,55455
26664,85392,55456
26665,85392,55457
26666,85392,55458
26667,85392,55459
26668,85392,55460
26669,85392,55461
26670,85392,55462
26671,85392,55463
26672,85392,55464
26673,85392,55465
26674,85392,55466
26675,85392,55467
26676,85392,55468
26677,85392,55469
26678,85392,55470
26679,85392,55471
26680,85392,55472
26681,85392,55473
26682,85392,55474
26683,85392,55475
26684,85392,55476
26685,85392,55477
26686,85392,55478
26687,85392,55479
26688,85392,55480
26689,85392,55481
26690,85392,55482
26691,85392,55483
26692,85392,55484
26693,85392,55485
26694,85392,55605
26695,85392,55606
26696,85392,55607
26697,85392,55608
26698,85392,55609
26699,85392,55610
26700,85392,55611
26701,85392,55612
26702,85392,55613
26703,85392,55614
26704,85392,55615
26705,85392,55616
26706,85393,55320
26707,85393,55321
26708,85393,55322
26709,85393,55323
26710,85393,55324
26711,85393,55325
26712,85393,55326
26713,85393,55327
26714,85393,55328
26715,85393,55329
26716,85393,55330
26717,85393,55331
26718,85393,55332
26719,85393,55333
26720,85393,55334
26721,85393,55335
26722,85393,55336
26723,85393,55337
26724,85393,55338
26725,85393,55339
26726,85393,55340
26727,85393,55341
26728,85393,55342
26729,85393,55343
26730,85393,55344
26731,85393,55345
26732,85393,55346
26733,85393,55347
26734,85393,55348
26735,85393,55349
26736,85393,55350
26737,85393,55351
26738,85393,55352
26739,85393,55353
26740,85393,55354
26741,85393,55355
26742,85393,55356
26743,85393,55357
26744,85393,55358
26745,85393,55359
26746,85393,55360
26747,85393,55361
26748,85393,55362
26749,85393,55363
26750,85393,55364
26751,85393,55365
26752,85393,55366
26753,85393,55367
26754,85393,55368
26755,85393,55369
26756,85393,55370
26757,85393,55371
26758,85393,55372
26759,85393,55373
26760,85393,55374
26761,85393,55375
26762,85393,55376
26763,85393,55377
26764,85393,55378
26765,85393,55379
26766,85393,55380
26767,85393,55381
26768,85393,55382
26769,85393,55383
26770,85393,55384
26771,85393,55385
26772,85393,55386
26773,85393,55387
26774,85393,55388
26775,85393,55389
26776,85393,55390
26777,85393,55391
26778,85393,55392
26779,85393,55393
26780,85393,55394
26781,85393,55395
26782,85393,55396
26783,85393,55397
26784,85393,55398
26785,85393,55399
26786,85393,55400
26787,85393,55401
26788,85393,55402
26789,85393,55403
26790,85393,55404
26791,85393,55405
26792,85393,55406
26793,85393,55407
26794,85393,55408
26795,85393,55409
26796,85393,55410
26797,85393,55411
26798,85393,55412
26799,85393,55413
26800,85393,55414
26801,85393,55415
26802,85393,55416
26803,85393,55417
26804,85393,55418
26805,85393,55419
26806,85393,55420
26807,85393,55421
26808,85393,55422
26809,85393,55423
26810,85393,55424
26811,85393,55425
26812,85393,55426
26813,85393,55427
26814,85393,55428
26815,85393,55429
26816,85393,55430
26817,85393,55431
26818,85393,55432
26819,85393,55433
26820,85393,55434
26821,85393,55435
26822,85393,55436
26823,85393,55437
26824,85393,55438
26825,85393,55439
26826,85393,55440
26827,85393,55441
26828,85393,55442
26829,85393,55443
26830,85393,55444
26831,85393,55445
26832,85393,55446
26833,85393,55447
26834,85393,55448
26835,85393,55449
26836,85393,55450
26837,85393,55451
26838,85393,55452
26839,85393,55453
26840,85393,55454
26841,85393,55455
26842,85393,55456
26843,85393,55457
26844,85393,55458
26845,85393,55459
26846,85393,55460
26847,85393,55461
26848,85393,55462
26849,85393,55463
26850,85393,55464
26851,85393,55465
26852,85393,55466
26853,85393,55467
26854,85393,55468
26855,85393,55469
26856,85393,55470
26857,85393,55471
26858,85393,55472
26859,85393,55473
26860,85393,55474
26861,85393,55475
26862,85393,55476
26863,85393,55477
26864,85393,55478
26865,85393,55479
26866,85393,55480
26867,85393,55481
26868,85393,55482
26869,85393,55483
26870,85393,55484
26871,85393,55485
26872,85393,55608
26873,85393,55609
26874,85393,55610
26875,85393,55611
26876,85393,55612
26877,85393,55613
26878,85394,55320
26879,85394,55321
26880,85394,55322
26881,85394,55323
26882,85394,55324
26883,85394,55325
26884,85394,55326
26885,85394,55327
26886,85394,55328
26887,85394,55329
26888,85394,55330
26889,85394,55331
26890,85394,55332
26891,85394,55333
26892,85394,55334
26893,85394,55335
26894,85394,55336
26895,85394,55337
26896,85394,55338
26897,85394,55339
26898,85394,55340
26899,85394,55341
26900,85394,55342
26901,85394,55343
26902,85394,55344
26903,85394,55345
26904,85394,55346
26905,85394,55347
26906,85394,55348
26907,85394,55349
26908,85394,55350
26909,85394,55351
26910,85394,55352
26911,85394,55353
26912,85394,55354
26913,85394,55355
26914,85394,55356
26915,85394,55357
26916,85394,55358
26917,85394,55359
26918,85394,55360
26919,85394,55361
26920,85394,55362
26921,85394,55363
26922,85394,55364
26923,85394,55365
26924,85394,55366
26925,85394,55367
26926,85394,55368
26927,85394,55369
26928,85394,55370
26929,85394,55371
26930,85394,55372
26931,85394,55373
26932,85394,55374
26933,85394,55375
26934,85394,55376
26935,85394,55377
26936,85394,55378
26937,85394,55379
26938,85394,55380
26939,85394,55381
26940,85394,55382
26941,85394,55383
26942,85394,55384
26943,85394,55385
26944,85394,55386
26945,85394,55387
26946,85394,55388
26947,85394,55389
26948,85394,55390
26949,85394,55391
26950,85394,55392
26951,85394,55393
26952,85394,55394
26953,85394,55395
26954,85394,55396
26955,85394,55397
26956,85394,55398
26957,85394,55399
26958,85394,55400
26959,85394,55401
26960,85394,55402
26961,85394,55403
26962,85394,55404
26963,85394,55405
26964,85394,55406
26965,85394,55407
26966,85394,55408
26967,85394,55409
26968,85394,55410
26969,85394,55411
26970,85394,55412
26971,85394,55413
26972,85394,55414
26973,85394,55415
26974,85394,55416
26975,85394,55417
26976,85394,55418
26977,85394,55419
26978,85394,55420
26979,85394,55421
26980,85394,55422
26981,85394,55423
26982,85394,55424
26983,85394,55425
26984,85394,55426
26985,85394,55427
26986,85394,55428
26987,85394,55429
26988,85394,55430
26989,85394,55431
26990,85394,55432
26991,85394,55433
26992,85394,55434
26993,85394,55435
26994,85394,55436
26995,85394,55437
26996,85394,55438
26997,85394,55439
26998,85394,55440
26999,85394,55441
27000,85394,55442
27001,85394,55443
27002,85394,55444
27003,85394,55445
27004,85394,55446
27005,85394,55447
27006,85394,55448
27007,85394,55449
27008,85394,55450
27009,85394,55451
27010,85394,55452
27011,85394,55453
27012,85394,55454
27013,85394,55455
27014,85394,55456
27015,85394,55457
27016,85394,55458
27017,85394,55459
27018,85394,55460
27019,85394,55461
27020,85394,55462
27021,85394,55463
27022,85394,55464
27023,85394,55465
27024,85394,55466
27025,85394,55467
27026,85394,55468
27027,85394,55469
27028,85394,55470
27029,85394,55471
27030,85394,55472
27031,85394,55473
27032,85394,55474
27033,85394,55475
27034,85394,55476
27035,85394,55477
27036,85394,55478
27037,85394,55479
27038,85394,55480
27039,85394,55481
27040,85394,55482
27041,85394,55483
27042,85394,55484
27043,85394,55485
27044,85395,55320
27045,85395,55321
27046,85395,55322
27047,85395,55323
27048,85395,55324
27049,85395,55325
27050,85395,55326
27051,85395,55327
27052,85395,55328
27053,85395,55329
27054,85395,55330
27055,85395,55331
27056,85395,55332
27057,85395,55333
27058,85395,55334
27059,85395,55335
27060,85395,55336
27061,85395,55337
27062,85395,55338
27063,85395,55339
27064,85395,55340
27065,85395,55341
27066,85395,55342
27067,85395,55343
27068,85395,55344
27069,85395,55345
27070,85395,55346
27071,85395,55347
27072,85395,55348
27073,85395,55349
27074,85395,55350
27075,85395,55351
27076,85395,55352
27077,85395,55353
27078,85395,55354
27079,85395,55355
27080,85395,55356
27081,85395,55357
27082,85395,55358
27083,85395,55359
27084,85395,55360
27085,85395,55361
27086,85395,55362
27087,85395,55363
27088,85395,55364
27089,85395,55365
27090,85395,55366
27091,85395,55367
27092,85395,55368
27093,85395,55369
27094,85395,55370
27095,85395,55371
27096,85395,55372
27097,85395,55373
27098,85395,55374
27099,85395,55375
27100,85395,55376
27101,85395,55377
27102,85395,55378
27103,85395,55379
27104,85395,55380
27105,85395,55381
27106,85395,55382
27107,85395,55383
27108,85395,55384
27109,85395,55385
27110,85395,55386
27111,85395,55387
27112,85395,55388
27113,85395,55389
27114,85395,55390
27115,85395,55391
27116,85395,55392
27117,85395,55393
27118,85395,55394
27119,85395,55395
27120,85395,55396
27121,85395,55397
27122,85395,55398
27123,85395,55399
27124,85395,55400
27125,85395,55401
27126,85395,55402
27127,85395,55403
27128,85395,55404
27129,85395,55405
27130,85395,55406
27131,85395,55407
27132,85395,55408
27133,85395,55409
27134,85395,55410
27135,85395,55411
27136,85395,55412
27137,85395,55413
27138,85395,55414
27139,85395,55415
27140,85395,55416
27141,85395,55417
27142,85395,55418
27143,85395,55419
27144,85395,55420
27145,85395,55421
27146,85395,55422
27147,85395,55423
27148,85395,55424
27149,85395,55425
27150,85395,55426
27151,85395,55427
27152,85395,55428
27153,85395,55429
27154,85395,55430
27155,85395,55431
27156,85395,55432
27157,85395,55433
27158,85395,55434
27159,85395,55435
27160,85395,55436
27161,85395,55437
27162,85395,55438
27163,85395,55439
27164,85395,55440
27165,85395,55441
27166,85395,55442
27167,85395,55443
27168,85395,55444
27169,85395,55445
27170,85395,55446
27171,85395,55447
27172,85395,55448
27173,85395,55449
27174,85395,55450
27175,85395,55451
27176,85395,55452
27177,85395,55453
27178,85395,55454
27179,85395,55455
27180,85395,55456
27181,85395,55457
27182,85395,55458
27183,85395,55459
27184,85395,55460
27185,85395,55461
27186,85395,55462
27187,85395,55463
27188,85395,55464
27189,85395,55465
27190,85395,55466
27191,85395,55467
27192,85395,55468
27193,85395,55469
27194,85395,55470
27195,85395,55471
27196,85395,55472
27197,85395,55473
27198,85395,55474
27199,85395,55475
27200,85395,55476
27201,85395,55477
27202,85395,55478
27203,85395,55479
27204,85395,55480
27205,85395,55481
27206,85395,55482
27207,85395,55483
27208,85395,55484
27209,85395,55485
27210,85396,55320
27211,85396,55321
27212,85396,55322
27213,85396,55323
27214,85396,55324
27215,85396,55325
27216,85396,55326
27217,85396,55327
27218,85396,55328
27219,85396,55329
27220,85396,55330
27221,85396,55331
27222,85396,55332
27223,85396,55333
27224,85396,55334
27225,85396,55335
27226,85396,55336
27227,85396,55337
27228,85396,55338
27229,85396,55339
27230,85396,55340
27231,85396,55341
27232,85396,55342
27233,85396,55343
27234,85396,55344
27235,85396,55345
27236,85396,55346
27237,85396,55347
27238,85396,55348
27239,85396,55349
27240,85396,55350
27241,85396,55351
27242,85396,55352
27243,85396,55353
27244,85396,55354
27245,85396,55355
27246,85396,55356
27247,85396,55357
27248,85396,55358
27249,85396,55359
27250,85396,55360
27251,85396,55361
27252,85396,55362
27253,85396,55363
27254,85396,55364
27255,85396,55365
27256,85396,55366
27257,85396,55367
27258,85396,55368
27259,85396,55369
27260,85396,55370
27261,85396,55371
27262,85396,55372
27263,85396,55373
27264,85396,55374
27265,85396,55375
27266,85396,55376
27267,85396,55377
27268,85396,55378
27269,85396,55379
27270,85396,55380
27271,85396,55381
27272,85396,55382
27273,85396,55383
27274,85396,55384
27275,85396,55385
27276,85396,55386
27277,85396,55387
27278,85396,55388
27279,85396,55389
27280,85396,55390
27281,85396,55391
27282,85396,55392
27283,85396,55393
27284,85396,55394
27285,85396,55395
27286,85396,55396
27287,85396,55397
27288,85396,55398
27289,85396,55399
27290,85396,55400
27291,85396,55401
27292,85396,55402
27293,85396,55403
27294,85396,55404
27295,85396,55405
27296,85396,55406
27297,85396,55407
27298,85396,55408
27299,85396,55409
27300,85396,55410
27301,85396,55411
27302,85396,55412
27303,85396,55413
27304,85396,55414
27305,85396,55415
27306,85396,55416
27307,85396,55417
27308,85396,55418
27309,85396,55419
27310,85396,55420
27311,85396,55421
27312,85396,55422
27313,85396,55423
27314,85396,55424
27315,85396,55425
27316,85396,55426
27317,85396,55427
27318,85396,55428
27319,85396,55429
27320,85396,55430
27321,85396,55431
27322,85396,55432
27323,85396,55433
27324,85396,55434
27325,85396,55435
27326,85396,55436
27327,85396,55437
27328,85396,55438
27329,85396,55439
27330,85396,55440
27331,85396,55441
27332,85396,55442
27333,85396,55443
27334,85396,55444
27335,85396,55445
27336,85396,55446
27337,85396,55447
27338,85396,55448
27339,85396,55449
27340,85396,55450
27341,85396,55451
27342,85396,55452
27343,85396,55453
27344,85396,55454
27345,85396,55455
27346,85396,55456
27347,85396,55457
27348,85396,55458
27349,85396,55459
27350,85396,55460
27351,85396,55461
27352,85396,55462
27353,85396,55463
27354,85396,55464
27355,85396,55465
27356,85396,55466
27357,85396,55467
27358,85396,55468
27359,85396,55469
27360,85396,55470
27361,85396,55471
27362,85396,55472
27363,85396,55473
27364,85396,55474
27365,85396,55475
27366,85396,55476
27367,85396,55477
27368,85396,55478
27369,85396,55479
27370,85396,55480
27371,85396,55481
27372,85396,55482
27373,85396,55483
27374,85396,55484
27375,85396,55485
27376,85397,55320
27377,85397,55321
27378,85397,55322
27379,85397,55323
27380,85397,55324
27381,85397,55325
27382,85397,55326
27383,85397,55327
27384,85397,55328
27385,85397,55329
27386,85397,55330
27387,85397,55331
27388,85397,55332
27389,85397,55333
27390,85397,55334
27391,85397,55335
27392,85397,55336
27393,85397,55337
27394,85397,55338
27395,85397,55339
27396,85397,55340
27397,85397,55341
27398,85397,55342
27399,85397,55343
27400,85397,55344
27401,85397,55345
27402,85397,55346
27403,85397,55347
27404,85397,55348
27405,85397,55349
27406,85397,55350
27407,85397,55351
27408,85397,55352
27409,85397,55353
27410,85397,55354
27411,85397,55355
27412,85397,55356
27413,85397,55357
27414,85397,55358
27415,85397,55359
27416,85397,55360
27417,85397,55361
27418,85397,55362
27419,85397,55363
27420,85397,55364
27421,85397,55365
27422,85397,55366
27423,85397,55367
27424,85397,55368
27425,85397,55369
27426,85397,55370
27427,85397,55371
27428,85397,55372
27429,85397,55373
27430,85397,55374
27431,85397,55375
27432,85397,55376
27433,85397,55377
27434,85397,55378
27435,85397,55379
27436,85397,55380
27437,85397,55381
27438,85397,55382
27439,85397,55383
27440,85397,55384
27441,85397,55385
27442,85397,55386
27443,85397,55387
27444,85397,55388
27445,85397,55389
27446,85397,55390
27447,85397,55391
27448,85397,55392
27449,85397,55393
27450,85397,55394
27451,85397,55395
27452,85397,55396
27453,85397,55397
27454,85397,55398
27455,85397,55399
27456,85397,55400
27457,85397,55401
27458,85397,55402
27459,85397,55403
27460,85397,55404
27461,85397,55405
27462,85397,55406
27463,85397,55407
27464,85397,55408
27465,85397,55409
27466,85397,55410
27467,85397,55411
27468,85397,55412
27469,85397,55413
27470,85397,55414
27471,85397,55415
27472,85397,55416
27473,85397,55417
27474,85397,55418
27475,85397,55419
27476,85397,55420
27477,85397,55421
27478,85397,55422
27479,85397,55423
27480,85397,55424
27481,85397,55425
27482,85397,55426
27483,85397,55427
27484,85397,55428
27485,85397,55429
27486,85397,55430
27487,85397,55431
27488,85397,55432
27489,85397,55433
27490,85397,55434
27491,85397,55435
27492,85397,55436
27493,85397,55437
27494,85397,55438
27495,85397,55439
27496,85397,55440
27497,85397,55441
27498,85397,55442
27499,85397,55443
27500,85397,55444
27501,85397,55445
27502,85397,55446
27503,85397,55447
27504,85397,55448
27505,85397,55449
27506,85397,55450
27507,85397,55451
27508,85397,55452
27509,85397,55453
27510,85397,55454
27511,85397,55455
27512,85397,55456
27513,85397,55457
27514,85397,55458
27515,85397,55459
27516,85397,55460
27517,85397,55461
27518,85397,55462
27519,85397,55463
27520,85397,55464
27521,85397,55465
27522,85397,55466
27523,85397,55467
27524,85397,55468
27525,85397,55469
27526,85397,55470
27527,85397,55471
27528,85397,55472
27529,85397,55473
27530,85397,55474
27531,85397,55475
27532,85397,55476
27533,85397,55477
27534,85397,55478
27535,85397,55479
27536,85397,55480
27537,85397,55481
27538,85397,55482
27539,85397,55483
27540,85397,55484
27541,85397,55485
27542,85397,55486
27543,85398,55320
27544,85398,55321
27545,85398,55322
27546,85398,55323
27547,85398,55324
27548,85398,55325
27549,85398,55326
27550,85398,55327
27551,85398,55328
27552,85398,55329
27553,85398,55330
27554,85398,55331
27555,85398,55332
27556,85398,55333
27557,85398,55334
27558,85398,55335
27559,85398,55336
27560,85398,55337
27561,85398,55338
27562,85398,55339
27563,85398,55340
27564,85398,55341
27565,85398,55342
27566,85398,55343
27567,85398,55344
27568,85398,55345
27569,85398,55346
27570,85398,55347
27571,85398,55348
27572,85398,55349
27573,85398,55350
27574,85398,55351
27575,85398,55352
27576,85398,55353
27577,85398,55354
27578,85398,55355
27579,85398,55356
27580,85398,55357
27581,85398,55358
27582,85398,55359
27583,85398,55360
27584,85398,55361
27585,85398,55362
27586,85398,55363
27587,85398,55364
27588,85398,55365
27589,85398,55366
27590,85398,55367
27591,85398,55368
27592,85398,55369
27593,85398,55370
27594,85398,55371
27595,85398,55372
27596,85398,55373
27597,85398,55374
27598,85398,55375
27599,85398,55376
27600,85398,55377
27601,85398,55378
27602,85398,55379
27603,85398,55380
27604,85398,55381
27605,85398,55382
27606,85398,55383
27607,85398,55384
27608,85398,55385
27609,85398,55386
27610,85398,55387
27611,85398,55388
27612,85398,55389
27613,85398,55390
27614,85398,55391
27615,85398,55392
27616,85398,55393
27617,85398,55394
27618,85398,55395
27619,85398,55396
27620,85398,55397
27621,85398,55398
27622,85398,55399
27623,85398,55400
27624,85398,55401
27625,85398,55402
27626,85398,55403
27627,85398,55404
27628,85398,55405
27629,85398,55406
27630,85398,55407
27631,85398,55408
27632,85398,55409
27633,85398,55410
27634,85398,55411
27635,85398,55412
27636,85398,55413
27637,85398,55414
27638,85398,55415
27639,85398,55416
27640,85398,55417
27641,85398,55418
27642,85398,55419
27643,85398,55420
27644,85398,55421
27645,85398,55422
27646,85398,55423
27647,85398,55424
27648,85398,55425
27649,85398,55426
27650,85398,55427
27651,85398,55428
27652,85398,55429
27653,85398,55430
27654,85398,55431
27655,85398,55432
27656,85398,55433
27657,85398,55434
27658,85398,55435
27659,85398,55436
27660,85398,55437
27661,85398,55438
27662,85398,55439
27663,85398,55440
27664,85398,55441
27665,85398,55442
27666,85398,55443
27667,85398,55444
27668,85398,55445
27669,85398,55446
27670,85398,55447
27671,85398,55448
27672,85398,55449
27673,85398,55450
27674,85398,55451
27675,85398,55452
27676,85398,55453
27677,85398,55454
27678,85398,55455
27679,85398,55456
27680,85398,55457
27681,85398,55458
27682,85398,55459
27683,85398,55460
27684,85398,55461
27685,85398,55462
27686,85398,55463
27687,85398,55464
27688,85398,55465
27689,85398,55466
27690,85398,55467
27691,85398,55468
27692,85398,55469
27693,85398,55470
27694,85398,55471
27695,85398,55472
27696,85398,55473
27697,85398,55474
27698,85398,55475
27699,85398,55476
27700,85398,55477
27701,85398,55478
27702,85398,55479
27703,85398,55480
27704,85398,55481
27705,85398,55482
27706,85398,55483
27707,85398,55484
27708,85398,55485
27709,85398,55486
27710,85399,55320
27711,85399,55321
27712,85399,55322
27713,85399,55323
27714,85399,55324
27715,85399,55325
27716,85399,55326
27717,85399,55327
27718,85399,55328
27719,85399,55329
27720,85399,55330
27721,85399,55331
27722,85399,55332
27723,85399,55333
27724,85399,55334
27725,85399,55335
27726,85399,55336
27727,85399,55337
27728,85399,55338
27729,85399,55339
27730,85399,55340
27731,85399,55341
27732,85399,55342
27733,85399,55343
27734,85399,55344
27735,85399,55345
27736,85399,55346
27737,85399,55347
27738,85399,55348
27739,85399,55349
27740,85399,55350
27741,85399,55351
27742,85399,55352
27743,85399,55353
27744,85399,55354
27745,85399,55355
27746,85399,55356
27747,85399,55357
27748,85399,55358
27749,85399,55359
27750,85399,55360
27751,85399,55361
27752,85399,55362
27753,85399,55363
27754,85399,55364
27755,85399,55365
27756,85399,55366
27757,85399,55367
27758,85399,55368
27759,85399,55369
27760,85399,55370
27761,85399,55371
27762,85399,55372
27763,85399,55373
27764,85399,55374
27765,85399,55375
27766,85399,55376
27767,85399,55377
27768,85399,55378
27769,85399,55379
27770,85399,55380
27771,85399,55381
27772,85399,55382
27773,85399,55383
27774,85399,55384
27775,85399,55385
27776,85399,55386
27777,85399,55387
27778,85399,55388
27779,85399,55389
27780,85399,55390
27781,85399,55391
27782,85399,55392
27783,85399,55393
27784,85399,55394
27785,85399,55395
27786,85399,55396
27787,85399,55397
27788,85399,55398
27789,85399,55399
27790,85399,55400
27791,85399,55401
27792,85399,55402
27793,85399,55403
27794,85399,55404
27795,85399,55405
27796,85399,55406
27797,85399,55407
27798,85399,55408
27799,85399,55409
27800,85399,55410
27801,85399,55411
27802,85399,55412
27803,85399,55413
27804,85399,55414
27805,85399,55415
27806,85399,55416
27807,85399,55417
27808,85399,55418
27809,85399,55419
27810,85399,55420
27811,85399,55421
27812,85399,55422
27813,85399,55423
27814,85399,55424
27815,85399,55425
27816,85399,55426
27817,85399,55427
27818,85399,55428
27819,85399,55429
27820,85399,55430
27821,85399,55431
27822,85399,55432
27823,85399,55433
27824,85399,55434
27825,85399,55435
27826,85399,55436
27827,85399,55437
27828,85399,55438
27829,85399,55439
27830,85399,55440
27831,85399,55441
27832,85399,55442
27833,85399,55443
27834,85399,55444
27835,85399,55445
27836,85399,55446
27837,85399,55447
27838,85399,55448
27839,85399,55449
27840,85399,55450
27841,85399,55451
27842,85399,55452
27843,85399,55453
27844,85399,55454
27845,85399,55455
27846,85399,55456
27847,85399,55457
27848,85399,55458
27849,85399,55459
27850,85399,55460
27851,85399,55461
27852,85399,55462
27853,85399,55463
27854,85399,55464
27855,85399,55465
27856,85399,55466
27857,85399,55467
27858,85399,55468
27859,85399,55469
27860,85399,55470
27861,85399,55471
27862,85399,55472
27863,85399,55473
27864,85399,55474
27865,85399,55475
27866,85399,55476
27867,85399,55477
27868,85399,55478
27869,85399,55479
27870,85399,55480
27871,85399,55481
27872,85399,55482
27873,85399,55483
27874,85399,55484
27875,85399,55485
27876,85399,55486
27877,85399,55487
27878,85400,55320
27879,85400,55321
27880,85400,55322
27881,85400,55323
27882,85400,55324
27883,85400,55325
27884,85400,55326
27885,85400,55327
27886,85400,55328
27887,85400,55329
27888,85400,55330
27889,85400,55331
27890,85400,55332
27891,85400,55333
27892,85400,55334
27893,85400,55335
27894,85400,55336
27895,85400,55337
27896,85400,55338
27897,85400,55339
27898,85400,55340
27899,85400,55341
27900,85400,55342
27901,85400,55343
27902,85400,55344
27903,85400,55345
27904,85400,55346
27905,85400,55347
27906,85400,55348
27907,85400,55349
27908,85400,55350
27909,85400,55351
27910,85400,55352
27911,85400,55353
27912,85400,55354
27913,85400,55355
27914,85400,55356
27915,85400,55357
27916,85400,55358
27917,85400,55359
27918,85400,55360
27919,85400,55361
27920,85400,55362
27921,85400,55363
27922,85400,55364
27923,85400,55365
27924,85400,55366
27925,85400,55367
27926,85400,55368
27927,85400,55369
27928,85400,55370
27929,85400,55371
27930,85400,55372
27931,85400,55373
27932,85400,55374
27933,85400,55375
27934,85400,55376
27935,85400,55377
27936,85400,55378
27937,85400,55379
27938,85400,55380
27939,85400,55381
27940,85400,55382
27941,85400,55383
27942,85400,55384
27943,85400,55385
27944,85400,55386
27945,85400,55387
27946,85400,55388
27947,85400,55389
27948,85400,55390
27949,85400,55391
27950,85400,55392
27951,85400,55393
27952,85400,55394
27953,85400,55395
27954,85400,55396
27955,85400,55397
27956,85400,55398
27957,85400,55399
27958,85400,55400
27959,85400,55401
27960,85400,55402
27961,85400,55403
27962,85400,55404
27963,85400,55405
27964,85400,55406
27965,85400,55407
27966,85400,55408
27967,85400,55409
27968,85400,55410
27969,85400,55411
27970,85400,55412
27971,85400,55413
27972,85400,55414
27973,85400,55415
27974,85400,55416
27975,85400,55417
27976,85400,55418
27977,85400,55419
27978,85400,55420
27979,85400,55421
27980,85400,55422
27981,85400,55423
27982,85400,55424
27983,85400,55425
27984,85400,55426
27985,85400,55427
27986,85400,55428
27987,85400,55429
27988,85400,55430
27989,85400,55431
27990,85400,55432
27991,85400,55433
27992,85400,55434
27993,85400,55435
27994,85400,55436
27995,85400,55437
27996,85400,55438
27997,85400,55439
27998,85400,55440
27999,85400,55441
28000,85400,55442
28001,85400,55443
28002,85400,55444
28003,85400,55445
28004,85400,55446
28005,85400,55447
28006,85400,55448
28007,85400,55449
28008,85400,55450
28009,85400,55451
28010,85400,55452
28011,85400,55453
28012,85400,55454
28013,85400,55455
28014,85400,55456
28015,85400,55457
28016,85400,55458
28017,85400,55459
28018,85400,55460
28019,85400,55461
28020,85400,55462
28021,85400,55463
28022,85400,55464
28023,85400,55465
28024,85400,55466
28025,85400,55467
28026,85400,55468
28027,85400,55469
28028,85400,55470
28029,85400,55471
28030,85400,55472
28031,85400,55473
28032,85400,55474
28033,85400,55475
28034,85400,55476
28035,85400,55477
28036,85400,55478
28037,85400,55479
28038,85400,55480
28039,85400,55481
28040,85400,55482
28041,85400,55483
28042,85400,55484
28043,85400,55485
28044,85400,55486
28045,85400,55487
28046,85401,55320
28047,85401,55321
28048,85401,55322
28049,85401,55323
28050,85401,55324
28051,85401,55325
28052,85401,55326
28053,85401,55327
28054,85401,55328
28055,85401,55329
28056,85401,55330
28057,85401,55331
28058,85401,55332
28059,85401,55333
28060,85401,55334
28061,85401,55335
28062,85401,55336
28063,85401,55337
28064,85401,55338
28065,85401,55339
28066,85401,55340
28067,85401,55341
28068,85401,55342
28069,85401,55343
28070,85401,55344
28071,85401,55345
28072,85401,55346
28073,85401,55347
28074,85401,55348
28075,85401,55349
28076,85401,55350
28077,85401,55351
28078,85401,55352
28079,85401,55353
28080,85401,55354
28081,85401,55355
28082,85401,55356
28083,85401,55357
28084,85401,55358
28085,85401,55359
28086,85401,55360
28087,85401,55361
28088,85401,55362
28089,85401,55363
28090,85401,55364
28091,85401,55365
28092,85401,55366
28093,85401,55367
28094,85401,55368
28095,85401,55369
28096,85401,55370
28097,85401,55371
28098,85401,55372
28099,85401,55373
28100,85401,55374
28101,85401,55375
28102,85401,55376
28103,85401,55377
28104,85401,55378
28105,85401,55379
28106,85401,55380
28107,85401,55381
28108,85401,55382
28109,85401,55383
28110,85401,55384
28111,85401,55385
28112,85401,55386
28113,85401,55387
28114,85401,55388
28115,85401,55389
28116,85401,55390
28117,85401,55391
28118,85401,55392
28119,85401,55393
28120,85401,55394
28121,85401,55395
28122,85401,55396
28123,85401,55397
28124,85401,55398
28125,85401,55399
28126,85401,55400
28127,85401,55401
28128,85401,55402
28129,85401,55403
28130,85401,55404
28131,85401,55405
28132,85401,55406
28133,85401,55407
28134,85401,55408
28135,85401,55409
28136,85401,55410
28137,85401,55411
28138,85401,55412
28139,85401,55413
28140,85401,55414
28141,85401,55415
28142,85401,55416
28143,85401,55417
28144,85401,55418
28145,85401,55419
28146,85401,55420
28147,85401,55421
28148,85401,55422
28149,85401,55423
28150,85401,55424
28151,85401,55425
28152,85401,55426
28153,85401,55427
28154,85401,55428
28155,85401,55429
28156,85401,55430
28157,85401,55431
28158,85401,55432
28159,85401,55433
28160,85401,55434
28161,85401,55435
28162,85401,55436
28163,85401,55437
28164,85401,55438
28165,85401,55439
28166,85401,55440
28167,85401,55441
28168,85401,55442
28169,85401,55443
28170,85401,55444
28171,85401,55445
28172,85401,55446
28173,85401,55447
28174,85401,55448
28175,85401,55449
28176,85401,55450
28177,85401,55451
28178,85401,55452
28179,85401,55453
28180,85401,55454
28181,85401,55455
28182,85401,55456
28183,85401,55457
28184,85401,55458
28185,85401,55459
28186,85401,55460
28187,85401,55461
28188,85401,55462
28189,85401,55463
28190,85401,55464
28191,85401,55465
28192,85401,55466
28193,85401,55467
28194,85401,55468
28195,85401,55469
28196,85401,55470
28197,85401,55471
28198,85401,55472
28199,85401,55473
28200,85401,55474
28201,85401,55475
28202,85401,55476
28203,85401,55477
28204,85401,55478
28205,85401,55479
28206,85401,55480
28207,85401,55481
28208,85401,55482
28209,85401,55483
28210,85401,55484
28211,85401,55485
28212,85401,55486
28213,85401,55487
28214,85401,55488
28215,85402,55320
28216,85402,55321
28217,85402,55322
28218,85402,55323
28219,85402,55324
28220,85402,55325
28221,85402,55326
28222,85402,55327
28223,85402,55328
28224,85402,55329
28225,85402,55330
28226,85402,55331
28227,85402,55332
28228,85402,55333
28229,85402,55334
28230,85402,55335
28231,85402,55336
28232,85402,55337
28233,85402,55338
28234,85402,55339
28235,85402,55340
28236,85402,55341
28237,85402,55342
28238,85402,55343
28239,85402,55344
28240,85402,55345
28241,85402,55346
28242,85402,55347
28243,85402,55348
28244,85402,55349
28245,85402,55350
28246,85402,55351
28247,85402,55352
28248,85402,55353
28249,85402,55354
28250,85402,55355
28251,85402,55356
28252,85402,55357
28253,85402,55358
28254,85402,55359
28255,85402,55360
28256,85402,55361
28257,85402,55362
28258,85402,55363
28259,85402,55364
28260,85402,55365
28261,85402,55366
28262,85402,55367
28263,85402,55368
28264,85402,55369
28265,85402,55370
28266,85402,55371
28267,85402,55372
28268,85402,55373
28269,85402,55374
28270,85402,55375
28271,85402,55376
28272,85402,55377
28273,85402,55378
28274,85402,55379
28275,85402,55380
28276,85402,55381
28277,85402,55382
28278,85402,55383
28279,85402,55384
28280,85402,55385
28281,85402,55386
28282,85402,55387
28283,85402,55388
28284,85402,55389
28285,85402,55390
28286,85402,55391
28287,85402,55392
28288,85402,55393
28289,85402,55394
28290,85402,55395
28291,85402,55396
28292,85402,55397
28293,85402,55398
28294,85402,55399
28295,85402,55400
28296,85402,55401
28297,85402,55402
28298,85402,55403
28299,85402,55404
28300,85402,55405
28301,85402,55406
28302,85402,55407
28303,85402,55408
28304,85402,55409
28305,85402,55410
28306,85402,55411
28307,85402,55412
28308,85402,55413
28309,85402,55414
28310,85402,55415
28311,85402,55416
28312,85402,55417
28313,85402,55418
28314,85402,55419
28315,85402,55420
28316,85402,55421
28317,85402,55422
28318,85402,55423
28319,85402,55424
28320,85402,55425
28321,85402,55426
28322,85402,55427
28323,85402,55428
28324,85402,55429
28325,85402,55430
28326,85402,55431
28327,85402,55432
28328,85402,55433
28329,85402,55434
28330,85402,55435
28331,85402,55436
28332,85402,55437
28333,85402,55438
28334,85402,55439
28335,85402,55440
28336,85402,55441
28337,85402,55442
28338,85402,55443
28339,85402,55444
28340,85402,55445
28341,85402,55446
28342,85402,55447
28343,85402,55448
28344,85402,55449
28345,85402,55450
28346,85402,55451
28347,85402,55452
28348,85402,55453
28349,85402,55454
28350,85402,55455
28351,85402,55456
28352,85402,55457
28353,85402,55458
28354,85402,55459
28355,85402,55460
28356,85402,55461
28357,85402,55462
28358,85402,55463
28359,85402,55464
28360,85402,55465
28361,85402,55466
28362,85402,55467
28363,85402,55468
28364,85402,55469
28365,85402,55470
28366,85402,55471
28367,85402,55472
28368,85402,55473
28369,85402,55474
28370,85402,55475
28371,85402,55476
28372,85402,55477
28373,85402,55478
28374,85402,55479
28375,85402,55480
28376,85402,55481
28377,85402,55482
28378,85402,55483
28379,85402,55484
28380,85402,55485
28381,85402,55486
28382,85402,55487
28383,85402,55488
28384,85402,55489
28385,85403,55320
28386,85403,55321
28387,85403,55322
28388,85403,55323
28389,85403,55324
28390,85403,55325
28391,85403,55326
28392,85403,55327
28393,85403,55328
28394,85403,55329
28395,85403,55330
28396,85403,55331
28397,85403,55332
28398,85403,55333
28399,85403,55334
28400,85403,55335
28401,85403,55336
28402,85403,55337
28403,85403,55338
28404,85403,55339
28405,85403,55340
28406,85403,55341
28407,85403,55342
28408,85403,55343
28409,85403,55344
28410,85403,55345
28411,85403,55346
28412,85403,55347
28413,85403,55348
28414,85403,55349
28415,85403,55350
28416,85403,55351
28417,85403,55352
28418,85403,55353
28419,85403,55354
28420,85403,55355
28421,85403,55356
28422,85403,55357
28423,85403,55358
28424,85403,55359
28425,85403,55360
28426,85403,55361
28427,85403,55362
28428,85403,55363
28429,85403,55364
28430,85403,55365
28431,85403,55366
28432,85403,55367
28433,85403,55368
28434,85403,55369
28435,85403,55370
28436,85403,55371
28437,85403,55372
28438,85403,55373
28439,85403,55374
28440,85403,55375
28441,85403,55376
28442,85403,55377
28443,85403,55378
28444,85403,55379
28445,85403,55380
28446,85403,55381
28447,85403,55382
28448,85403,55383
28449,85403,55384
28450,85403,55385
28451,85403,55386
28452,85403,55387
28453,85403,55388
28454,85403,55389
28455,85403,55390
28456,85403,55391
28457,85403,55392
28458,85403,55393
28459,85403,55394
28460,85403,55395
28461,85403,55396
28462,85403,55397
28463,85403,55398
28464,85403,55399
28465,85403,55400
28466,85403,55401
28467,85403,55402
28468,85403,55403
28469,85403,55404
28470,85403,55405
28471,85403,55406
28472,85403,55407
28473,85403,55408
28474,85403,55409
28475,85403,55410
28476,85403,55411
28477,85403,55412
28478,85403,55413
28479,85403,55414
28480,85403,55415
28481,85403,55416
28482,85403,55417
28483,85403,55418
28484,85403,55419
28485,85403,55420
28486,85403,55421
28487,85403,55422
28488,85403,55423
28489,85403,55424
28490,85403,55425
28491,85403,55426
28492,85403,55427
28493,85403,55428
28494,85403,55429
28495,85403,55430
28496,85403,55431
28497,85403,55432
28498,85403,55433
28499,85403,55434
28500,85403,55435
28501,85403,55436
28502,85403,55437
28503,85403,55438
28504,85403,55439
28505,85403,55440
28506,85403,55441
28507,85403,55442
28508,85403,55443
28509,85403,55444
28510,85403,55445
28511,85403,55446
28512,85403,55447
28513,85403,55448
28514,85403,55449
28515,85403,55450
28516,85403,55451
28517,85403,55452
28518,85403,55453
28519,85403,55454
28520,85403,55455
28521,85403,55456
28522,85403,55457
28523,85403,55458
28524,85403,55459
28525,85403,55460
28526,85403,55461
28527,85403,55462
28528,85403,55463
28529,85403,55464
28530,85403,55465
28531,85403,55466
28532,85403,55467
28533,85403,55468
28534,85403,55469
28535,85403,55470
28536,85403,55471
28537,85403,55472
28538,85403,55473
28539,85403,55474
28540,85403,55475
28541,85403,55476
28542,85403,55477
28543,85403,55478
28544,85403,55479
28545,85403,55480
28546,85403,55481
28547,85403,55482
28548,85403,55483
28549,85403,55484
28550,85403,55485
28551,85403,55486
28552,85403,55487
28553,85403,55488
28554,85403,55489
28555,85403,55490
28556,85404,55320
28557,85404,55321
28558,85404,55322
28559,85404,55323
28560,85404,55324
28561,85404,55325
28562,85404,55326
28563,85404,55327
28564,85404,55328
28565,85404,55329
28566,85404,55330
28567,85404,55331
28568,85404,55332
28569,85404,55333
28570,85404,55334
28571,85404,55335
28572,85404,55336
28573,85404,55337
28574,85404,55338
28575,85404,55339
28576,85404,55340
28577,85404,55341
28578,85404,55342
28579,85404,55343
28580,85404,55344
28581,85404,55345
28582,85404,55346
28583,85404,55347
28584,85404,55348
28585,85404,55349
28586,85404,55350
28587,85404,55351
28588,85404,55352
28589,85404,55353
28590,85404,55354
28591,85404,55355
28592,85404,55356
28593,85404,55357
28594,85404,55358
28595,85404,55359
28596,85404,55360
28597,85404,55361
28598,85404,55362
28599,85404,55363
28600,85404,55364
28601,85404,55365
28602,85404,55366
28603,85404,55367
28604,85404,55368
28605,85404,55369
28606,85404,55370
28607,85404,55371
28608,85404,55372
28609,85404,55373
28610,85404,55374
28611,85404,55375
28612,85404,55376
28613,85404,55377
28614,85404,55378
28615,85404,55379
28616,85404,55380
28617,85404,55381
28618,85404,55382
28619,85404,55383
28620,85404,55384
28621,85404,55385
28622,85404,55386
28623,85404,55387
28624,85404,55388
28625,85404,55389
28626,85404,55390
28627,85404,55391
28628,85404,55392
28629,85404,55393
28630,85404,55394
28631,85404,55395
28632,85404,55396
28633,85404,55397
28634,85404,55398
28635,85404,55399
28636,85404,55400
28637,85404,55401
28638,85404,55402
28639,85404,55403
28640,85404,55404
28641,85404,55405
28642,85404,55406
28643,85404,55407
28644,85404,55408
28645,85404,55409
28646,85404,55410
28647,85404,55411
28648,85404,55412
28649,85404,55413
28650,85404,55414
28651,85404,55415
28652,85404,55416
28653,85404,55417
28654,85404,55418
28655,85404,55419
28656,85404,55420
28657,85404,55421
28658,85404,55422
28659,85404,55423
28660,85404,55424
28661,85404,55425
28662,85404,55426
28663,85404,55427
28664,85404,55428
28665,85404,55429
28666,85404,55430
28667,85404,55431
28668,85404,55432
28669,85404,55433
28670,85404,55434
28671,85404,55435
28672,85404,55436
28673,85404,55437
28674,85404,55438
28675,85404,55439
28676,85404,55440
28677,85404,55441
28678,85404,55442
28679,85404,55443
28680,85404,55444
28681,85404,55445
28682,85404,55446
28683,85404,55447
28684,85404,55448
28685,85404,55449
28686,85404,55450
28687,85404,55451
28688,85404,55452
28689,85404,55453
28690,85404,55454
28691,85404,55455
28692,85404,55456
28693,85404,55457
28694,85404,55458
28695,85404,55459
28696,85404,55460
28697,85404,55461
28698,85404,55462
28699,85404,55463
28700,85404,55464
28701,85404,55465
28702,85404,55466
28703,85404,55467
28704,85404,55468
28705,85404,55469
28706,85404,55470
28707,85404,55471
28708,85404,55472
28709,85404,55473
28710,85404,55474
28711,85404,55475
28712,85404,55476
28713,85404,55477
28714,85404,55478
28715,85404,55479
28716,85404,55480
28717,85404,55481
28718,85404,55482
28719,85404,55483
28720,85404,55484
28721,85404,55485
28722,85404,55486
28723,85404,55487
28724,85404,55488
28725,85404,55489
28726,85404,55490
28727,85404,55491
28728,85405,55320
28729,85405,55321
28730,85405,55322
28731,85405,55323
28732,85405,55324
28733,85405,55325
28734,85405,55326
28735,85405,55327
28736,85405,55328
28737,85405,55329
28738,85405,55330
28739,85405,55331
28740,85405,55332
28741,85405,55333
28742,85405,55334
28743,85405,55335
28744,85405,55336
28745,85405,55337
28746,85405,55338
28747,85405,55339
28748,85405,55340
28749,85405,55341
28750,85405,55342
28751,85405,55343
28752,85405,55344
28753,85405,55345
28754,85405,55346
28755,85405,55347
28756,85405,55348
28757,85405,55349
28758,85405,55350
28759,85405,55351
28760,85405,55352
28761,85405,55353
28762,85405,55354
28763,85405,55355
28764,85405,55356
28765,85405,55357
28766,85405,55358
28767,85405,55359
28768,85405,55360
28769,85405,55361
28770,85405,55362
28771,85405,55363
28772,85405,55364
28773,85405,55365
28774,85405,55366
28775,85405,55367
28776,85405,55368
28777,85405,55369
28778,85405,55370
28779,85405,55371
28780,85405,55372
28781,85405,55373
28782,85405,55374
28783,85405,55375
28784,85405,55376
28785,85405,55377
28786,85405,55378
28787,85405,55379
28788,85405,55380
28789,85405,55381
28790,85405,55382
28791,85405,55383
28792,85405,55384
28793,85405,55385
28794,85405,55386
28795,85405,55387
28796,85405,55388
28797,85405,55389
28798,85405,55390
28799,85405,55391
28800,85405,55392
28801,85405,55393
28802,85405,55394
28803,85405,55395
28804,85405,55396
28805,85405,55397
28806,85405,55398
28807,85405,55399
28808,85405,55400
28809,85405,55401
28810,85405,55402
28811,85405,55403
28812,85405,55404
28813,85405,55405
28814,85405,55406
28815,85405,55407
28816,85405,55408
28817,85405,55409
28818,85405,55410
28819,85405,55411
28820,85405,55412
28821,85405,55413
28822,85405,55414
28823,85405,55415
28824,85405,55416
28825,85405,55417
28826,85405,55418
28827,85405,55419
28828,85405,55420
28829,85405,55421
28830,85405,55422
28831,85405,55423
28832,85405,55424
28833,85405,55425
28834,85405,55426
28835,85405,55427
28836,85405,55428
28837,85405,55429
28838,85405,55430
28839,85405,55431
28840,85405,55432
28841,85405,55433
28842,85405,55434
28843,85405,55435
28844,85405,55436
28845,85405,55437
28846,85405,55438
28847,85405,55439
28848,85405,55440
28849,85405,55441
28850,85405,55442
28851,85405,55443
28852,85405,55444
28853,85405,55445
28854,85405,55446
28855,85405,55447
28856,85405,55448
28857,85405,55449
28858,85405,55450
28859,85405,55451
28860,85405,55452
28861,85405,55453
28862,85405,55454
28863,85405,55455
28864,85405,55456
28865,85405,55457
28866,85405,55458
28867,85405,55459
28868,85405,55460
28869,85405,55461
28870,85405,55462
28871,85405,55463
28872,85405,55464
28873,85405,55465
28874,85405,55466
28875,85405,55467
28876,85405,55468
28877,85405,55469
28878,85405,55470
28879,85405,55471
28880,85405,55472
28881,85405,55473
28882,85405,55474
28883,85405,55475
28884,85405,55476
28885,85405,55477
28886,85405,55478
28887,85405,55479
28888,85405,55480
28889,85405,55481
28890,85405,55482
28891,85405,55483
28892,85405,55484
28893,85405,55485
28894,85405,55486
28895,85405,55487
28896,85405,55488
28897,85405,55489
28898,85405,55490
28899,85405,55491
28900,85405,55492
28901,85406,55320
28902,85406,55321
28903,85406,55322
28904,85406,55323
28905,85406,55324
28906,85406,55325
28907,85406,55326
28908,85406,55327
28909,85406,55328
28910,85406,55329
28911,85406,55330
28912,85406,55331
28913,85406,55332
28914,85406,55333
28915,85406,55334
28916,85406,55335
28917,85406,55336
28918,85406,55337
28919,85406,55338
28920,85406,55339
28921,85406,55340
28922,85406,55341
28923,85406,55342
28924,85406,55343
28925,85406,55344
28926,85406,55345
28927,85406,55346
28928,85406,55347
28929,85406,55348
28930,85406,55349
28931,85406,55350
28932,85406,55351
28933,85406,55352
28934,85406,55353
28935,85406,55354
28936,85406,55355
28937,85406,55356
28938,85406,55357
28939,85406,55358
28940,85406,55359
28941,85406,55360
28942,85406,55361
28943,85406,55362
28944,85406,55363
28945,85406,55364
28946,85406,55365
28947,85406,55366
28948,85406,55367
28949,85406,55368
28950,85406,55369
28951,85406,55370
28952,85406,55371
28953,85406,55372
28954,85406,55373
28955,85406,55374
28956,85406,55375
28957,85406,55376
28958,85406,55377
28959,85406,55378
28960,85406,55379
28961,85406,55380
28962,85406,55381
28963,85406,55382
28964,85406,55383
28965,85406,55384
28966,85406,55385
28967,85406,55386
28968,85406,55387
28969,85406,55388
28970,85406,55389
28971,85406,55390
28972,85406,55391
28973,85406,55392
28974,85406,55393
28975,85406,55394
28976,85406,55395
28977,85406,55396
28978,85406,55397
28979,85406,55398
28980,85406,55399
28981,85406,55400
28982,85406,55401
28983,85406,55402
28984,85406,55403
28985,85406,55404
28986,85406,55405
28987,85406,55406
28988,85406,55407
28989,85406,55408
28990,85406,55409
28991,85406,55410
28992,85406,55411
28993,85406,55412
28994,85406,55413
28995,85406,55414
28996,85406,55415
28997,85406,55416
28998,85406,55417
28999,85406,55418
29000,85406,55419
29001,85406,55420
29002,85406,55421
29003,85406,55422
29004,85406,55423
29005,85406,55424
29006,85406,55425
29007,85406,55426
29008,85406,55427
29009,85406,55428
29010,85406,55429
29011,85406,55430
29012,85406,55431
29013,85406,55432
29014,85406,55433
29015,85406,55434
29016,85406,55435
29017,85406,55436
29018,85406,55437
29019,85406,55438
29020,85406,55439
29021,85406,55440
29022,85406,55441
29023,85406,55442
29024,85406,55443
29025,85406,55444
29026,85406,55445
29027,85406,55446
29028,85406,55447
29029,85406,55448
29030,85406,55449
29031,85406,55450
29032,85406,55451
29033,85406,55452
29034,85406,55453
29035,85406,55454
29036,85406,55455
29037,85406,55456
29038,85406,55457
29039,85406,55458
29040,85406,55459
29041,85406,55460
29042,85406,55461
29043,85406,55462
29044,85406,55463
29045,85406,55464
29046,85406,55465
29047,85406,55466
29048,85406,55467
29049,85406,55468
29050,85406,55469
29051,85406,55470
29052,85406,55471
29053,85406,55472
29054,85406,55473
29055,85406,55474
29056,85406,55475
29057,85406,55476
29058,85406,55477
29059,85406,55478
29060,85406,55479
29061,85406,55480
29062,85406,55481
29063,85406,55482
29064,85406,55483
29065,85406,55484
29066,85406,55485
29067,85406,55486
29068,85406,55487
29069,85406,55488
29070,85406,55489
29071,85406,55490
29072,85406,55491
29073,85406,55492
29074,85406,55493
29075,85406,55494
29076,85407,55320
29077,85407,55321
29078,85407,55322
29079,85407,55323
29080,85407,55324
29081,85407,55325
29082,85407,55326
29083,85407,55327
29084,85407,55328
29085,85407,55329
29086,85407,55330
29087,85407,55331
29088,85407,55332
29089,85407,55333
29090,85407,55334
29091,85407,55335
29092,85407,55336
29093,85407,55337
29094,85407,55338
29095,85407,55339
29096,85407,55340
29097,85407,55341
29098,85407,55342
29099,85407,55343
29100,85407,55344
29101,85407,55345
29102,85407,55346
29103,85407,55347
29104,85407,55348
29105,85407,55349
29106,85407,55350
29107,85407,55351
29108,85407,55352
29109,85407,55353
29110,85407,55354
29111,85407,55355
29112,85407,55356
29113,85407,55357
29114,85407,55358
29115,85407,55359
29116,85407,55360
29117,85407,55361
29118,85407,55362
29119,85407,55363
29120,85407,55364
29121,85407,55365
29122,85407,55366
29123,85407,55367
29124,85407,55368
29125,85407,55369
29126,85407,55370
29127,85407,55371
29128,85407,55372
29129,85407,55373
29130,85407,55374
29131,85407,55375
29132,85407,55376
29133,85407,55377
29134,85407,55378
29135,85407,55379
29136,85407,55380
29137,85407,55381
29138,85407,55382
29139,85407,55383
29140,85407,55384
29141,85407,55385
29142,85407,55386
29143,85407,55387
29144,85407,55388
29145,85407,55389
29146,85407,55390
29147,85407,55391
29148,85407,55392
29149,85407,55393
29150,85407,55394
29151,85407,55395
29152,85407,55396
29153,85407,55397
29154,85407,55398
29155,85407,55399
29156,85407,55400
29157,85407,55401
29158,85407,55402
29159,85407,55403
29160,85407,55404
29161,85407,55405
29162,85407,55406
29163,85407,55407
29164,85407,55408
29165,85407,55409
29166,85407,55410
29167,85407,55411
29168,85407,55412
29169,85407,55413
29170,85407,55414
29171,85407,55415
29172,85407,55416
29173,85407,55417
29174,85407,55418
29175,85407,55419
29176,85407,55420
29177,85407,55421
29178,85407,55422
29179,85407,55423
29180,85407,55424
29181,85407,55425
29182,85407,55426
29183,85407,55427
29184,85407,55428
29185,85407,55429
29186,85407,55430
29187,85407,55431
29188,85407,55432
29189,85407,55433
29190,85407,55434
29191,85407,55435
29192,85407,55436
29193,85407,55437
29194,85407,55438
29195,85407,55439
29196,85407,55440
29197,85407,55441
29198,85407,55442
29199,85407,55443
29200,85407,55444
29201,85407,55445
29202,85407,55446
29203,85407,55447
29204,85407,55448
29205,85407,55449
29206,85407,55450
29207,85407,55451
29208,85407,55452
29209,85407,55453
29210,85407,55454
29211,85407,55455
29212,85407,55456
29213,85407,55457
29214,85407,55458
29215,85407,55459
29216,85407,55460
29217,85407,55461
29218,85407,55462
29219,85407,55463
29220,85407,55464
29221,85407,55465
29222,85407,55466
29223,85407,55467
29224,85407,55468
29225,85407,55469
29226,85407,55470
29227,85407,55471
29228,85407,55472
29229,85407,55473
29230,85407,55474
29231,85407,55475
29232,85407,55476
29233,85407,55477
29234,85407,55478
29235,85407,55479
29236,85407,55480
29237,85407,55481
29238,85407,55482
29239,85407,55483
29240,85407,55484
29241,85407,55485
29242,85407,55486
29243,85407,55487
29244,85407,55488
29245,85407,55489
29246,85407,55490
29247,85407,55491
29248,85407,55492
29249,85407,55493
29250,85407,55494
29251,85407,55495
29252,85408,55320
29253,85408,55321
29254,85408,55322
29255,85408,55323
29256,85408,55324
29257,85408,55325
29258,85408,55326
29259,85408,55327
29260,85408,55328
29261,85408,55329
29262,85408,55330
29263,85408,55331
29264,85408,55332
29265,85408,55333
29266,85408,55334
29267,85408,55335
29268,85408,55336
29269,85408,55337
29270,85408,55338
29271,85408,55339
29272,85408,55340
29273,85408,55341
29274,85408,55342
29275,85408,55343
29276,85408,55344
29277,85408,55345
29278,85408,55346
29279,85408,55347
29280,85408,55348
29281,85408,55349
29282,85408,55350
29283,85408,55351
29284,85408,55352
29285,85408,55353
29286,85408,55354
29287,85408,55355
29288,85408,55356
29289,85408,55357
29290,85408,55358
29291,85408,55359
29292,85408,55360
29293,85408,55361
29294,85408,55362
29295,85408,55363
29296,85408,55364
29297,85408,55365
29298,85408,55366
29299,85408,55367
29300,85408,55368
29301,85408,55369
29302,85408,55370
29303,85408,55371
29304,85408,55372
29305,85408,55373
29306,85408,55374
29307,85408,55375
29308,85408,55376
29309,85408,55377
29310,85408,55378
29311,85408,55379
29312,85408,55380
29313,85408,55381
29314,85408,55382
29315,85408,55383
29316,85408,55384
29317,85408,55385
29318,85408,55386
29319,85408,55387
29320,85408,55388
29321,85408,55389
29322,85408,55390
29323,85408,55391
29324,85408,55392
29325,85408,55393
29326,85408,55394
29327,85408,55395
29328,85408,55396
29329,85408,55397
29330,85408,55398
29331,85408,55399
29332,85408,55400
29333,85408,55401
29334,85408,55402
29335,85408,55403
29336,85408,55404
29337,85408,55405
29338,85408,55406
29339,85408,55407
29340,85408,55408
29341,85408,55409
29342,85408,55410
29343,85408,55411
29344,85408,55412
29345,85408,55413
29346,85408,55414
29347,85408,55415
29348,85408,55416
29349,85408,55417
29350,85408,55418
29351,85408,55419
29352,85408,55420
29353,85408,55421
29354,85408,55422
29355,85408,55423
29356,85408,55424
29357,85408,55425
29358,85408,55426
29359,85408,55427
29360,85408,55428
29361,85408,55429
29362,85408,55430
29363,85408,55431
29364,85408,55432
29365,85408,55433
29366,85408,55434
29367,85408,55435
29368,85408,55436
29369,85408,55437
29370,85408,55438
29371,85408,55439
29372,85408,55440
29373,85408,55441
29374,85408,55442
29375,85408,55443
29376,85408,55444
29377,85408,55445
29378,85408,55446
29379,85408,55447
29380,85408,55448
29381,85408,55449
29382,85408,55450
29383,85408,55451
29384,85408,55452
29385,85408,55453
29386,85408,55454
29387,85408,55455
29388,85408,55456
29389,85408,55457
29390,85408,55458
29391,85408,55459
29392,85408,55460
29393,85408,55461
29394,85408,55462
29395,85408,55463
29396,85408,55464
29397,85408,55465
29398,85408,55466
29399,85408,55467
29400,85408,55468
29401,85408,55469
29402,85408,55470
29403,85408,55471
29404,85408,55472
29405,85408,55473
29406,85408,55474
29407,85408,55475
29408,85408,55476
29409,85408,55477
29410,85408,55478
29411,85408,55479
29412,85408,55480
29413,85408,55481
29414,85408,55482
29415,85408,55483
29416,85408,55484
29417,85408,55485
29418,85408,55486
29419,85408,55487
29420,85408,55488
29421,85408,55489
29422,85408,55490
29423,85408,55491
29424,85408,55492
29425,85408,55493
29426,85408,55494
29427,85408,55495
29428,85408,55496
29429,85408,55497
29430,85409,55320
29431,85409,55321
29432,85409,55322
29433,85409,55323
29434,85409,55324
29435,85409,55325
29436,85409,55326
29437,85409,55327
29438,85409,55328
29439,85409,55329
29440,85409,55330
29441,85409,55331
29442,85409,55332
29443,85409,55333
29444,85409,55334
29445,85409,55335
29446,85409,55336
29447,85409,55337
29448,85409,55338
29449,85409,55339
29450,85409,55340
29451,85409,55341
29452,85409,55342
29453,85409,55343
29454,85409,55344
29455,85409,55345
29456,85409,55346
29457,85409,55347
29458,85409,55348
29459,85409,55349
29460,85409,55350
29461,85409,55351
29462,85409,55352
29463,85409,55353
29464,85409,55354
29465,85409,55355
29466,85409,55356
29467,85409,55357
29468,85409,55358
29469,85409,55359
29470,85409,55360
29471,85409,55361
29472,85409,55362
29473,85409,55363
29474,85409,55364
29475,85409,55365
29476,85409,55366
29477,85409,55367
29478,85409,55368
29479,85409,55369
29480,85409,55370
29481,85409,55371
29482,85409,55372
29483,85409,55373
29484,85409,55374
29485,85409,55375
29486,85409,55376
29487,85409,55377
29488,85409,55378
29489,85409,55379
29490,85409,55380
29491,85409,55381
29492,85409,55382
29493,85409,55383
29494,85409,55384
29495,85409,55385
29496,85409,55386
29497,85409,55387
29498,85409,55388
29499,85409,55389
29500,85409,55390
29501,85409,55391
29502,85409,55392
29503,85409,55393
29504,85409,55394
29505,85409,55395
29506,85409,55396
29507,85409,55397
29508,85409,55398
29509,85409,55399
29510,85409,55400
29511,85409,55401
29512,85409,55402
29513,85409,55403
29514,85409,55404
29515,85409,55405
29516,85409,55406
29517,85409,55407
29518,85409,55408
29519,85409,55409
29520,85409,55410
29521,85409,55411
29522,85409,55412
29523,85409,55413
29524,85409,55414
29525,85409,55415
29526,85409,55416
29527,85409,55417
29528,85409,55418
29529,85409,55419
29530,85409,55420
29531,85409,55421
29532,85409,55422
29533,85409,55423
29534,85409,55424
29535,85409,55425
29536,85409,55426
29537,85409,55427
29538,85409,55428
29539,85409,55429
29540,85409,55430
29541,85409,55431
29542,85409,55432
29543,85409,55433
29544,85409,55434
29545,85409,55435
29546,85409,55436
29547,85409,55437
29548,85409,55438
29549,85409,55439
29550,85409,55440
29551,85409,55441
29552,85409,55442
29553,85409,55443
29554,85409,55444
29555,85409,55445
29556,85409,55446
29557,85409,55447
29558,85409,55448
29559,85409,55449
29560,85409,55450
29561,85409,55451
29562,85409,55452
29563,85409,55453
29564,85409,55454
29565,85409,55455
29566,85409,55456
29567,85409,55457
29568,85409,55458
29569,85409,55459
29570,85409,55460
29571,85409,55461
29572,85409,55462
29573,85409,55463
29574,85409,55464
29575,85409,55465
29576,85409,55466
29577,85409,55467
29578,85409,55468
29579,85409,55469
29580,85409,55470
29581,85409,55471
29582,85409,55472
29583,85409,55473
29584,85409,55474
29585,85409,55475
29586,85409,55476
29587,85409,55477
29588,85409,55478
29589,85409,55479
29590,85409,55480
29591,85409,55481
29592,85409,55482
29593,85409,55483
29594,85409,55484
29595,85409,55485
29596,85409,55486
29597,85409,55487
29598,85409,55488
29599,85409,55489
29600,85409,55490
29601,85409,55491
29602,85409,55492
29603,85409,55493
29604,85409,55494
29605,85409,55495
29606,85409,55496
29607,85409,55497
29608,85409,55498
29609,85409,55499
29610,85410,55320
29611,85410,55321
29612,85410,55322
29613,85410,55323
29614,85410,55324
29615,85410,55325
29616,85410,55326
29617,85410,55327
29618,85410,55328
29619,85410,55329
29620,85410,55330
29621,85410,55331
29622,85410,55332
29623,85410,55333
29624,85410,55334
29625,85410,55335
29626,85410,55336
29627,85410,55337
29628,85410,55338
29629,85410,55339
29630,85410,55340
29631,85410,55341
29632,85410,55342
29633,85410,55343
29634,85410,55344
29635,85410,55345
29636,85410,55346
29637,85410,55347
29638,85410,55348
29639,85410,55349
29640,85410,55350
29641,85410,55351
29642,85410,55352
29643,85410,55353
29644,85410,55354
29645,85410,55355
29646,85410,55356
29647,85410,55357
29648,85410,55358
29649,85410,55359
29650,85410,55360
29651,85410,55361
29652,85410,55362
29653,85410,55363
29654,85410,55364
29655,85410,55365
29656,85410,55366
29657,85410,55367
29658,85410,55368
29659,85410,55369
29660,85410,55370
29661,85410,55371
29662,85410,55372
29663,85410,55373
29664,85410,55374
29665,85410,55375
29666,85410,55376
29667,85410,55377
29668,85410,55378
29669,85410,55379
29670,85410,55380
29671,85410,55381
29672,85410,55382
29673,85410,55383
29674,85410,55384
29675,85410,55385
29676,85410,55386
29677,85410,55387
29678,85410,55388
29679,85410,55389
29680,85410,55390
29681,85410,55391
29682,85410,55392
29683,85410,55393
29684,85410,55394
29685,85410,55395
29686,85410,55396
29687,85410,55397
29688,85410,55398
29689,85410,55399
29690,85410,55400
29691,85410,55401
29692,85410,55402
29693,85410,55403
29694,85410,55404
29695,85410,55405
29696,85410,55406
29697,85410,55407
29698,85410,55408
29699,85410,55409
29700,85410,55410
29701,85410,55411
29702,85410,55412
29703,85410,55413
29704,85410,55414
29705,85410,55415
29706,85410,55416
29707,85410,55417
29708,85410,55418
29709,85410,55419
29710,85410,55420
29711,85410,55421
29712,85410,55422
29713,85410,55423
29714,85410,55424
29715,85410,55425
29716,85410,55426
29717,85410,55427
29718,85410,55428
29719,85410,55429
29720,85410,55430
29721,85410,55431
29722,85410,55432
29723,85410,55433
29724,85410,55434
29725,85410,55435
29726,85410,55436
29727,85410,55437
29728,85410,55438
29729,85410,55439
29730,85410,55440
29731,85410,55441
29732,85410,55442
29733,85410,55443
29734,85410,55444
29735,85410,55445
29736,85410,55446
29737,85410,55447
29738,85410,55448
29739,85410,55449
29740,85410,55450
29741,85410,55451
29742,85410,55452
29743,85410,55453
29744,85410,55454
29745,85410,55455
29746,85410,55456
29747,85410,55457
29748,85410,55458
29749,85410,55459
29750,85410,55460
29751,85410,55461
29752,85410,55462
29753,85410,55463
29754,85410,55464
29755,85410,55465
29756,85410,55466
29757,85410,55467
29758,85410,55468
29759,85410,55469
29760,85410,55470
29761,85410,55471
29762,85410,55472
29763,85410,55473
29764,85410,55474
29765,85410,55475
29766,85410,55476
29767,85410,55477
29768,85410,55478
29769,85410,55479
29770,85410,55480
29771,85410,55481
29772,85410,55482
29773,85410,55483
29774,85410,55484
29775,85410,55485
29776,85410,55486
29777,85410,55487
29778,85410,55488
29779,85410,55489
29780,85410,55490
29781,85410,55491
29782,85410,55492
29783,85410,55493
29784,85410,55494
29785,85410,55495
29786,85410,55496
29787,85410,55497
29788,85410,55498
29789,85410,55499
29790,85410,55500
29791,85410,55501
29792,85411,55320
29793,85411,55321
29794,85411,55322
29795,85411,55323
29796,85411,55324
29797,85411,55325
29798,85411,55326
29799,85411,55327
29800,85411,55328
29801,85411,55329
29802,85411,55330
29803,85411,55331
29804,85411,55332
29805,85411,55333
29806,85411,55334
29807,85411,55335
29808,85411,55336
29809,85411,55337
29810,85411,55338
29811,85411,55339
29812,85411,55340
29813,85411,55341
29814,85411,55342
29815,85411,55343
29816,85411,55344
29817,85411,55345
29818,85411,55346
29819,85411,55347
29820,85411,55348
29821,85411,55349
29822,85411,55350
29823,85411,55351
29824,85411,55352
29825,85411,55353
29826,85411,55354
29827,85411,55355
29828,85411,55356
29829,85411,55357
29830,85411,55358
29831,85411,55359
29832,85411,55360
29833,85411,55361
29834,85411,55362
29835,85411,55363
29836,85411,55364
29837,85411,55365
29838,85411,55366
29839,85411,55367
29840,85411,55368
29841,85411,55369
29842,85411,55370
29843,85411,55371
29844,85411,55372
29845,85411,55373
29846,85411,55374
29847,85411,55375
29848,85411,55376
29849,85411,55377
29850,85411,55378
29851,85411,55379
29852,85411,55380
29853,85411,55381
29854,85411,55382
29855,85411,55383
29856,85411,55384
29857,85411,55385
29858,85411,55386
29859,85411,55387
29860,85411,55388
29861,85411,55389
29862,85411,55390
29863,85411,55391
29864,85411,55392
29865,85411,55393
29866,85411,55394
29867,85411,55395
29868,85411,55396
29869,85411,55397
29870,85411,55398
29871,85411,55399
29872,85411,55400
29873,85411,55401
29874,85411,55402
29875,85411,55403
29876,85411,55404
29877,85411,55405
29878,85411,55406
29879,85411,55407
29880,85411,55408
29881,85411,55409
29882,85411,55410
29883,85411,55411
29884,85411,55412
29885,85411,55413
29886,85411,55414
29887,85411,55415
29888,85411,55416
29889,85411,55417
29890,85411,55418
29891,85411,55419
29892,85411,55420
29893,85411,55421
29894,85411,55422
29895,85411,55423
29896,85411,55424
29897,85411,55425
29898,85411,55426
29899,85411,55427
29900,85411,55428
29901,85411,55429
29902,85411,55430
29903,85411,55431
29904,85411,55432
29905,85411,55433
29906,85411,55434
29907,85411,55435
29908,85411,55436
29909,85411,55437
29910,85411,55438
29911,85411,55439
29912,85411,55440
29913,85411,55441
29914,85411,55442
29915,85411,55443
29916,85411,55444
29917,85411,55445
29918,85411,55446
29919,85411,55447
29920,85411,55448
29921,85411,55449
29922,85411,55450
29923,85411,55451
29924,85411,55452
29925,85411,55453
29926,85411,55454
29927,85411,55455
29928,85411,55456
29929,85411,55457
29930,85411,55458
29931,85411,55459
29932,85411,55460
29933,85411,55461
29934,85411,55462
29935,85411,55463
29936,85411,55464
29937,85411,55465
29938,85411,55466
29939,85411,55467
29940,85411,55468
29941,85411,55469
29942,85411,55470
29943,85411,55471
29944,85411,55472
29945,85411,55473
29946,85411,55474
29947,85411,55475
29948,85411,55476
29949,85411,55477
29950,85411,55478
29951,85411,55479
29952,85411,55480
29953,85411,55481
29954,85411,55482
29955,85411,55483
29956,85411,55484
29957,85411,55485
29958,85411,55486
29959,85411,55487
29960,85411,55488
29961,85411,55489
29962,85411,55490
29963,85411,55491
29964,85411,55492
29965,85411,55493
29966,85411,55494
29967,85411,55495
29968,85411,55496
29969,85411,55497
29970,85411,55498
29971,85411,55499
29972,85411,55500
29973,85411,55501
29974,85411,55502
29975,85411,55503
29976,85412,55320
29977,85412,55321
29978,85412,55322
29979,85412,55323
29980,85412,55324
29981,85412,55325
29982,85412,55326
29983,85412,55327
29984,85412,55328
29985,85412,55329
29986,85412,55330
29987,85412,55331
29988,85412,55332
29989,85412,55333
29990,85412,55334
29991,85412,55335
29992,85412,55336
29993,85412,55337
29994,85412,55338
29995,85412,55339
29996,85412,55340
29997,85412,55341
29998,85412,55342
29999,85412,55343
30000,85412,55344
30001,85412,55345
30002,85412,55346
30003,85412,55347
30004,85412,55348
30005,85412,55349
30006,85412,55350
30007,85412,55351
30008,85412,55352
30009,85412,55353
30010,85412,55354
30011,85412,55355
30012,85412,55356
30013,85412,55357
30014,85412,55358
30015,85412,55359
30016,85412,55360
30017,85412,55361
30018,85412,55362
30019,85412,55363
30020,85412,55364
30021,85412,55365
30022,85412,55366
30023,85412,55367
30024,85412,55368
30025,85412,55369
30026,85412,55370
30027,85412,55371
30028,85412,55372
30029,85412,55373
30030,85412,55374
30031,85412,55375
30032,85412,55376
30033,85412,55377
30034,85412,55378
30035,85412,55379
30036,85412,55380
30037,85412,55381
30038,85412,55382
30039,85412,55383
30040,85412,55384
30041,85412,55385
30042,85412,55386
30043,85412,55387
30044,85412,55388
30045,85412,55389
30046,85412,55390
30047,85412,55391
30048,85412,55392
30049,85412,55393
30050,85412,55394
30051,85412,55395
30052,85412,55396
30053,85412,55397
30054,85412,55398
30055,85412,55399
30056,85412,55400
30057,85412,55401
30058,85412,55402
30059,85412,55403
30060,85412,55404
30061,85412,55405
30062,85412,55406
30063,85412,55407
30064,85412,55408
30065,85412,55409
30066,85412,55410
30067,85412,55411
30068,85412,55412
30069,85412,55413
30070,85412,55414
30071,85412,55415
30072,85412,55416
30073,85412,55417
30074,85412,55418
30075,85412,55419
30076,85412,55420
30077,85412,55421
30078,85412,55422
30079,85412,55423
30080,85412,55424
30081,85412,55425
30082,85412,55426
30083,85412,55427
30084,85412,55428
30085,85412,55429
30086,85412,55430
30087,85412,55431
30088,85412,55432
30089,85412,55433
30090,85412,55434
30091,85412,55435
30092,85412,55436
30093,85412,55437
30094,85412,55438
30095,85412,55439
30096,85412,55440
30097,85412,55441
30098,85412,55442
30099,85412,55443
30100,85412,55444
30101,85412,55445
30102,85412,55446
30103,85412,55447
30104,85412,55448
30105,85412,55449
30106,85412,55450
30107,85412,55451
30108,85412,55452
30109,85412,55453
30110,85412,55454
30111,85412,55455
30112,85412,55456
30113,85412,55457
30114,85412,55458
30115,85412,55459
30116,85412,55460
30117,85412,55461
30118,85412,55462
30119,85412,55463
30120,85412,55464
30121,85412,55465
30122,85412,55466
30123,85412,55467
30124,85412,55468
30125,85412,55469
30126,85412,55470
30127,85412,55471
30128,85412,55472
30129,85412,55473
30130,85412,55474
30131,85412,55475
30132,85412,55476
30133,85412,55477
30134,85412,55478
30135,85412,55479
30136,85412,55480
30137,85412,55481
30138,85412,55482
30139,85412,55483
30140,85412,55484
30141,85412,55485
30142,85412,55486
30143,85412,55487
30144,85412,55488
30145,85412,55489
30146,85412,55490
30147,85412,55491
30148,85412,55492
30149,85412,55493
30150,85412,55494
30151,85412,55495
30152,85412,55496
30153,85412,55497
30154,85412,55498
30155,85412,55499
30156,85412,55500
30157,85412,55501
30158,85412,55502
30159,85412,55503
30160,85412,55504
30161,85412,55505
30162,85412,55506
30163,85413,55320
30164,85413,55321
30165,85413,55322
30166,85413,55323
30167,85413,55324
30168,85413,55325
30169,85413,55326
30170,85413,55327
30171,85413,55328
30172,85413,55329
30173,85413,55330
30174,85413,55331
30175,85413,55332
30176,85413,55333
30177,85413,55334
30178,85413,55335
30179,85413,55336
30180,85413,55337
30181,85413,55338
30182,85413,55339
30183,85413,55340
30184,85413,55341
30185,85413,55342
30186,85413,55343
30187,85413,55344
30188,85413,55345
30189,85413,55346
30190,85413,55347
30191,85413,55348
30192,85413,55349
30193,85413,55350
30194,85413,55351
30195,85413,55352
30196,85413,55353
30197,85413,55354
30198,85413,55355
30199,85413,55356
30200,85413,55357
30201,85413,55358
30202,85413,55359
30203,85413,55360
30204,85413,55361
30205,85413,55362
30206,85413,55363
30207,85413,55364
30208,85413,55365
30209,85413,55366
30210,85413,55367
30211,85413,55368
30212,85413,55369
30213,85413,55370
30214,85413,55371
30215,85413,55372
30216,85413,55373
30217,85413,55374
30218,85413,55375
30219,85413,55376
30220,85413,55377
30221,85413,55378
30222,85413,55379
30223,85413,55380
30224,85413,55381
30225,85413,55382
30226,85413,55383
30227,85413,55384
30228,85413,55385
30229,85413,55386
30230,85413,55387
30231,85413,55388
30232,85413,55389
30233,85413,55390
30234,85413,55391
30235,85413,55392
30236,85413,55393
30237,85413,55394
30238,85413,55395
30239,85413,55396
30240,85413,55397
30241,85413,55398
30242,85413,55399
30243,85413,55400
30244,85413,55401
30245,85413,55402
30246,85413,55403
30247,85413,55404
30248,85413,55405
30249,85413,55406
30250,85413,55407
30251,85413,55408
30252,85413,55409
30253,85413,55410
30254,85413,55411
30255,85413,55412
30256,85413,55413
30257,85413,55414
30258,85413,55415
30259,85413,55416
30260,85413,55417
30261,85413,55418
30262,85413,55419
30263,85413,55420
30264,85413,55421
30265,85413,55422
30266,85413,55423
30267,85413,55424
30268,85413,55425
30269,85413,55426
30270,85413,55427
30271,85413,55428
30272,85413,55429
30273,85413,55430
30274,85413,55431
30275,85413,55432
30276,85413,55433
30277,85413,55434
30278,85413,55435
30279,85413,55436
30280,85413,55437
30281,85413,55438
30282,85413,55439
30283,85413,55440
30284,85413,55441
30285,85413,55442
30286,85413,55443
30287,85413,55444
30288,85413,55445
30289,85413,55446
30290,85413,55447
30291,85413,55448
30292,85413,55449
30293,85413,55450
30294,85413,55451
30295,85413,55452
30296,85413,55453
30297,85413,55454
30298,85413,55455
30299,85413,55456
30300,85413,55457
30301,85413,55458
30302,85413,55459
30303,85413,55460
30304,85413,55461
30305,85413,55462
30306,85413,55463
30307,85413,55464
30308,85413,55465
30309,85413,55466
30310,85413,55467
30311,85413,55468
30312,85413,55469
30313,85413,55470
30314,85413,55471
30315,85413,55472
30316,85413,55473
30317,85413,55474
30318,85413,55475
30319,85413,55476
30320,85413,55477
30321,85413,55478
30322,85413,55479
30323,85413,55480
30324,85413,55481
30325,85413,55482
30326,85413,55483
30327,85413,55484
30328,85413,55485
30329,85413,55486
30330,85413,55487
30331,85413,55488
30332,85413,55489
30333,85413,55490
30334,85413,55491
30335,85413,55492
30336,85413,55493
30337,85413,55494
30338,85413,55495
30339,85413,55496
30340,85413,55497
30341,85413,55498
30342,85413,55499
30343,85413,55500
30344,85413,55501
30345,85413,55502
30346,85413,55503
30347,85413,55504
30348,85413,55505
30349,85413,55506
30350,85413,55507
30351,85413,55508
30352,85413,55509
30353,85414,55320
30354,85414,55321
30355,85414,55322
30356,85414,55323
30357,85414,55324
30358,85414,55325
30359,85414,55326
30360,85414,55327
30361,85414,55328
30362,85414,55329
30363,85414,55330
30364,85414,55331
30365,85414,55332
30366,85414,55333
30367,85414,55334
30368,85414,55335
30369,85414,55336
30370,85414,55337
30371,85414,55338
30372,85414,55339
30373,85414,55340
30374,85414,55341
30375,85414,55342
30376,85414,55343
30377,85414,55344
30378,85414,55345
30379,85414,55346
30380,85414,55347
30381,85414,55348
30382,85414,55349
30383,85414,55350
30384,85414,55351
30385,85414,55352
30386,85414,55353
30387,85414,55354
30388,85414,55355
30389,85414,55356
30390,85414,55357
30391,85414,55358
30392,85414,55359
30393,85414,55360
30394,85414,55361
30395,85414,55362
30396,85414,55363
30397,85414,55364
30398,85414,55365
30399,85414,55366
30400,85414,55367
30401,85414,55368
30402,85414,55369
30403,85414,55370
30404,85414,55371
30405,85414,55372
30406,85414,55373
30407,85414,55374
30408,85414,55375
30409,85414,55376
30410,85414,55377
30411,85414,55378
30412,85414,55379
30413,85414,55380
30414,85414,55381
30415,85414,55382
30416,85414,55383
30417,85414,55384
30418,85414,55385
30419,85414,55386
30420,85414,55387
30421,85414,55388
30422,85414,55389
30423,85414,55390
30424,85414,55391
30425,85414,55392
30426,85414,55393
30427,85414,55394
30428,85414,55395
30429,85414,55396
30430,85414,55397
30431,85414,55398
30432,85414,55399
30433,85414,55400
30434,85414,55401
30435,85414,55402
30436,85414,55403
30437,85414,55404
30438,85414,55405
30439,85414,55406
30440,85414,55407
30441,85414,55408
30442,85414,55409
30443,85414,55410
30444,85414,55411
30445,85414,55412
30446,85414,55413
30447,85414,55414
30448,85414,55415
30449,85414,55416
30450,85414,55417
30451,85414,55418
30452,85414,55419
30453,85414,55420
30454,85414,55421
30455,85414,55422
30456,85414,55423
30457,85414,55424
30458,85414,55425
30459,85414,55426
30460,85414,55427
30461,85414,55428
30462,85414,55429
30463,85414,55430
30464,85414,55431
30465,85414,55432
30466,85414,55433
30467,85414,55434
30468,85414,55435
30469,85414,55436
30470,85414,55437
30471,85414,55438
30472,85414,55439
30473,85414,55440
30474,85414,55441
30475,85414,55442
30476,85414,55443
30477,85414,55444
30478,85414,55445
30479,85414,55446
30480,85414,55447
30481,85414,55448
30482,85414,55449
30483,85414,55450
30484,85414,55451
30485,85414,55452
30486,85414,55453
30487,85414,55454
30488,85414,55455
30489,85414,55456
30490,85414,55457
30491,85414,55458
30492,85414,55459
30493,85414,55460
30494,85414,55461
30495,85414,55462
30496,85414,55463
30497,85414,55464
30498,85414,55465
30499,85414,55466
30500,85414,55467
30501,85414,55468
30502,85414,55469
30503,85414,55470
30504,85414,55471
30505,85414,55472
30506,85414,55473
30507,85414,55474
30508,85414,55475
30509,85414,55476
30510,85414,55477
30511,85414,55478
30512,85414,55479
30513,85414,55480
30514,85414,55481
30515,85414,55482
30516,85414,55483
30517,85414,55484
30518,85414,55485
30519,85414,55486
30520,85414,55487
30521,85414,55488
30522,85414,55489
30523,85414,55490
30524,85414,55491
30525,85414,55492
30526,85414,55493
30527,85414,55494
30528,85414,55495
30529,85414,55496
30530,85414,55497
30531,85414,55498
30532,85414,55499
30533,85414,55500
30534,85414,55501
30535,85414,55502
30536,85414,55503
30537,85414,55504
30538,85414,55505
30539,85414,55506
30540,85414,55507
30541,85414,55508
30542,85414,55509
30543,85414,55510
30544,85414,55511
30545,85414,55512
30546,85415,55320
30547,85415,55321
30548,85415,55322
30549,85415,55323
30550,85415,55324
30551,85415,55325
30552,85415,55326
30553,85415,55327
30554,85415,55328
30555,85415,55329
30556,85415,55330
30557,85415,55331
30558,85415,55332
30559,85415,55333
30560,85415,55334
30561,85415,55335
30562,85415,55336
30563,85415,55337
30564,85415,55338
30565,85415,55339
30566,85415,55340
30567,85415,55341
30568,85415,55342
30569,85415,55343
30570,85415,55344
30571,85415,55345
30572,85415,55346
30573,85415,55347
30574,85415,55348
30575,85415,55349
30576,85415,55350
30577,85415,55351
30578,85415,55352
30579,85415,55353
30580,85415,55354
30581,85415,55355
30582,85415,55356
30583,85415,55357
30584,85415,55358
30585,85415,55359
30586,85415,55360
30587,85415,55361
30588,85415,55362
30589,85415,55363
30590,85415,55364
30591,85415,55365
30592,85415,55366
30593,85415,55367
30594,85415,55368
30595,85415,55369
30596,85415,55370
30597,85415,55371
30598,85415,55372
30599,85415,55373
30600,85415,55374
30601,85415,55375
30602,85415,55376
30603,85415,55377
30604,85415,55378
30605,85415,55379
30606,85415,55380
30607,85415,55381
30608,85415,55382
30609,85415,55383
30610,85415,55384
30611,85415,55385
30612,85415,55386
30613,85415,55387
30614,85415,55388
30615,85415,55389
30616,85415,55390
30617,85415,55391
30618,85415,55392
30619,85415,55393
30620,85415,55394
30621,85415,55395
30622,85415,55396
30623,85415,55397
30624,85415,55398
30625,85415,55399
30626,85415,55400
30627,85415,55401
30628,85415,55402
30629,85415,55403
30630,85415,55404
30631,85415,55405
30632,85415,55406
30633,85415,55407
30634,85415,55408
30635,85415,55409
30636,85415,55410
30637,85415,55411
30638,85415,55412
30639,85415,55413
30640,85415,55414
30641,85415,55415
30642,85415,55416
30643,85415,55417
30644,85415,55418
30645,85415,55419
30646,85415,55420
30647,85415,55421
30648,85415,55422
30649,85415,55423
30650,85415,55424
30651,85415,55425
30652,85415,55426
30653,85415,55427
30654,85415,55428
30655,85415,55429
30656,85415,55430
30657,85415,55431
30658,85415,55432
30659,85415,55433
30660,85415,55434
30661,85415,55435
30662,85415,55436
30663,85415,55437
30664,85415,55438
30665,85415,55439
30666,85415,55440
30667,85415,55441
30668,85415,55442
30669,85415,55443
30670,85415,55444
30671,85415,55445
30672,85415,55446
30673,85415,55447
30674,85415,55448
30675,85415,55449
30676,85415,55450
30677,85415,55451
30678,85415,55452
30679,85415,55453
30680,85415,55454
30681,85415,55455
30682,85415,55456
30683,85415,55457
30684,85415,55458
30685,85415,55459
30686,85415,55460
30687,85415,55461
30688,85415,55462
30689,85415,55463
30690,85415,55464
30691,85415,55465
30692,85415,55466
30693,85415,55467
30694,85415,55468
30695,85415,55469
30696,85415,55470
30697,85415,55471
30698,85415,55472
30699,85415,55473
30700,85415,55474
30701,85415,55475
30702,85415,55476
30703,85415,55477
30704,85415,55478
30705,85415,55479
30706,85415,55480
30707,85415,55481
30708,85415,55482
30709,85415,55483
30710,85415,55484
30711,85415,55485
30712,85415,55486
30713,85415,55487
30714,85415,55488
30715,85415,55489
30716,85415,55490
30717,85415,55491
30718,85415,55492
30719,85415,55493
30720,85415,55494
30721,85415,55495
30722,85415,55496
30723,85415,55497
30724,85415,55498
30725,85415,55499
30726,85415,55500
30727,85415,55501
30728,85415,55502
30729,85415,55503
30730,85415,55504
30731,85415,55505
30732,85415,55506
30733,85415,55507
30734,85415,55508
30735,85415,55509
30736,85415,55510
30737,85415,55511
30738,85415,55512
30739,85415,55513
30740,85415,55514
30741,85415,55515
30742,85416,55320
30743,85416,55321
30744,85416,55322
30745,85416,55323
30746,85416,55324
30747,85416,55325
30748,85416,55326
30749,85416,55327
30750,85416,55328
30751,85416,55329
30752,85416,55330
30753,85416,55331
30754,85416,55332
30755,85416,55333
30756,85416,55334
30757,85416,55335
30758,85416,55336
30759,85416,55337
30760,85416,55338
30761,85416,55339
30762,85416,55340
30763,85416,55341
30764,85416,55342
30765,85416,55343
30766,85416,55344
30767,85416,55345
30768,85416,55346
30769,85416,55347
30770,85416,55348
30771,85416,55349
30772,85416,55350
30773,85416,55351
30774,85416,55352
30775,85416,55353
30776,85416,55354
30777,85416,55355
30778,85416,55356
30779,85416,55357
30780,85416,55358
30781,85416,55359
30782,85416,55360
30783,85416,55361
30784,85416,55362
30785,85416,55363
30786,85416,55364
30787,85416,55365
30788,85416,55366
30789,85416,55367
30790,85416,55368
30791,85416,55369
30792,85416,55370
30793,85416,55371
30794,85416,55372
30795,85416,55373
30796,85416,55374
30797,85416,55375
30798,85416,55376
30799,85416,55377
30800,85416,55378
30801,85416,55379
30802,85416,55380
30803,85416,55381
30804,85416,55382
30805,85416,55383
30806,85416,55384
30807,85416,55385
30808,85416,55386
30809,85416,55387
30810,85416,55388
30811,85416,55389
30812,85416,55390
30813,85416,55391
30814,85416,55392
30815,85416,55393
30816,85416,55394
30817,85416,55395
30818,85416,55396
30819,85416,55397
30820,85416,55398
30821,85416,55399
30822,85416,55400
30823,85416,55401
30824,85416,55402
30825,85416,55403
30826,85416,55404
30827,85416,55405
30828,85416,55406
30829,85416,55407
30830,85416,55408
30831,85416,55409
30832,85416,55410
30833,85416,55411
30834,85416,55412
30835,85416,55413
30836,85416,55414
30837,85416,55415
30838,85416,55416
30839,85416,55417
30840,85416,55418
30841,85416,55419
30842,85416,55420
30843,85416,55421
30844,85416,55422
30845,85416,55423
30846,85416,55424
30847,85416,55425
30848,85416,55426
30849,85416,55427
30850,85416,55428
30851,85416,55429
30852,85416,55430
30853,85416,55431
30854,85416,55432
30855,85416,55433
30856,85416,55434
30857,85416,55435
30858,85416,55436
30859,85416,55437
30860,85416,55438
30861,85416,55439
30862,85416,55440
30863,85416,55441
30864,85416,55442
30865,85416,55443
30866,85416,55444
30867,85416,55445
30868,85416,55446
30869,85416,55447
30870,85416,55448
30871,85416,55449
30872,85416,55450
30873,85416,55451
30874,85416,55452
30875,85416,55453
30876,85416,55454
30877,85416,55455
30878,85416,55456
30879,85416,55457
30880,85416,55458
30881,85416,55459
30882,85416,55460
30883,85416,55461
30884,85416,55462
30885,85416,55463
30886,85416,55464
30887,85416,55465
30888,85416,55466
30889,85416,55467
30890,85416,55468
30891,85416,55469
30892,85416,55470
30893,85416,55471
30894,85416,55472
30895,85416,55473
30896,85416,55474
30897,85416,55475
30898,85416,55476
30899,85416,55477
30900,85416,55478
30901,85416,55479
30902,85416,55480
30903,85416,55481
30904,85416,55482
30905,85416,55483
30906,85416,55484
30907,85416,55485
30908,85416,55486
30909,85416,55487
30910,85416,55488
30911,85416,55489
30912,85416,55490
30913,85416,55491
30914,85416,55492
30915,85416,55493
30916,85416,55494
30917,85416,55495
30918,85416,55496
30919,85416,55497
30920,85416,55498
30921,85416,55499
30922,85416,55500
30923,85416,55501
30924,85416,55502
30925,85416,55503
30926,85416,55504
30927,85416,55505
30928,85416,55506
30929,85416,55507
30930,85416,55508
30931,85416,55509
30932,85416,55510
30933,85416,55511
30934,85416,55512
30935,85416,55513
30936,85416,55514
30937,85416,55515
30938,85416,55516
30939,85416,55517
30940,85417,55320
30941,85417,55321
30942,85417,55322
30943,85417,55323
30944,85417,55324
30945,85417,55325
30946,85417,55326
30947,85417,55327
30948,85417,55328
30949,85417,55329
30950,85417,55330
30951,85417,55331
30952,85417,55332
30953,85417,55333
30954,85417,55334
30955,85417,55335
30956,85417,55336
30957,85417,55337
30958,85417,55338
30959,85417,55339
30960,85417,55340
30961,85417,55341
30962,85417,55342
30963,85417,55343
30964,85417,55344
30965,85417,55345
30966,85417,55346
30967,85417,55347
30968,85417,55348
30969,85417,55349
30970,85417,55350
30971,85417,55351
30972,85417,55352
30973,85417,55353
30974,85417,55354
30975,85417,55355
30976,85417,55356
30977,85417,55357
30978,85417,55358
30979,85417,55359
30980,85417,55360
30981,85417,55361
30982,85417,55362
30983,85417,55363
30984,85417,55364
30985,85417,55365
30986,85417,55366
30987,85417,55367
30988,85417,55368
30989,85417,55369
30990,85417,55370
30991,85417,55371
30992,85417,55372
30993,85417,55373
30994,85417,55374
30995,85417,55375
30996,85417,55376
30997,85417,55377
30998,85417,55378
30999,85417,55379
31000,85417,55380
31001,85417,55381
31002,85417,55382
31003,85417,55383
31004,85417,55384
31005,85417,55385
31006,85417,55386
31007,85417,55387
31008,85417,55388
31009,85417,55389
31010,85417,55390
31011,85417,55391
31012,85417,55392
31013,85417,55393
31014,85417,55394
31015,85417,55395
31016,85417,55396
31017,85417,55397
31018,85417,55398
31019,85417,55399
31020,85417,55400
31021,85417,55401
31022,85417,55402
31023,85417,55403
31024,85417,55404
31025,85417,55405
31026,85417,55406
31027,85417,55407
31028,85417,55408
31029,85417,55409
31030,85417,55410
31031,85417,55411
31032,85417,55412
31033,85417,55413
31034,85417,55414
31035,85417,55415
31036,85417,55416
31037,85417,55417
31038,85417,55418
31039,85417,55419
31040,85417,55420
31041,85417,55421
31042,85417,55422
31043,85417,55423
31044,85417,55424
31045,85417,55425
31046,85417,55426
31047,85417,55427
31048,85417,55428
31049,85417,55429
31050,85417,55430
31051,85417,55431
31052,85417,55432
31053,85417,55433
31054,85417,55434
31055,85417,55435
31056,85417,55436
31057,85417,55437
31058,85417,55438
31059,85417,55439
31060,85417,55440
31061,85417,55441
31062,85417,55442
31063,85417,55443
31064,85417,55444
31065,85417,55445
31066,85417,55446
31067,85417,55447
31068,85417,55448
31069,85417,55449
31070,85417,55450
31071,85417,55451
31072,85417,55452
31073,85417,55453
31074,85417,55454
31075,85417,55455
31076,85417,55456
31077,85417,55457
31078,85417,55458
31079,85417,55459
31080,85417,55460
31081,85417,55461
31082,85417,55462
31083,85417,55463
31084,85417,55464
31085,85417,55465
31086,85417,55466
31087,85417,55467
31088,85417,55468
31089,85417,55469
31090,85417,55470
31091,85417,55471
31092,85417,55472
31093,85417,55473
31094,85417,55474
31095,85417,55475
31096,85417,55476
31097,85417,55477
31098,85417,55478
31099,85417,55479
31100,85417,55480
31101,85417,55481
31102,85417,55482
31103,85417,55483
31104,85417,55484
31105,85417,55485
31106,85417,55486
31107,85417,55487
31108,85417,55488
31109,85417,55489
31110,85417,55490
31111,85417,55491
31112,85417,55492
31113,85417,55493
31114,85417,55494
31115,85417,55495
31116,85417,55496
31117,85417,55497
31118,85417,55498
31119,85417,55499
31120,85417,55500
31121,85417,55501
31122,85417,55502
31123,85417,55503
31124,85417,55504
31125,85417,55505
31126,85417,55506
31127,85417,55507
31128,85417,55508
31129,85417,55509
31130,85417,55510
31131,85417,55511
31132,85417,55512
31133,85417,55513
31134,85417,55514
31135,85417,55515
31136,85417,55516
31137,85417,55517
31138,85417,55518
31139,85417,55519
31140,85418,55320
31141,85418,55321
31142,85418,55322
31143,85418,55323
31144,85418,55324
31145,85418,55325
31146,85418,55326
31147,85418,55327
31148,85418,55328
31149,85418,55329
31150,85418,55330
31151,85418,55331
31152,85418,55332
31153,85418,55333
31154,85418,55334
31155,85418,55335
31156,85418,55336
31157,85418,55337
31158,85418,55338
31159,85418,55339
31160,85418,55340
31161,85418,55341
31162,85418,55342
31163,85418,55343
31164,85418,55344
31165,85418,55345
31166,85418,55346
31167,85418,55347
31168,85418,55348
31169,85418,55349
31170,85418,55350
31171,85418,55351
31172,85418,55352
31173,85418,55353
31174,85418,55354
31175,85418,55355
31176,85418,55356
31177,85418,55357
31178,85418,55358
31179,85418,55359
31180,85418,55360
31181,85418,55361
31182,85418,55362
31183,85418,55363
31184,85418,55364
31185,85418,55365
31186,85418,55366
31187,85418,55367
31188,85418,55368
31189,85418,55369
31190,85418,55370
31191,85418,55371
31192,85418,55372
31193,85418,55373
31194,85418,55374
31195,85418,55375
31196,85418,55376
31197,85418,55377
31198,85418,55378
31199,85418,55379
31200,85418,55380
31201,85418,55381
31202,85418,55382
31203,85418,55383
31204,85418,55384
31205,85418,55385
31206,85418,55386
31207,85418,55387
31208,85418,55388
31209,85418,55389
31210,85418,55390
31211,85418,55391
31212,85418,55392
31213,85418,55393
31214,85418,55394
31215,85418,55395
31216,85418,55396
31217,85418,55397
31218,85418,55398
31219,85418,55399
31220,85418,55400
31221,85418,55401
31222,85418,55402
31223,85418,55403
31224,85418,55404
31225,85418,55405
31226,85418,55406
31227,85418,55407
31228,85418,55408
31229,85418,55409
31230,85418,55410
31231,85418,55411
31232,85418,55412
31233,85418,55413
31234,85418,55414
31235,85418,55415
31236,85418,55416
31237,85418,55417
31238,85418,55418
31239,85418,55419
31240,85418,55420
31241,85418,55421
31242,85418,55422
31243,85418,55423
31244,85418,55424
31245,85418,55425
31246,85418,55426
31247,85418,55427
31248,85418,55428
31249,85418,55429
31250,85418,55430
31251,85418,55431
31252,85418,55432
31253,85418,55433
31254,85418,55434
31255,85418,55435
31256,85418,55436
31257,85418,55437
31258,85418,55438
31259,85418,55439
31260,85418,55440
31261,85418,55441
31262,85418,55442
31263,85418,55443
31264,85418,55444
31265,85418,55445
31266,85418,55446
31267,85418,55447
31268,85418,55448
31269,85418,55449
31270,85418,55450
31271,85418,55451
31272,85418,55452
31273,85418,55453
31274,85418,55454
31275,85418,55455
31276,85418,55456
31277,85418,55457
31278,85418,55458
31279,85418,55459
31280,85418,55460
31281,85418,55461
31282,85418,55462
31283,85418,55463
31284,85418,55464
31285,85418,55465
31286,85418,55466
31287,85418,55467
31288,85418,55468
31289,85418,55469
31290,85418,55470
31291,85418,55471
31292,85418,55472
31293,85418,55473
31294,85418,55474
31295,85418,55475
31296,85418,55476
31297,85418,55477
31298,85418,55478
31299,85418,55479
31300,85418,55480
31301,85418,55481
31302,85418,55482
31303,85418,55483
31304,85418,55484
31305,85418,55485
31306,85418,55486
31307,85418,55487
31308,85418,55488
31309,85418,55489
31310,85418,55490
31311,85418,55491
31312,85418,55492
31313,85418,55493
31314,85418,55494
31315,85418,55495
31316,85418,55496
31317,85418,55497
31318,85418,55498
31319,85418,55499
31320,85418,55500
31321,85418,55501
31322,85418,55502
31323,85418,55503
31324,85418,55504
31325,85418,55505
31326,85418,55506
31327,85418,55507
31328,85418,55508
31329,85418,55509
31330,85418,55510
31331,85418,55511
31332,85418,55512
31333,85418,55513
31334,85418,55514
31335,85418,55515
31336,85418,55516
31337,85418,55517
31338,85418,55518
31339,85418,55519
31340,85418,55520
31341,85419,55320
31342,85419,55321
31343,85419,55322
31344,85419,55323
31345,85419,55324
31346,85419,55325
31347,85419,55326
31348,85419,55327
31349,85419,55328
31350,85419,55329
31351,85419,55330
31352,85419,55331
31353,85419,55332
31354,85419,55333
31355,85419,55334
31356,85419,55335
31357,85419,55336
31358,85419,55337
31359,85419,55338
31360,85419,55339
31361,85419,55340
31362,85419,55341
31363,85419,55342
31364,85419,55343
31365,85419,55344
31366,85419,55345
31367,85419,55346
31368,85419,55347
31369,85419,55348
31370,85419,55349
31371,85419,55350
31372,85419,55351
31373,85419,55352
31374,85419,55353
31375,85419,55354
31376,85419,55355
31377,85419,55356
31378,85419,55357
31379,85419,55358
31380,85419,55359
31381,85419,55360
31382,85419,55361
31383,85419,55362
31384,85419,55363
31385,85419,55364
31386,85419,55365
31387,85419,55366
31388,85419,55367
31389,85419,55368
31390,85419,55369
31391,85419,55370
31392,85419,55371
31393,85419,55372
31394,85419,55373
31395,85419,55374
31396,85419,55375
31397,85419,55376
31398,85419,55377
31399,85419,55378
31400,85419,55379
31401,85419,55380
31402,85419,55381
31403,85419,55382
31404,85419,55383
31405,85419,55384
31406,85419,55385
31407,85419,55386
31408,85419,55387
31409,85419,55388
31410,85419,55389
31411,85419,55390
31412,85419,55391
31413,85419,55392
31414,85419,55393
31415,85419,55394
31416,85419,55395
31417,85419,55396
31418,85419,55397
31419,85419,55398
31420,85419,55399
31421,85419,55400
31422,85419,55401
31423,85419,55402
31424,85419,55403
31425,85419,55404
31426,85419,55405
31427,85419,55406
31428,85419,55407
31429,85419,55408
31430,85419,55409
31431,85419,55410
31432,85419,55411
31433,85419,55412
31434,85419,55413
31435,85419,55414
31436,85419,55415
31437,85419,55416
31438,85419,55417
31439,85419,55418
31440,85419,55419
31441,85419,55420
31442,85419,55421
31443,85419,55422
31444,85419,55423
31445,85419,55424
31446,85419,55425
31447,85419,55426
31448,85419,55427
31449,85419,55428
31450,85419,55429
31451,85419,55430
31452,85419,55431
31453,85419,55432
31454,85419,55433
31455,85419,55434
31456,85419,55435
31457,85419,55436
31458,85419,55437
31459,85419,55438
31460,85419,55439
31461,85419,55440
31462,85419,55441
31463,85419,55442
31464,85419,55443
31465,85419,55444
31466,85419,55445
31467,85419,55446
31468,85419,55447
31469,85419,55448
31470,85419,55449
31471,85419,55450
31472,85419,55451
31473,85419,55452
31474,85419,55453
31475,85419,55454
31476,85419,55455
31477,85419,55456
31478,85419,55457
31479,85419,55458
31480,85419,55459
31481,85419,55460
31482,85419,55461
31483,85419,55462
31484,85419,55463
31485,85419,55464
31486,85419,55465
31487,85419,55466
31488,85419,55467
31489,85419,55468
31490,85419,55469
31491,85419,55470
31492,85419,55471
31493,85419,55472
31494,85419,55473
31495,85419,55474
31496,85419,55475
31497,85419,55476
31498,85419,55477
31499,85419,55478
31500,85419,55479
31501,85419,55480
31502,85419,55481
31503,85419,55482
31504,85419,55483
31505,85419,55484
31506,85419,55485
31507,85419,55486
31508,85419,55487
31509,85419,55488
31510,85419,55489
31511,85419,55490
31512,85419,55491
31513,85419,55492
31514,85419,55493
31515,85419,55494
31516,85419,55495
31517,85419,55496
31518,85419,55497
31519,85419,55498
31520,85419,55499
31521,85419,55500
31522,85419,55501
31523,85419,55502
31524,85419,55503
31525,85419,55504
31526,85419,55505
31527,85419,55506
31528,85419,55507
31529,85419,55508
31530,85419,55509
31531,85419,55510
31532,85419,55511
31533,85419,55512
31534,85419,55513
31535,85419,55514
31536,85419,55515
31537,85419,55516
31538,85419,55517
31539,85419,55518
31540,85419,55519
31541,85419,55520
31542,85419,55521
31543,85420,55320
31544,85420,55321
31545,85420,55322
31546,85420,55323
31547,85420,55324
31548,85420,55325
31549,85420,55326
31550,85420,55327
31551,85420,55328
31552,85420,55329
31553,85420,55330
31554,85420,55331
31555,85420,55332
31556,85420,55333
31557,85420,55334
31558,85420,55335
31559,85420,55336
31560,85420,55337
31561,85420,55338
31562,85420,55339
31563,85420,55340
31564,85420,55341
31565,85420,55342
31566,85420,55343
31567,85420,55344
31568,85420,55345
31569,85420,55346
31570,85420,55347
31571,85420,55348
31572,85420,55349
31573,85420,55350
31574,85420,55351
31575,85420,55352
31576,85420,55353
31577,85420,55354
31578,85420,55355
31579,85420,55356
31580,85420,55357
31581,85420,55358
31582,85420,55359
31583,85420,55360
31584,85420,55361
31585,85420,55362
31586,85420,55363
31587,85420,55364
31588,85420,55365
31589,85420,55366
31590,85420,55367
31591,85420,55368
31592,85420,55369
31593,85420,55370
31594,85420,55371
31595,85420,55372
31596,85420,55373
31597,85420,55374
31598,85420,55375
31599,85420,55376
31600,85420,55377
31601,85420,55378
31602,85420,55379
31603,85420,55380
31604,85420,55381
31605,85420,55382
31606,85420,55383
31607,85420,55384
31608,85420,55385
31609,85420,55386
31610,85420,55387
31611,85420,55388
31612,85420,55389
31613,85420,55390
31614,85420,55391
31615,85420,55392
31616,85420,55393
31617,85420,55394
31618,85420,55395
31619,85420,55396
31620,85420,55397
31621,85420,55398
31622,85420,55399
31623,85420,55400
31624,85420,55401
31625,85420,55402
31626,85420,55403
31627,85420,55404
31628,85420,55405
31629,85420,55406
31630,85420,55407
31631,85420,55408
31632,85420,55409
31633,85420,55410
31634,85420,55411
31635,85420,55412
31636,85420,55413
31637,85420,55414
31638,85420,55415
31639,85420,55416
31640,85420,55417
31641,85420,55418
31642,85420,55419
31643,85420,55420
31644,85420,55421
31645,85420,55422
31646,85420,55423
31647,85420,55424
31648,85420,55425
31649,85420,55426
31650,85420,55427
31651,85420,55428
31652,85420,55429
31653,85420,55430
31654,85420,55431
31655,85420,55432
31656,85420,55433
31657,85420,55434
31658,85420,55435
31659,85420,55436
31660,85420,55437
31661,85420,55438
31662,85420,55439
31663,85420,55440
31664,85420,55441
31665,85420,55442
31666,85420,55443
31667,85420,55444
31668,85420,55445
31669,85420,55446
31670,85420,55447
31671,85420,55448
31672,85420,55449
31673,85420,55450
31674,85420,55451
31675,85420,55452
31676,85420,55453
31677,85420,55454
31678,85420,55455
31679,85420,55456
31680,85420,55457
31681,85420,55458
31682,85420,55459
31683,85420,55460
31684,85420,55461
31685,85420,55462
31686,85420,55463
31687,85420,55464
31688,85420,55465
31689,85420,55466
31690,85420,55467
31691,85420,55468
31692,85420,55469
31693,85420,55470
31694,85420,55471
31695,85420,55472
31696,85420,55473
31697,85420,55474
31698,85420,55475
31699,85420,55476
31700,85420,55477
31701,85420,55478
31702,85420,55479
31703,85420,55480
31704,85420,55481
31705,85420,55482
31706,85420,55483
31707,85420,55484
31708,85420,55485
31709,85420,55486
31710,85420,55487
31711,85420,55488
31712,85420,55489
31713,85420,55490
31714,85420,55491
31715,85420,55492
31716,85420,55493
31717,85420,55494
31718,85420,55495
31719,85420,55496
31720,85420,55497
31721,85420,55498
31722,85420,55499
31723,85420,55500
31724,85420,55501
31725,85420,55502
31726,85420,55503
31727,85420,55504
31728,85420,55505
31729,85420,55506
31730,85420,55507
31731,85420,55508
31732,85420,55509
31733,85420,55510
31734,85420,55511
31735,85420,55512
31736,85420,55513
31737,85420,55514
31738,85420,55515
31739,85420,55516
31740,85420,55517
31741,85420,55518
31742,85420,55519
31743,85420,55520
31744,85420,55521
31745,85420,55522
31746,85421,55320
31747,85421,55321
31748,85421,55322
31749,85421,55323
31750,85421,55324
31751,85421,55325
31752,85421,55326
31753,85421,55327
31754,85421,55328
31755,85421,55329
31756,85421,55330
31757,85421,55331
31758,85421,55332
31759,85421,55333
31760,85421,55334
31761,85421,55335
31762,85421,55336
31763,85421,55337
31764,85421,55338
31765,85421,55339
31766,85421,55340
31767,85421,55341
31768,85421,55342
31769,85421,55343
31770,85421,55344
31771,85421,55345
31772,85421,55346
31773,85421,55347
31774,85421,55348
31775,85421,55349
31776,85421,55350
31777,85421,55351
31778,85421,55352
31779,85421,55353
31780,85421,55354
31781,85421,55355
31782,85421,55356
31783,85421,55357
31784,85421,55358
31785,85421,55359
31786,85421,55360
31787,85421,55361
31788,85421,55362
31789,85421,55363
31790,85421,55364
31791,85421,55365
31792,85421,55366
31793,85421,55367
31794,85421,55368
31795,85421,55369
31796,85421,55370
31797,85421,55371
31798,85421,55372
31799,85421,55373
31800,85421,55374
31801,85421,55375
31802,85421,55376
31803,85421,55377
31804,85421,55378
31805,85421,55379
31806,85421,55380
31807,85421,55381
31808,85421,55382
31809,85421,55383
31810,85421,55384
31811,85421,55385
31812,85421,55386
31813,85421,55387
31814,85421,55388
31815,85421,55389
31816,85421,55390
31817,85421,55391
31818,85421,55392
31819,85421,55393
31820,85421,55394
31821,85421,55395
31822,85421,55396
31823,85421,55397
31824,85421,55398
31825,85421,55399
31826,85421,55400
31827,85421,55401
31828,85421,55402
31829,85421,55403
31830,85421,55404
31831,85421,55405
31832,85421,55406
31833,85421,55407
31834,85421,55408
31835,85421,55409
31836,85421,55410
31837,85421,55411
31838,85421,55412
31839,85421,55413
31840,85421,55414
31841,85421,55415
31842,85421,55416
31843,85421,55417
31844,85421,55418
31845,85421,55419
31846,85421,55420
31847,85421,55421
31848,85421,55422
31849,85421,55423
31850,85421,55424
31851,85421,55425
31852,85421,55426
31853,85421,55427
31854,85421,55428
31855,85421,55429
31856,85421,55430
31857,85421,55431
31858,85421,55432
31859,85421,55433
31860,85421,55434
31861,85421,55435
31862,85421,55436
31863,85421,55437
31864,85421,55438
31865,85421,55439
31866,85421,55440
31867,85421,55441
31868,85421,55442
31869,85421,55443
31870,85421,55444
31871,85421,55445
31872,85421,55446
31873,85421,55447
31874,85421,55448
31875,85421,55449
31876,85421,55450
31877,85421,55451
31878,85421,55452
31879,85421,55453
31880,85421,55454
31881,85421,55455
31882,85421,55456
31883,85421,55457
31884,85421,55458
31885,85421,55459
31886,85421,55460
31887,85421,55461
31888,85421,55462
31889,85421,55463
31890,85421,55464
31891,85421,55465
31892,85421,55466
31893,85421,55467
31894,85421,55468
31895,85421,55469
31896,85421,55470
31897,85421,55471
31898,85421,55472
31899,85421,55473
31900,85421,55474
31901,85421,55475
31902,85421,55476
31903,85421,55477
31904,85421,55478
31905,85421,55479
31906,85421,55480
31907,85421,55481
31908,85421,55482
31909,85421,55483
31910,85421,55484
31911,85421,55485
31912,85421,55486
31913,85421,55487
31914,85421,55488
31915,85421,55489
31916,85421,55490
31917,85421,55491
31918,85421,55492
31919,85421,55493
31920,85421,55494
31921,85421,55495
31922,85421,55496
31923,85421,55497
31924,85421,55498
31925,85421,55499
31926,85421,55500
31927,85421,55501
31928,85421,55502
31929,85421,55503
31930,85421,55504
31931,85421,55505
31932,85421,55506
31933,85421,55507
31934,85421,55508
31935,85421,55509
31936,85421,55510
31937,85421,55511
31938,85421,55512
31939,85421,55513
31940,85421,55514
31941,85421,55515
31942,85421,55516
31943,85421,55517
31944,85421,55518
31945,85421,55519
31946,85421,55520
31947,85421,55521
31948,85421,55522
31949,85421,55523
31950,85422,55320
31951,85422,55321
31952,85422,55322
31953,85422,55323
31954,85422,55324
31955,85422,55325
31956,85422,55326
31957,85422,55327
31958,85422,55328
31959,85422,55329
31960,85422,55330
31961,85422,55331
31962,85422,55332
31963,85422,55333
31964,85422,55334
31965,85422,55335
31966,85422,55336
31967,85422,55337
31968,85422,55338
31969,85422,55339
31970,85422,55340
31971,85422,55341
31972,85422,55342
31973,85422,55343
31974,85422,55344
31975,85422,55345
31976,85422,55346
31977,85422,55347
31978,85422,55348
31979,85422,55349
31980,85422,55350
31981,85422,55351
31982,85422,55352
31983,85422,55353
31984,85422,55354
31985,85422,55355
31986,85422,55356
31987,85422,55357
31988,85422,55358
31989,85422,55359
31990,85422,55360
31991,85422,55361
31992,85422,55362
31993,85422,55363
31994,85422,55364
31995,85422,55365
31996,85422,55366
31997,85422,55367
31998,85422,55368
31999,85422,55369
32000,85422,55370
32001,85422,55371
32002,85422,55372
32003,85422,55373
32004,85422,55374
32005,85422,55375
32006,85422,55376
32007,85422,55377
32008,85422,55378
32009,85422,55379
32010,85422,55380
32011,85422,55381
32012,85422,55382
32013,85422,55383
32014,85422,55384
32015,85422,55385
32016,85422,55386
32017,85422,55387
32018,85422,55388
32019,85422,55389
32020,85422,55390
32021,85422,55391
32022,85422,55392
32023,85422,55393
32024,85422,55394
32025,85422,55395
32026,85422,55396
32027,85422,55397
32028,85422,55398
32029,85422,55399
32030,85422,55400
32031,85422,55401
32032,85422,55402
32033,85422,55403
32034,85422,55404
32035,85422,55405
32036,85422,55406
32037,85422,55407
32038,85422,55408
32039,85422,55409
32040,85422,55410
32041,85422,55411
32042,85422,55412
32043,85422,55413
32044,85422,55414
32045,85422,55415
32046,85422,55416
32047,85422,55417
32048,85422,55418
32049,85422,55419
32050,85422,55420
32051,85422,55421
32052,85422,55422
32053,85422,55423
32054,85422,55424
32055,85422,55425
32056,85422,55426
32057,85422,55427
32058,85422,55428
32059,85422,55429
32060,85422,55430
32061,85422,55431
32062,85422,55432
32063,85422,55433
32064,85422,55434
32065,85422,55435
32066,85422,55436
32067,85422,55437
32068,85422,55438
32069,85422,55439
32070,85422,55440
32071,85422,55441
32072,85422,55442
32073,85422,55443
32074,85422,55444
32075,85422,55445
32076,85422,55446
32077,85422,55447
32078,85422,55448
32079,85422,55449
32080,85422,55450
32081,85422,55451
32082,85422,55452
32083,85422,55453
32084,85422,55454
32085,85422,55455
32086,85422,55456
32087,85422,55457
32088,85422,55458
32089,85422,55459
32090,85422,55460
32091,85422,55461
32092,85422,55462
32093,85422,55463
32094,85422,55464
32095,85422,55465
32096,85422,55466
32097,85422,55467
32098,85422,55468
32099,85422,55469
32100,85422,55470
32101,85422,55471
32102,85422,55472
32103,85422,55473
32104,85422,55474
32105,85422,55475
32106,85422,55476
32107,85422,55477
32108,85422,55478
32109,85422,55479
32110,85422,55480
32111,85422,55481
32112,85422,55482
32113,85422,55483
32114,85422,55484
32115,85422,55485
32116,85422,55486
32117,85422,55487
32118,85422,55488
32119,85422,55489
32120,85422,55490
32121,85422,55491
32122,85422,55492
32123,85422,55493
32124,85422,55494
32125,85422,55495
32126,85422,55496
32127,85422,55497
32128,85422,55498
32129,85422,55499
32130,85422,55500
32131,85422,55501
32132,85422,55502
32133,85422,55503
32134,85422,55504
32135,85422,55505
32136,85422,55506
32137,85422,55507
32138,85422,55508
32139,85422,55509
32140,85422,55510
32141,85422,55511
32142,85422,55512
32143,85422,55513
32144,85422,55514
32145,85422,55515
32146,85422,55516
32147,85422,55517
32148,85422,55518
32149,85422,55519
32150,85422,55520
32151,85422,55521
32152,85422,55522
32153,85422,55523
32154,85423,55320
32155,85423,55321
32156,85423,55322
32157,85423,55323
32158,85423,55324
32159,85423,55325
32160,85423,55326
32161,85423,55327
32162,85423,55328
32163,85423,55329
32164,85423,55330
32165,85423,55331
32166,85423,55332
32167,85423,55333
32168,85423,55334
32169,85423,55335
32170,85423,55336
32171,85423,55337
32172,85423,55338
32173,85423,55339
32174,85423,55340
32175,85423,55341
32176,85423,55342
32177,85423,55343
32178,85423,55344
32179,85423,55345
32180,85423,55346
32181,85423,55347
32182,85423,55348
32183,85423,55349
32184,85423,55350
32185,85423,55351
32186,85423,55352
32187,85423,55353
32188,85423,55354
32189,85423,55355
32190,85423,55356
32191,85423,55357
32192,85423,55358
32193,85423,55359
32194,85423,55360
32195,85423,55361
32196,85423,55362
32197,85423,55363
32198,85423,55364
32199,85423,55365
32200,85423,55366
32201,85423,55367
32202,85423,55368
32203,85423,55369
32204,85423,55370
32205,85423,55371
32206,85423,55372
32207,85423,55373
32208,85423,55374
32209,85423,55375
32210,85423,55376
32211,85423,55377
32212,85423,55378
32213,85423,55379
32214,85423,55380
32215,85423,55381
32216,85423,55382
32217,85423,55383
32218,85423,55384
32219,85423,55385
32220,85423,55386
32221,85423,55387
32222,85423,55388
32223,85423,55389
32224,85423,55390
32225,85423,55391
32226,85423,55392
32227,85423,55393
32228,85423,55394
32229,85423,55395
32230,85423,55396
32231,85423,55397
32232,85423,55398
32233,85423,55399
32234,85423,55400
32235,85423,55401
32236,85423,55402
32237,85423,55403
32238,85423,55404
32239,85423,55405
32240,85423,55406
32241,85423,55407
32242,85423,55408
32243,85423,55409
32244,85423,55410
32245,85423,55411
32246,85423,55412
32247,85423,55413
32248,85423,55414
32249,85423,55415
32250,85423,55416
32251,85423,55417
32252,85423,55418
32253,85423,55419
32254,85423,55420
32255,85423,55421
32256,85423,55422
32257,85423,55423
32258,85423,55424
32259,85423,55425
32260,85423,55426
32261,85423,55427
32262,85423,55428
32263,85423,55429
32264,85423,55430
32265,85423,55431
32266,85423,55432
32267,85423,55433
32268,85423,55434
32269,85423,55435
32270,85423,55436
32271,85423,55437
32272,85423,55438
32273,85423,55439
32274,85423,55440
32275,85423,55441
32276,85423,55442
32277,85423,55443
32278,85423,55444
32279,85423,55445
32280,85423,55446
32281,85423,55447
32282,85423,55448
32283,85423,55449
32284,85423,55450
32285,85423,55451
32286,85423,55452
32287,85423,55453
32288,85423,55454
32289,85423,55455
32290,85423,55456
32291,85423,55457
32292,85423,55458
32293,85423,55459
32294,85423,55460
32295,85423,55461
32296,85423,55462
32297,85423,55463
32298,85423,55464
32299,85423,55465
32300,85423,55466
32301,85423,55467
32302,85423,55468
32303,85423,55469
32304,85423,55470
32305,85423,55471
32306,85423,55472
32307,85423,55473
32308,85423,55474
32309,85423,55475
32310,85423,55476
32311,85423,55477
32312,85423,55478
32313,85423,55479
32314,85423,55480
32315,85423,55481
32316,85423,55482
32317,85423,55483
32318,85423,55484
32319,85423,55485
32320,85423,55486
32321,85423,55487
32322,85423,55488
32323,85423,55489
32324,85423,55490
32325,85423,55491
32326,85423,55492
32327,85423,55493
32328,85423,55494
32329,85423,55495
32330,85423,55496
32331,85423,55497
32332,85423,55498
32333,85423,55499
32334,85423,55500
32335,85423,55501
32336,85423,55502
32337,85423,55503
32338,85423,55504
32339,85423,55505
32340,85423,55506
32341,85423,55507
32342,85423,55508
32343,85423,55509
32344,85423,55510
32345,85423,55511
32346,85423,55512
32347,85423,55513
32348,85423,55514
32349,85423,55515
32350,85423,55516
32351,85423,55517
32352,85423,55518
32353,85423,55519
32354,85423,55520
32355,85423,55521
32356,85423,55522
32357,85423,55523
32358,85424,55320
32359,85424,55321
32360,85424,55322
32361,85424,55323
32362,85424,55324
32363,85424,55325
32364,85424,55326
32365,85424,55327
32366,85424,55328
32367,85424,55329
32368,85424,55330
32369,85424,55331
32370,85424,55332
32371,85424,55333
32372,85424,55334
32373,85424,55335
32374,85424,55336
32375,85424,55337
32376,85424,55338
32377,85424,55339
32378,85424,55340
32379,85424,55341
32380,85424,55342
32381,85424,55343
32382,85424,55344
32383,85424,55345
32384,85424,55346
32385,85424,55347
32386,85424,55348
32387,85424,55349
32388,85424,55350
32389,85424,55351
32390,85424,55352
32391,85424,55353
32392,85424,55354
32393,85424,55355
32394,85424,55356
32395,85424,55357
32396,85424,55358
32397,85424,55359
32398,85424,55360
32399,85424,55361
32400,85424,55362
32401,85424,55363
32402,85424,55364
32403,85424,55365
32404,85424,55366
32405,85424,55367
32406,85424,55368
32407,85424,55369
32408,85424,55370
32409,85424,55371
32410,85424,55372
32411,85424,55373
32412,85424,55374
32413,85424,55375
32414,85424,55376
32415,85424,55377
32416,85424,55378
32417,85424,55379
32418,85424,55380
32419,85424,55381
32420,85424,55382
32421,85424,55383
32422,85424,55384
32423,85424,55385
32424,85424,55386
32425,85424,55387
32426,85424,55388
32427,85424,55389
32428,85424,55390
32429,85424,55391
32430,85424,55392
32431,85424,55393
32432,85424,55394
32433,85424,55395
32434,85424,55396
32435,85424,55397
32436,85424,55398
32437,85424,55399
32438,85424,55400
32439,85424,55401
32440,85424,55402
32441,85424,55403
32442,85424,55404
32443,85424,55405
32444,85424,55406
32445,85424,55407
32446,85424,55408
32447,85424,55409
32448,85424,55410
32449,85424,55411
32450,85424,55412
32451,85424,55413
32452,85424,55414
32453,85424,55415
32454,85424,55416
32455,85424,55417
32456,85424,55418
32457,85424,55419
32458,85424,55420
32459,85424,55421
32460,85424,55422
32461,85424,55423
32462,85424,55424
32463,85424,55425
32464,85424,55426
32465,85424,55427
32466,85424,55428
32467,85424,55429
32468,85424,55430
32469,85424,55431
32470,85424,55432
32471,85424,55433
32472,85424,55434
32473,85424,55435
32474,85424,55436
32475,85424,55437
32476,85424,55438
32477,85424,55439
32478,85424,55440
32479,85424,55441
32480,85424,55442
32481,85424,55443
32482,85424,55444
32483,85424,55445
32484,85424,55446
32485,85424,55447
32486,85424,55448
32487,85424,55449
32488,85424,55450
32489,85424,55451
32490,85424,55452
32491,85424,55453
32492,85424,55454
32493,85424,55455
32494,85424,55456
32495,85424,55457
32496,85424,55458
32497,85424,55459
32498,85424,55460
32499,85424,55461
32500,85424,55462
32501,85424,55463
32502,85424,55464
32503,85424,55465
32504,85424,55466
32505,85424,55467
32506,85424,55468
32507,85424,55469
32508,85424,55470
32509,85424,55471
32510,85424,55472
32511,85424,55473
32512,85424,55474
32513,85424,55475
32514,85424,55476
32515,85424,55477
32516,85424,55478
32517,85424,55479
32518,85424,55480
32519,85424,55481
32520,85424,55482
32521,85424,55483
32522,85424,55484
32523,85424,55485
32524,85424,55486
32525,85424,55487
32526,85424,55488
32527,85424,55489
32528,85424,55490
32529,85424,55491
32530,85424,55492
32531,85424,55493
32532,85424,55494
32533,85424,55495
32534,85424,55496
32535,85424,55497
32536,85424,55498
32537,85424,55499
32538,85424,55500
32539,85424,55501
32540,85424,55502
32541,85424,55503
32542,85424,55504
32543,85424,55505
32544,85424,55506
32545,85424,55507
32546,85424,55508
32547,85424,55509
32548,85424,55510
32549,85424,55511
32550,85424,55512
32551,85424,55513
32552,85424,55514
32553,85424,55515
32554,85424,55516
32555,85424,55517
32556,85424,55518
32557,85424,55519
32558,85424,55520
32559,85424,55521
32560,85424,55522
32561,85424,55523
32562,85425,55320
32563,85425,55321
32564,85425,55322
32565,85425,55323
32566,85425,55324
32567,85425,55325
32568,85425,55326
32569,85425,55327
32570,85425,55328
32571,85425,55329
32572,85425,55330
32573,85425,55331
32574,85425,55332
32575,85425,55333
32576,85425,55334
32577,85425,55335
32578,85425,55336
32579,85425,55337
32580,85425,55338
32581,85425,55339
32582,85425,55340
32583,85425,55341
32584,85425,55342
32585,85425,55343
32586,85425,55344
32587,85425,55345
32588,85425,55346
32589,85425,55347
32590,85425,55348
32591,85425,55349
32592,85425,55350
32593,85425,55351
32594,85425,55352
32595,85425,55353
32596,85425,55354
32597,85425,55355
32598,85425,55356
32599,85425,55357
32600,85425,55358
32601,85425,55359
32602,85425,55360
32603,85425,55361
32604,85425,55362
32605,85425,55363
32606,85425,55364
32607,85425,55365
32608,85425,55366
32609,85425,55367
32610,85425,55368
32611,85425,55369
32612,85425,55370
32613,85425,55371
32614,85425,55372
32615,85425,55373
32616,85425,55374
32617,85425,55375
32618,85425,55376
32619,85425,55377
32620,85425,55378
32621,85425,55379
32622,85425,55380
32623,85425,55381
32624,85425,55382
32625,85425,55383
32626,85425,55384
32627,85425,55385
32628,85425,55386
32629,85425,55387
32630,85425,55388
32631,85425,55389
32632,85425,55390
32633,85425,55391
32634,85425,55392
32635,85425,55393
32636,85425,55394
32637,85425,55395
32638,85425,55396
32639,85425,55397
32640,85425,55398
32641,85425,55399
32642,85425,55400
32643,85425,55401
32644,85425,55402
32645,85425,55403
32646,85425,55404
32647,85425,55405
32648,85425,55406
32649,85425,55407
32650,85425,55408
32651,85425,55409
32652,85425,55410
32653,85425,55411
32654,85425,55412
32655,85425,55413
32656,85425,55414
32657,85425,55415
32658,85425,55416
32659,85425,55417
32660,85425,55418
32661,85425,55419
32662,85425,55420
32663,85425,55421
32664,85425,55422
32665,85425,55423
32666,85425,55424
32667,85425,55425
32668,85425,55426
32669,85425,55427
32670,85425,55428
32671,85425,55429
32672,85425,55430
32673,85425,55431
32674,85425,55432
32675,85425,55433
32676,85425,55434
32677,85425,55435
32678,85425,55436
32679,85425,55437
32680,85425,55438
32681,85425,55439
32682,85425,55440
32683,85425,55441
32684,85425,55442
32685,85425,55443
32686,85425,55444
32687,85425,55445
32688,85425,55446
32689,85425,55447
32690,85425,55448
32691,85425,55449
32692,85425,55450
32693,85425,55451
32694,85425,55452
32695,85425,55453
32696,85425,55454
32697,85425,55455
32698,85425,55456
32699,85425,55457
32700,85425,55458
32701,85425,55459
32702,85425,55460
32703,85425,55461
32704,85425,55462
32705,85425,55463
32706,85425,55464
32707,85425,55465
32708,85425,55466
32709,85425,55467
32710,85425,55468
32711,85425,55469
32712,85425,55470
32713,85425,55471
32714,85425,55472
32715,85425,55473
32716,85425,55474
32717,85425,55475
32718,85425,55476
32719,85425,55477
32720,85425,55478
32721,85425,55479
32722,85425,55480
32723,85425,55481
32724,85425,55482
32725,85425,55483
32726,85425,55484
32727,85425,55485
32728,85425,55486
32729,85425,55487
32730,85425,55488
32731,85425,55489
32732,85425,55490
32733,85425,55491
32734,85425,55492
32735,85425,55493
32736,85425,55494
32737,85425,55495
32738,85425,55496
32739,85425,55497
32740,85425,55498
32741,85425,55499
32742,85425,55500
32743,85425,55501
32744,85425,55502
32745,85425,55503
32746,85425,55504
32747,85425,55505
32748,85425,55506
32749,85425,55507
32750,85425,55508
32751,85425,55509
32752,85425,55510
32753,85425,55511
32754,85425,55512
32755,85425,55513
32756,85425,55514
32757,85425,55515
32758,85425,55516
32759,85425,55517
32760,85425,55518
32761,85425,55519
32762,85425,55520
32763,85425,55521
32764,85425,55522
32765,85425,55523
32766,85426,55320
32767,85426,55321
32768,85426,55322
32769,85426,55323
32770,85426,55324
32771,85426,55325
32772,85426,55326
32773,85426,55327
32774,85426,55328
32775,85426,55329
32776,85426,55330
32777,85426,55331
32778,85426,55332
32779,85426,55333
32780,85426,55334
32781,85426,55335
32782,85426,55336
32783,85426,55337
32784,85426,55338
32785,85426,55339
32786,85426,55340
32787,85426,55341
32788,85426,55342
32789,85426,55343
32790,85426,55344
32791,85426,55345
32792,85426,55346
32793,85426,55347
32794,85426,55348
32795,85426,55349
32796,85426,55350
32797,85426,55351
32798,85426,55352
32799,85426,55353
32800,85426,55354
32801,85426,55355
32802,85426,55356
32803,85426,55357
32804,85426,55358
32805,85426,55359
32806,85426,55360
32807,85426,55361
32808,85426,55362
32809,85426,55363
32810,85426,55364
32811,85426,55365
32812,85426,55366
32813,85426,55367
32814,85426,55368
32815,85426,55369
32816,85426,55370
32817,85426,55371
32818,85426,55372
32819,85426,55373
32820,85426,55374
32821,85426,55375
32822,85426,55376
32823,85426,55377
32824,85426,55378
32825,85426,55379
32826,85426,55380
32827,85426,55381
32828,85426,55382
32829,85426,55383
32830,85426,55384
32831,85426,55385
32832,85426,55386
32833,85426,55387
32834,85426,55388
32835,85426,55389
32836,85426,55390
32837,85426,55391
32838,85426,55392
32839,85426,55393
32840,85426,55394
32841,85426,55395
32842,85426,55396
32843,85426,55397
32844,85426,55398
32845,85426,55399
32846,85426,55400
32847,85426,55401
32848,85426,55402
32849,85426,55403
32850,85426,55404
32851,85426,55405
32852,85426,55406
32853,85426,55407
32854,85426,55408
32855,85426,55409
32856,85426,55410
32857,85426,55411
32858,85426,55412
32859,85426,55413
32860,85426,55414
32861,85426,55415
32862,85426,55416
32863,85426,55417
32864,85426,55418
32865,85426,55419
32866,85426,55420
32867,85426,55421
32868,85426,55422
32869,85426,55423
32870,85426,55424
32871,85426,55425
32872,85426,55426
32873,85426,55427
32874,85426,55428
32875,85426,55429
32876,85426,55430
32877,85426,55431
32878,85426,55432
32879,85426,55433
32880,85426,55434
32881,85426,55435
32882,85426,55436
32883,85426,55437
32884,85426,55438
32885,85426,55439
32886,85426,55440
32887,85426,55441
32888,85426,55442
32889,85426,55443
32890,85426,55444
32891,85426,55445
32892,85426,55446
32893,85426,55447
32894,85426,55448
32895,85426,55449
32896,85426,55450
32897,85426,55451
32898,85426,55452
32899,85426,55453
32900,85426,55454
32901,85426,55455
32902,85426,55456
32903,85426,55457
32904,85426,55458
32905,85426,55459
32906,85426,55460
32907,85426,55461
32908,85426,55462
32909,85426,55463
32910,85426,55464
32911,85426,55465
32912,85426,55466
32913,85426,55467
32914,85426,55468
32915,85426,55469
32916,85426,55470
32917,85426,55471
32918,85426,55472
32919,85426,55473
32920,85426,55474
32921,85426,55475
32922,85426,55476
32923,85426,55477
32924,85426,55478
32925,85426,55479
32926,85426,55480
32927,85426,55481
32928,85426,55482
32929,85426,55483
32930,85426,55484
32931,85426,55485
32932,85426,55486
32933,85426,55487
32934,85426,55488
32935,85426,55489
32936,85426,55490
32937,85426,55491
32938,85426,55492
32939,85426,55493
32940,85426,55494
32941,85426,55495
32942,85426,55496
32943,85426,55497
32944,85426,55498
32945,85426,55499
32946,85426,55500
32947,85426,55501
32948,85426,55502
32949,85426,55503
32950,85426,55504
32951,85426,55505
32952,85426,55506
32953,85426,55507
32954,85426,55508
32955,85426,55509
32956,85426,55510
32957,85426,55511
32958,85426,55512
32959,85426,55513
32960,85426,55514
32961,85426,55515
32962,85426,55516
32963,85426,55517
32964,85426,55518
32965,85426,55519
32966,85426,55520
32967,85426,55521
32968,85426,55522
32969,85426,55523
32970,85427,55320
32971,85427,55321
32972,85427,55322
32973,85427,55323
32974,85427,55324
32975,85427,55325
32976,85427,55326
32977,85427,55327
32978,85427,55328
32979,85427,55329
32980,85427,55330
32981,85427,55331
32982,85427,55332
32983,85427,55333
32984,85427,55334
32985,85427,55335
32986,85427,55336
32987,85427,55337
32988,85427,55338
32989,85427,55339
32990,85427,55340
32991,85427,55341
32992,85427,55342
32993,85427,55343
32994,85427,55344
32995,85427,55345
32996,85427,55346
32997,85427,55347
32998,85427,55348
32999,85427,55349
33000,85427,55350
33001,85427,55351
33002,85427,55352
33003,85427,55353
33004,85427,55354
33005,85427,55355
33006,85427,55356
33007,85427,55357
33008,85427,55358
33009,85427,55359
33010,85427,55360
33011,85427,55361
33012,85427,55362
33013,85427,55363
33014,85427,55364
33015,85427,55365
33016,85427,55366
33017,85427,55367
33018,85427,55368
33019,85427,55369
33020,85427,55370
33021,85427,55371
33022,85427,55372
33023,85427,55373
33024,85427,55374
33025,85427,55375
33026,85427,55376
33027,85427,55377
33028,85427,55378
33029,85427,55379
33030,85427,55380
33031,85427,55381
33032,85427,55382
33033,85427,55383
33034,85427,55384
33035,85427,55385
33036,85427,55386
33037,85427,55387
33038,85427,55388
33039,85427,55389
33040,85427,55390
33041,85427,55391
33042,85427,55392
33043,85427,55393
33044,85427,55394
33045,85427,55395
33046,85427,55396
33047,85427,55397
33048,85427,55398
33049,85427,55399
33050,85427,55400
33051,85427,55401
33052,85427,55402
33053,85427,55403
33054,85427,55404
33055,85427,55405
33056,85427,55406
33057,85427,55407
33058,85427,55408
33059,85427,55409
33060,85427,55410
33061,85427,55411
33062,85427,55412
33063,85427,55413
33064,85427,55414
33065,85427,55415
33066,85427,55416
33067,85427,55417
33068,85427,55418
33069,85427,55419
33070,85427,55420
33071,85427,55421
33072,85427,55422
33073,85427,55423
33074,85427,55424
33075,85427,55425
33076,85427,55426
33077,85427,55427
33078,85427,55428
33079,85427,55429
33080,85427,55430
33081,85427,55431
33082,85427,55432
33083,85427,55433
33084,85427,55434
33085,85427,55435
33086,85427,55436
33087,85427,55437
33088,85427,55438
33089,85427,55439
33090,85427,55440
33091,85427,55441
33092,85427,55442
33093,85427,55443
33094,85427,55444
33095,85427,55445
33096,85427,55446
33097,85427,55447
33098,85427,55448
33099,85427,55449
33100,85427,55450
33101,85427,55451
33102,85427,55452
33103,85427,55453
33104,85427,55454
33105,85427,55455
33106,85427,55456
33107,85427,55457
33108,85427,55458
33109,85427,55459
33110,85427,55460
33111,85427,55461
33112,85427,55462
33113,85427,55463
33114,85427,55464
33115,85427,55465
33116,85427,55466
33117,85427,55467
33118,85427,55468
33119,85427,55469
33120,85427,55470
33121,85427,55471
33122,85427,55472
33123,85427,55473
33124,85427,55474
33125,85427,55475
33126,85427,55476
33127,85427,55477
33128,85427,55478
33129,85427,55479
33130,85427,55480
33131,85427,55481
33132,85427,55482
33133,85427,55483
33134,85427,55484
33135,85427,55485
33136,85427,55486
33137,85427,55487
33138,85427,55488
33139,85427,55489
33140,85427,55490
33141,85427,55491
33142,85427,55492
33143,85427,55493
33144,85427,55494
33145,85427,55495
33146,85427,55496
33147,85427,55497
33148,85427,55498
33149,85427,55499
33150,85427,55500
33151,85427,55501
33152,85427,55502
33153,85427,55503
33154,85427,55504
33155,85427,55505
33156,85427,55506
33157,85427,55507
33158,85427,55508
33159,85427,55509
33160,85427,55510
33161,85427,55511
33162,85427,55512
33163,85427,55513
33164,85427,55514
33165,85427,55515
33166,85427,55516
33167,85427,55517
33168,85427,55518
33169,85427,55519
33170,85427,55520
33171,85427,55521
33172,85427,55522
33173,85427,55523
33174,85428,55320
33175,85428,55321
33176,85428,55322
33177,85428,55323
33178,85428,55324
33179,85428,55325
33180,85428,55326
33181,85428,55327
33182,85428,55328
33183,85428,55329
33184,85428,55330
33185,85428,55331
33186,85428,55332
33187,85428,55333
33188,85428,55334
33189,85428,55335
33190,85428,55336
33191,85428,55337
33192,85428,55338
33193,85428,55339
33194,85428,55340
33195,85428,55341
33196,85428,55342
33197,85428,55343
33198,85428,55344
33199,85428,55345
33200,85428,55346
33201,85428,55347
33202,85428,55348
33203,85428,55349
33204,85428,55350
33205,85428,55351
33206,85428,55352
33207,85428,55353
33208,85428,55354
33209,85428,55355
33210,85428,55356
33211,85428,55357
33212,85428,55358
33213,85428,55359
33214,85428,55360
33215,85428,55361
33216,85428,55362
33217,85428,55363
33218,85428,55364
33219,85428,55365
33220,85428,55366
33221,85428,55367
33222,85428,55368
33223,85428,55369
33224,85428,55370
33225,85428,55371
33226,85428,55372
33227,85428,55373
33228,85428,55374
33229,85428,55375
33230,85428,55376
33231,85428,55377
33232,85428,55378
33233,85428,55379
33234,85428,55380
33235,85428,55381
33236,85428,55382
33237,85428,55383
33238,85428,55384
33239,85428,55385
33240,85428,55386
33241,85428,55387
33242,85428,55388
33243,85428,55389
33244,85428,55390
33245,85428,55391
33246,85428,55392
33247,85428,55393
33248,85428,55394
33249,85428,55395
33250,85428,55396
33251,85428,55397
33252,85428,55398
33253,85428,55399
33254,85428,55400
33255,85428,55401
33256,85428,55402
33257,85428,55403
33258,85428,55404
33259,85428,55405
33260,85428,55406
33261,85428,55407
33262,85428,55408
33263,85428,55409
33264,85428,55410
33265,85428,55411
33266,85428,55412
33267,85428,55413
33268,85428,55414
33269,85428,55415
33270,85428,55416
33271,85428,55417
33272,85428,55418
33273,85428,55419
33274,85428,55420
33275,85428,55421
33276,85428,55422
33277,85428,55423
33278,85428,55424
33279,85428,55425
33280,85428,55426
33281,85428,55427
33282,85428,55428
33283,85428,55429
33284,85428,55430
33285,85428,55431
33286,85428,55432
33287,85428,55433
33288,85428,55434
33289,85428,55435
33290,85428,55436
33291,85428,55437
33292,85428,55438
33293,85428,55439
33294,85428,55440
33295,85428,55441
33296,85428,55442
33297,85428,55443
33298,85428,55444
33299,85428,55445
33300,85428,55446
33301,85428,55447
33302,85428,55448
33303,85428,55449
33304,85428,55450
33305,85428,55451
33306,85428,55452
33307,85428,55453
33308,85428,55454
33309,85428,55455
33310,85428,55456
33311,85428,55457
33312,85428,55458
33313,85428,55459
33314,85428,55460
33315,85428,55461
33316,85428,55462
33317,85428,55463
33318,85428,55464
33319,85428,55465
33320,85428,55466
33321,85428,55467
33322,85428,55468
33323,85428,55469
33324,85428,55470
33325,85428,55471
33326,85428,55472
33327,85428,55473
33328,85428,55474
33329,85428,55475
33330,85428,55476
33331,85428,55477
33332,85428,55478
33333,85428,55479
33334,85428,55480
33335,85428,55481
33336,85428,55482
33337,85428,55483
33338,85428,55484
33339,85428,55485
33340,85428,55486
33341,85428,55487
33342,85428,55488
33343,85428,55489
33344,85428,55490
33345,85428,55491
33346,85428,55492
33347,85428,55493
33348,85428,55494
33349,85428,55495
33350,85428,55496
33351,85428,55497
33352,85428,55498
33353,85428,55499
33354,85428,55500
33355,85428,55501
33356,85428,55502
33357,85428,55503
33358,85428,55504
33359,85428,55505
33360,85428,55506
33361,85428,55507
33362,85428,55508
33363,85428,55509
33364,85428,55510
33365,85428,55511
33366,85428,55512
33367,85428,55513
33368,85428,55514
33369,85428,55515
33370,85428,55516
33371,85428,55517
33372,85428,55518
33373,85428,55519
33374,85428,55520
33375,85428,55521
33376,85428,55522
33377,85428,55523
33378,85429,55320
33379,85429,55321
33380,85429,55322
33381,85429,55323
33382,85429,55324
33383,85429,55325
33384,85429,55326
33385,85429,55327
33386,85429,55328
33387,85429,55329
33388,85429,55330
33389,85429,55331
33390,85429,55332
33391,85429,55333
33392,85429,55334
33393,85429,55335
33394,85429,55336
33395,85429,55337
33396,85429,55338
33397,85429,55339
33398,85429,55340
33399,85429,55341
33400,85429,55342
33401,85429,55343
33402,85429,55344
33403,85429,55345
33404,85429,55346
33405,85429,55347
33406,85429,55348
33407,85429,55349
33408,85429,55350
33409,85429,55351
33410,85429,55352
33411,85429,55353
33412,85429,55354
33413,85429,55355
33414,85429,55356
33415,85429,55357
33416,85429,55358
33417,85429,55359
33418,85429,55360
33419,85429,55361
33420,85429,55362
33421,85429,55363
33422,85429,55364
33423,85429,55365
33424,85429,55366
33425,85429,55367
33426,85429,55368
33427,85429,55369
33428,85429,55370
33429,85429,55371
33430,85429,55372
33431,85429,55373
33432,85429,55374
33433,85429,55375
33434,85429,55376
33435,85429,55377
33436,85429,55378
33437,85429,55379
33438,85429,55380
33439,85429,55381
33440,85429,55382
33441,85429,55383
33442,85429,55384
33443,85429,55385
33444,85429,55386
33445,85429,55387
33446,85429,55388
33447,85429,55389
33448,85429,55390
33449,85429,55391
33450,85429,55392
33451,85429,55393
33452,85429,55394
33453,85429,55395
33454,85429,55396
33455,85429,55397
33456,85429,55398
33457,85429,55399
33458,85429,55400
33459,85429,55401
33460,85429,55402
33461,85429,55403
33462,85429,55404
33463,85429,55405
33464,85429,55406
33465,85429,55407
33466,85429,55408
33467,85429,55409
33468,85429,55410
33469,85429,55411
33470,85429,55412
33471,85429,55413
33472,85429,55414
33473,85429,55415
33474,85429,55416
33475,85429,55417
33476,85429,55418
33477,85429,55419
33478,85429,55420
33479,85429,55421
33480,85429,55422
33481,85429,55423
33482,85429,55424
33483,85429,55425
33484,85429,55426
33485,85429,55427
33486,85429,55428
33487,85429,55429
33488,85429,55430
33489,85429,55431
33490,85429,55432
33491,85429,55433
33492,85429,55434
33493,85429,55435
33494,85429,55436
33495,85429,55437
33496,85429,55438
33497,85429,55439
33498,85429,55440
33499,85429,55441
33500,85429,55442
33501,85429,55443
33502,85429,55444
33503,85429,55445
33504,85429,55446
33505,85429,55447
33506,85429,55448
33507,85429,55449
33508,85429,55450
33509,85429,55451
33510,85429,55452
33511,85429,55453
33512,85429,55454
33513,85429,55455
33514,85429,55456
33515,85429,55457
33516,85429,55458
33517,85429,55459
33518,85429,55460
33519,85429,55461
33520,85429,55462
33521,85429,55463
33522,85429,55464
33523,85429,55465
33524,85429,55466
33525,85429,55467
33526,85429,55468
33527,85429,55469
33528,85429,55470
33529,85429,55471
33530,85429,55472
33531,85429,55473
33532,85429,55474
33533,85429,55475
33534,85429,55476
33535,85429,55477
33536,85429,55478
33537,85429,55479
33538,85429,55480
33539,85429,55481
33540,85429,55482
33541,85429,55483
33542,85429,55484
33543,85429,55485
33544,85429,55486
33545,85429,55487
33546,85429,55488
33547,85429,55489
33548,85429,55490
33549,85429,55491
33550,85429,55492
33551,85429,55493
33552,85429,55494
33553,85429,55495
33554,85429,55496
33555,85429,55497
33556,85429,55498
33557,85429,55499
33558,85429,55500
33559,85429,55501
33560,85429,55502
33561,85429,55503
33562,85429,55504
33563,85429,55505
33564,85429,55506
33565,85429,55507
33566,85429,55508
33567,85429,55509
33568,85429,55510
33569,85429,55511
33570,85429,55512
33571,85429,55513
33572,85429,55514
33573,85429,55515
33574,85429,55516
33575,85429,55517
33576,85429,55518
33577,85429,55519
33578,85429,55520
33579,85429,55521
33580,85429,55522
33581,85430,55320
33582,85430,55321
33583,85430,55322
33584,85430,55323
33585,85430,55324
33586,85430,55325
33587,85430,55326
33588,85430,55327
33589,85430,55328
33590,85430,55329
33591,85430,55330
33592,85430,55331
33593,85430,55332
33594,85430,55333
33595,85430,55334
33596,85430,55335
33597,85430,55336
33598,85430,55337
33599,85430,55338
33600,85430,55339
33601,85430,55340
33602,85430,55341
33603,85430,55342
33604,85430,55343
33605,85430,55344
33606,85430,55345
33607,85430,55346
33608,85430,55347
33609,85430,55348
33610,85430,55349
33611,85430,55350
33612,85430,55351
33613,85430,55352
33614,85430,55353
33615,85430,55354
33616,85430,55355
33617,85430,55356
33618,85430,55357
33619,85430,55358
33620,85430,55359
33621,85430,55360
33622,85430,55361
33623,85430,55362
33624,85430,55363
33625,85430,55364
33626,85430,55365
33627,85430,55366
33628,85430,55367
33629,85430,55368
33630,85430,55369
33631,85430,55370
33632,85430,55371
33633,85430,55372
33634,85430,55373
33635,85430,55374
33636,85430,55375
33637,85430,55376
33638,85430,55377
33639,85430,55378
33640,85430,55379
33641,85430,55380
33642,85430,55381
33643,85430,55382
33644,85430,55383
33645,85430,55384
33646,85430,55385
33647,85430,55386
33648,85430,55387
33649,85430,55388
33650,85430,55389
33651,85430,55390
33652,85430,55391
33653,85430,55392
33654,85430,55393
33655,85430,55394
33656,85430,55395
33657,85430,55396
33658,85430,55397
33659,85430,55398
33660,85430,55399
33661,85430,55400
33662,85430,55401
33663,85430,55402
33664,85430,55403
33665,85430,55404
33666,85430,55405
33667,85430,55406
33668,85430,55407
33669,85430,55408
33670,85430,55409
33671,85430,55410
33672,85430,55411
33673,85430,55412
33674,85430,55413
33675,85430,55414
33676,85430,55415
33677,85430,55416
33678,85430,55417
33679,85430,55418
33680,85430,55419
33681,85430,55420
33682,85430,55421
33683,85430,55422
33684,85430,55423
33685,85430,55424
33686,85430,55425
33687,85430,55426
33688,85430,55427
33689,85430,55428
33690,85430,55429
33691,85430,55430
33692,85430,55431
33693,85430,55432
33694,85430,55433
33695,85430,55434
33696,85430,55435
33697,85430,55436
33698,85430,55437
33699,85430,55438
33700,85430,55439
33701,85430,55440
33702,85430,55441
33703,85430,55442
33704,85430,55443
33705,85430,55444
33706,85430,55445
33707,85430,55446
33708,85430,55447
33709,85430,55448
33710,85430,55449
33711,85430,55450
33712,85430,55451
33713,85430,55452
33714,85430,55453
33715,85430,55454
33716,85430,55455
33717,85430,55456
33718,85430,55457
33719,85430,55458
33720,85430,55459
33721,85430,55460
33722,85430,55461
33723,85430,55462
33724,85430,55463
33725,85430,55464
33726,85430,55465
33727,85430,55466
33728,85430,55467
33729,85430,55468
33730,85430,55469
33731,85430,55470
33732,85430,55471
33733,85430,55472
33734,85430,55473
33735,85430,55474
33736,85430,55475
33737,85430,55476
33738,85430,55477
33739,85430,55478
33740,85430,55479
33741,85430,55480
33742,85430,55481
33743,85430,55482
33744,85430,55483
33745,85430,55484
33746,85430,55485
33747,85430,55486
33748,85430,55487
33749,85430,55488
33750,85430,55489
33751,85430,55490
33752,85430,55491
33753,85430,55492
33754,85430,55493
33755,85430,55494
33756,85430,55495
33757,85430,55496
33758,85430,55497
33759,85430,55498
33760,85430,55499
33761,85430,55500
33762,85430,55501
33763,85430,55502
33764,85430,55503
33765,85430,55504
33766,85430,55505
33767,85430,55506
33768,85430,55507
33769,85430,55508
33770,85430,55509
33771,85430,55510
33772,85430,55511
33773,85430,55512
33774,85430,55513
33775,85430,55514
33776,85430,55515
33777,85430,55516
33778,85430,55517
33779,85430,55518
33780,85430,55519
33781,85430,55520
33782,85430,55521
33783,85430,55522
33784,85431,55320
33785,85431,55321
33786,85431,55322
33787,85431,55323
33788,85431,55324
33789,85431,55325
33790,85431,55326
33791,85431,55327
33792,85431,55328
33793,85431,55329
33794,85431,55330
33795,85431,55331
33796,85431,55332
33797,85431,55333
33798,85431,55334
33799,85431,55335
33800,85431,55336
33801,85431,55337
33802,85431,55338
33803,85431,55339
33804,85431,55340
33805,85431,55341
33806,85431,55342
33807,85431,55343
33808,85431,55344
33809,85431,55345
33810,85431,55346
33811,85431,55347
33812,85431,55348
33813,85431,55349
33814,85431,55350
33815,85431,55351
33816,85431,55352
33817,85431,55353
33818,85431,55354
33819,85431,55355
33820,85431,55356
33821,85431,55357
33822,85431,55358
33823,85431,55359
33824,85431,55360
33825,85431,55361
33826,85431,55362
33827,85431,55363
33828,85431,55364
33829,85431,55365
33830,85431,55366
33831,85431,55367
33832,85431,55368
33833,85431,55369
33834,85431,55370
33835,85431,55371
33836,85431,55372
33837,85431,55373
33838,85431,55374
33839,85431,55375
33840,85431,55376
33841,85431,55377
33842,85431,55378
33843,85431,55379
33844,85431,55380
33845,85431,55381
33846,85431,55382
33847,85431,55383
33848,85431,55384
33849,85431,55385
33850,85431,55386
33851,85431,55387
33852,85431,55388
33853,85431,55389
33854,85431,55390
33855,85431,55391
33856,85431,55392
33857,85431,55393
33858,85431,55394
33859,85431,55395
33860,85431,55396
33861,85431,55397
33862,85431,55398
33863,85431,55399
33864,85431,55400
33865,85431,55401
33866,85431,55402
33867,85431,55403
33868,85431,55404
33869,85431,55405
33870,85431,55406
33871,85431,55407
33872,85431,55408
33873,85431,55409
33874,85431,55410
33875,85431,55411
33876,85431,55412
33877,85431,55413
33878,85431,55414
33879,85431,55415
33880,85431,55416
33881,85431,55417
33882,85431,55418
33883,85431,55419
33884,85431,55420
33885,85431,55421
33886,85431,55422
33887,85431,55423
33888,85431,55424
33889,85431,55425
33890,85431,55426
33891,85431,55427
33892,85431,55428
33893,85431,55429
33894,85431,55430
33895,85431,55431
33896,85431,55432
33897,85431,55433
33898,85431,55434
33899,85431,55435
33900,85431,55436
33901,85431,55437
33902,85431,55438
33903,85431,55439
33904,85431,55440
33905,85431,55441
33906,85431,55442
33907,85431,55443
33908,85431,55444
33909,85431,55445
33910,85431,55446
33911,85431,55447
33912,85431,55448
33913,85431,55449
33914,85431,55450
33915,85431,55451
33916,85431,55452
33917,85431,55453
33918,85431,55454
33919,85431,55455
33920,85431,55456
33921,85431,55457
33922,85431,55458
33923,85431,55459
33924,85431,55460
33925,85431,55461
33926,85431,55462
33927,85431,55463
33928,85431,55464
33929,85431,55465
33930,85431,55466
33931,85431,55467
33932,85431,55468
33933,85431,55469
33934,85431,55470
33935,85431,55471
33936,85431,55472
33937,85431,55473
33938,85431,55474
33939,85431,55475
33940,85431,55476
33941,85431,55477
33942,85431,55478
33943,85431,55479
33944,85431,55480
33945,85431,55481
33946,85431,55482
33947,85431,55483
33948,85431,55484
33949,85431,55485
33950,85431,55486
33951,85431,55487
33952,85431,55488
33953,85431,55489
33954,85431,55490
33955,85431,55491
33956,85431,55492
33957,85431,55493
33958,85431,55494
33959,85431,55495
33960,85431,55496
33961,85431,55497
33962,85431,55498
33963,85431,55499
33964,85431,55500
33965,85431,55501
33966,85431,55502
33967,85431,55503
33968,85431,55504
33969,85431,55505
33970,85431,55506
33971,85431,55507
33972,85431,55508
33973,85431,55509
33974,85431,55510
33975,85431,55511
33976,85431,55512
33977,85431,55513
33978,85431,55514
33979,85431,55515
33980,85431,55516
33981,85431,55517
33982,85431,55518
33983,85431,55519
33984,85431,55520
33985,85431,55521
33986,85431,55522
33987,85432,55320
33988,85432,55321
33989,85432,55322
33990,85432,55323
33991,85432,55324
33992,85432,55325
33993,85432,55326
33994,85432,55327
33995,85432,55328
33996,85432,55329
33997,85432,55330
33998,85432,55331
33999,85432,55332
34000,85432,55333
34001,85432,55334
34002,85432,55335
34003,85432,55336
34004,85432,55337
34005,85432,55338
34006,85432,55339
34007,85432,55340
34008,85432,55341
34009,85432,55342
34010,85432,55343
34011,85432,55344
34012,85432,55345
34013,85432,55346
34014,85432,55347
34015,85432,55348
34016,85432,55349
34017,85432,55350
34018,85432,55351
34019,85432,55352
34020,85432,55353
34021,85432,55354
34022,85432,55355
34023,85432,55356
34024,85432,55357
34025,85432,55358
34026,85432,55359
34027,85432,55360
34028,85432,55361
34029,85432,55362
34030,85432,55363
34031,85432,55364
34032,85432,55365
34033,85432,55366
34034,85432,55367
34035,85432,55368
34036,85432,55369
34037,85432,55370
34038,85432,55371
34039,85432,55372
34040,85432,55373
34041,85432,55374
34042,85432,55375
34043,85432,55376
34044,85432,55377
34045,85432,55378
34046,85432,55379
34047,85432,55380
34048,85432,55381
34049,85432,55382
34050,85432,55383
34051,85432,55384
34052,85432,55385
34053,85432,55386
34054,85432,55387
34055,85432,55388
34056,85432,55389
34057,85432,55390
34058,85432,55391
34059,85432,55392
34060,85432,55393
34061,85432,55394
34062,85432,55395
34063,85432,55396
34064,85432,55397
34065,85432,55398
34066,85432,55399
34067,85432,55400
34068,85432,55401
34069,85432,55402
34070,85432,55403
34071,85432,55404
34072,85432,55405
34073,85432,55406
34074,85432,55407
34075,85432,55408
34076,85432,55409
34077,85432,55410
34078,85432,55411
34079,85432,55412
34080,85432,55413
34081,85432,55414
34082,85432,55415
34083,85432,55416
34084,85432,55417
34085,85432,55418
34086,85432,55419
34087,85432,55420
34088,85432,55421
34089,85432,55422
34090,85432,55423
34091,85432,55424
34092,85432,55425
34093,85432,55426
34094,85432,55427
34095,85432,55428
34096,85432,55429
34097,85432,55430
34098,85432,55431
34099,85432,55432
34100,85432,55433
34101,85432,55434
34102,85432,55435
34103,85432,55436
34104,85432,55437
34105,85432,55438
34106,85432,55439
34107,85432,55440
34108,85432,55441
34109,85432,55442
34110,85432,55443
34111,85432,55444
34112,85432,55445
34113,85432,55446
34114,85432,55447
34115,85432,55448
34116,85432,55449
34117,85432,55450
34118,85432,55451
34119,85432,55452
34120,85432,55453
34121,85432,55454
34122,85432,55455
34123,85432,55456
34124,85432,55457
34125,85432,55458
34126,85432,55459
34127,85432,55460
34128,85432,55461
34129,85432,55462
34130,85432,55463
34131,85432,55464
34132,85432,55465
34133,85432,55466
34134,85432,55467
34135,85432,55468
34136,85432,55469
34137,85432,55470
34138,85432,55471
34139,85432,55472
34140,85432,55473
34141,85432,55474
34142,85432,55475
34143,85432,55476
34144,85432,55477
34145,85432,55478
34146,85432,55479
34147,85432,55480
34148,85432,55481
34149,85432,55482
34150,85432,55483
34151,85432,55484
34152,85432,55485
34153,85432,55486
34154,85432,55487
34155,85432,55488
34156,85432,55489
34157,85432,55490
34158,85432,55491
34159,85432,55492
34160,85432,55493
34161,85432,55494
34162,85432,55495
34163,85432,55496
34164,85432,55497
34165,85432,55498
34166,85432,55499
34167,85432,55500
34168,85432,55501
34169,85432,55502
34170,85432,55503
34171,85432,55504
34172,85432,55505
34173,85432,55506
34174,85432,55507
34175,85432,55508
34176,85432,55509
34177,85432,55510
34178,85432,55511
34179,85432,55512
34180,85432,55513
34181,85432,55514
34182,85432,55515
34183,85432,55516
34184,85432,55517
34185,85432,55518
34186,85432,55519
34187,85432,55520
34188,85432,55521
34189,85432,55522
34190,85433,55320
34191,85433,55321
34192,85433,55322
34193,85433,55323
34194,85433,55324
34195,85433,55325
34196,85433,55326
34197,85433,55327
34198,85433,55328
34199,85433,55329
34200,85433,55330
34201,85433,55331
34202,85433,55332
34203,85433,55333
34204,85433,55334
34205,85433,55335
34206,85433,55336
34207,85433,55337
34208,85433,55338
34209,85433,55339
34210,85433,55340
34211,85433,55341
34212,85433,55342
34213,85433,55343
34214,85433,55344
34215,85433,55345
34216,85433,55346
34217,85433,55347
34218,85433,55348
34219,85433,55349
34220,85433,55350
34221,85433,55351
34222,85433,55352
34223,85433,55353
34224,85433,55354
34225,85433,55355
34226,85433,55356
34227,85433,55357
34228,85433,55358
34229,85433,55359
34230,85433,55360
34231,85433,55361
34232,85433,55362
34233,85433,55363
34234,85433,55364
34235,85433,55365
34236,85433,55366
34237,85433,55367
34238,85433,55368
34239,85433,55369
34240,85433,55370
34241,85433,55371
34242,85433,55372
34243,85433,55373
34244,85433,55374
34245,85433,55375
34246,85433,55376
34247,85433,55377
34248,85433,55378
34249,85433,55379
34250,85433,55380
34251,85433,55381
34252,85433,55382
34253,85433,55383
34254,85433,55384
34255,85433,55385
34256,85433,55386
34257,85433,55387
34258,85433,55388
34259,85433,55389
34260,85433,55390
34261,85433,55391
34262,85433,55392
34263,85433,55393
34264,85433,55394
34265,85433,55395
34266,85433,55396
34267,85433,55397
34268,85433,55398
34269,85433,55399
34270,85433,55400
34271,85433,55401
34272,85433,55402
34273,85433,55403
34274,85433,55404
34275,85433,55405
34276,85433,55406
34277,85433,55407
34278,85433,55408
34279,85433,55409
34280,85433,55410
34281,85433,55411
34282,85433,55412
34283,85433,55413
34284,85433,55414
34285,85433,55415
34286,85433,55416
34287,85433,55417
34288,85433,55418
34289,85433,55419
34290,85433,55420
34291,85433,55421
34292,85433,55422
34293,85433,55423
34294,85433,55424
34295,85433,55425
34296,85433,55426
34297,85433,55427
34298,85433,55428
34299,85433,55429
34300,85433,55430
34301,85433,55431
34302,85433,55432
34303,85433,55433
34304,85433,55434
34305,85433,55435
34306,85433,55436
34307,85433,55437
34308,85433,55438
34309,85433,55439
34310,85433,55440
34311,85433,55441
34312,85433,55442
34313,85433,55443
34314,85433,55444
34315,85433,55445
34316,85433,55446
34317,85433,55447
34318,85433,55448
34319,85433,55449
34320,85433,55450
34321,85433,55451
34322,85433,55452
34323,85433,55453
34324,85433,55454
34325,85433,55455
34326,85433,55456
34327,85433,55457
34328,85433,55458
34329,85433,55459
34330,85433,55460
34331,85433,55461
34332,85433,55462
34333,85433,55463
34334,85433,55464
34335,85433,55465
34336,85433,55466
34337,85433,55467
34338,85433,55468
34339,85433,55469
34340,85433,55470
34341,85433,55471
34342,85433,55472
34343,85433,55473
34344,85433,55474
34345,85433,55475
34346,85433,55476
34347,85433,55477
34348,85433,55478
34349,85433,55479
34350,85433,55480
34351,85433,55481
34352,85433,55482
34353,85433,55483
34354,85433,55484
34355,85433,55485
34356,85433,55486
34357,85433,55487
34358,85433,55488
34359,85433,55489
34360,85433,55490
34361,85433,55491
34362,85433,55492
34363,85433,55493
34364,85433,55494
34365,85433,55495
34366,85433,55496
34367,85433,55497
34368,85433,55498
34369,85433,55499
34370,85433,55500
34371,85433,55501
34372,85433,55502
34373,85433,55503
34374,85433,55504
34375,85433,55505
34376,85433,55506
34377,85433,55507
34378,85433,55508
34379,85433,55509
34380,85433,55510
34381,85433,55511
34382,85433,55512
34383,85433,55513
34384,85433,55514
34385,85433,55515
34386,85433,55516
34387,85433,55517
34388,85433,55518
34389,85433,55519
34390,85433,55520
34391,85433,55521
34392,85433,55522
34393,85434,55320
34394,85434,55321
34395,85434,55322
34396,85434,55323
34397,85434,55324
34398,85434,55325
34399,85434,55326
34400,85434,55327
34401,85434,55328
34402,85434,55329
34403,85434,55330
34404,85434,55331
34405,85434,55332
34406,85434,55333
34407,85434,55334
34408,85434,55335
34409,85434,55336
34410,85434,55337
34411,85434,55338
34412,85434,55339
34413,85434,55340
34414,85434,55341
34415,85434,55342
34416,85434,55343
34417,85434,55344
34418,85434,55345
34419,85434,55346
34420,85434,55347
34421,85434,55348
34422,85434,55349
34423,85434,55350
34424,85434,55351
34425,85434,55352
34426,85434,55353
34427,85434,55354
34428,85434,55355
34429,85434,55356
34430,85434,55357
34431,85434,55358
34432,85434,55359
34433,85434,55360
34434,85434,55361
34435,85434,55362
34436,85434,55363
34437,85434,55364
34438,85434,55365
34439,85434,55366
34440,85434,55367
34441,85434,55368
34442,85434,55369
34443,85434,55370
34444,85434,55371
34445,85434,55372
34446,85434,55373
34447,85434,55374
34448,85434,55375
34449,85434,55376
34450,85434,55377
34451,85434,55378
34452,85434,55379
34453,85434,55380
34454,85434,55381
34455,85434,55382
34456,85434,55383
34457,85434,55384
34458,85434,55385
34459,85434,55386
34460,85434,55387
34461,85434,55388
34462,85434,55389
34463,85434,55390
34464,85434,55391
34465,85434,55392
34466,85434,55393
34467,85434,55394
34468,85434,55395
34469,85434,55396
34470,85434,55397
34471,85434,55398
34472,85434,55399
34473,85434,55400
34474,85434,55401
34475,85434,55402
34476,85434,55403
34477,85434,55404
34478,85434,55405
34479,85434,55406
34480,85434,55407
34481,85434,55408
34482,85434,55409
34483,85434,55410
34484,85434,55411
34485,85434,55412
34486,85434,55413
34487,85434,55414
34488,85434,55415
34489,85434,55416
34490,85434,55417
34491,85434,55418
34492,85434,55419
34493,85434,55420
34494,85434,55421
34495,85434,55422
34496,85434,55423
34497,85434,55424
34498,85434,55425
34499,85434,55426
34500,85434,55427
34501,85434,55428
34502,85434,55429
34503,85434,55430
34504,85434,55431
34505,85434,55432
34506,85434,55433
34507,85434,55434
34508,85434,55435
34509,85434,55436
34510,85434,55437
34511,85434,55438
34512,85434,55439
34513,85434,55440
34514,85434,55441
34515,85434,55442
34516,85434,55443
34517,85434,55444
34518,85434,55445
34519,85434,55446
34520,85434,55447
34521,85434,55448
34522,85434,55449
34523,85434,55450
34524,85434,55451
34525,85434,55452
34526,85434,55453
34527,85434,55454
34528,85434,55455
34529,85434,55456
34530,85434,55457
34531,85434,55458
34532,85434,55459
34533,85434,55460
34534,85434,55461
34535,85434,55462
34536,85434,55463
34537,85434,55464
34538,85434,55465
34539,85434,55466
34540,85434,55467
34541,85434,55468
34542,85434,55469
34543,85434,55470
34544,85434,55471
34545,85434,55472
34546,85434,55473
34547,85434,55474
34548,85434,55475
34549,85434,55476
34550,85434,55477
34551,85434,55478
34552,85434,55479
34553,85434,55480
34554,85434,55481
34555,85434,55482
34556,85434,55483
34557,85434,55484
34558,85434,55485
34559,85434,55486
34560,85434,55487
34561,85434,55488
34562,85434,55489
34563,85434,55490
34564,85434,55491
34565,85434,55492
34566,85434,55493
34567,85434,55494
34568,85434,55495
34569,85434,55496
34570,85434,55497
34571,85434,55498
34572,85434,55499
34573,85434,55500
34574,85434,55501
34575,85434,55502
34576,85434,55503
34577,85434,55504
34578,85434,55505
34579,85434,55506
34580,85434,55507
34581,85434,55508
34582,85434,55509
34583,85434,55510
34584,85434,55511
34585,85434,55512
34586,85434,55513
34587,85434,55514
34588,85434,55515
34589,85434,55516
34590,85434,55517
34591,85434,55518
34592,85434,55519
34593,85434,55520
34594,85434,55521
34595,85435,55320
34596,85435,55321
34597,85435,55322
34598,85435,55323
34599,85435,55324
34600,85435,55325
34601,85435,55326
34602,85435,55327
34603,85435,55328
34604,85435,55329
34605,85435,55330
34606,85435,55331
34607,85435,55332
34608,85435,55333
34609,85435,55334
34610,85435,55335
34611,85435,55336
34612,85435,55337
34613,85435,55338
34614,85435,55339
34615,85435,55340
34616,85435,55341
34617,85435,55342
34618,85435,55343
34619,85435,55344
34620,85435,55345
34621,85435,55346
34622,85435,55347
34623,85435,55348
34624,85435,55349
34625,85435,55350
34626,85435,55351
34627,85435,55352
34628,85435,55353
34629,85435,55354
34630,85435,55355
34631,85435,55356
34632,85435,55357
34633,85435,55358
34634,85435,55359
34635,85435,55360
34636,85435,55361
34637,85435,55362
34638,85435,55363
34639,85435,55364
34640,85435,55365
34641,85435,55366
34642,85435,55367
34643,85435,55368
34644,85435,55369
34645,85435,55370
34646,85435,55371
34647,85435,55372
34648,85435,55373
34649,85435,55374
34650,85435,55375
34651,85435,55376
34652,85435,55377
34653,85435,55378
34654,85435,55379
34655,85435,55380
34656,85435,55381
34657,85435,55382
34658,85435,55383
34659,85435,55384
34660,85435,55385
34661,85435,55386
34662,85435,55387
34663,85435,55388
34664,85435,55389
34665,85435,55390
34666,85435,55391
34667,85435,55392
34668,85435,55393
34669,85435,55394
34670,85435,55395
34671,85435,55396
34672,85435,55397
34673,85435,55398
34674,85435,55399
34675,85435,55400
34676,85435,55401
34677,85435,55402
34678,85435,55403
34679,85435,55404
34680,85435,55405
34681,85435,55406
34682,85435,55407
34683,85435,55408
34684,85435,55409
34685,85435,55410
34686,85435,55411
34687,85435,55412
34688,85435,55413
34689,85435,55414
34690,85435,55415
34691,85435,55416
34692,85435,55417
34693,85435,55418
34694,85435,55419
34695,85435,55420
34696,85435,55421
34697,85435,55422
34698,85435,55423
34699,85435,55424
34700,85435,55425
34701,85435,55426
34702,85435,55427
34703,85435,55428
34704,85435,55429
34705,85435,55430
34706,85435,55431
34707,85435,55432
34708,85435,55433
34709,85435,55434
34710,85435,55435
34711,85435,55436
34712,85435,55437
34713,85435,55438
34714,85435,55439
34715,85435,55440
34716,85435,55441
34717,85435,55442
34718,85435,55443
34719,85435,55444
34720,85435,55445
34721,85435,55446
34722,85435,55447
34723,85435,55448
34724,85435,55449
34725,85435,55450
34726,85435,55451
34727,85435,55452
34728,85435,55453
34729,85435,55454
34730,85435,55455
34731,85435,55456
34732,85435,55457
34733,85435,55458
34734,85435,55459
34735,85435,55460
34736,85435,55461
34737,85435,55462
34738,85435,55463
34739,85435,55464
34740,85435,55465
34741,85435,55466
34742,85435,55467
34743,85435,55468
34744,85435,55469
34745,85435,55470
34746,85435,55471
34747,85435,55472
34748,85435,55473
34749,85435,55474
34750,85435,55475
34751,85435,55476
34752,85435,55477
34753,85435,55478
34754,85435,55479
34755,85435,55480
34756,85435,55481
34757,85435,55482
34758,85435,55483
34759,85435,55484
34760,85435,55485
34761,85435,55486
34762,85435,55487
34763,85435,55488
34764,85435,55489
34765,85435,55490
34766,85435,55491
34767,85435,55492
34768,85435,55493
34769,85435,55494
34770,85435,55495
34771,85435,55496
34772,85435,55497
34773,85435,55498
34774,85435,55499
34775,85435,55500
34776,85435,55501
34777,85435,55502
34778,85435,55503
34779,85435,55504
34780,85435,55505
34781,85435,55506
34782,85435,55507
34783,85435,55508
34784,85435,55509
34785,85435,55510
34786,85435,55511
34787,85435,55512
34788,85435,55513
34789,85435,55514
34790,85435,55515
34791,85435,55516
34792,85435,55517
34793,85435,55518
34794,85435,55519
34795,85435,55520
34796,85435,55521
34797,85436,55320
34798,85436,55321
34799,85436,55322
34800,85436,55323
34801,85436,55324
34802,85436,55325
34803,85436,55326
34804,85436,55327
34805,85436,55328
34806,85436,55329
34807,85436,55330
34808,85436,55331
34809,85436,55332
34810,85436,55333
34811,85436,55334
34812,85436,55335
34813,85436,55336
34814,85436,55337
34815,85436,55338
34816,85436,55339
34817,85436,55340
34818,85436,55341
34819,85436,55342
34820,85436,55343
34821,85436,55344
34822,85436,55345
34823,85436,55346
34824,85436,55347
34825,85436,55348
34826,85436,55349
34827,85436,55350
34828,85436,55351
34829,85436,55352
34830,85436,55353
34831,85436,55354
34832,85436,55355
34833,85436,55356
34834,85436,55357
34835,85436,55358
34836,85436,55359
34837,85436,55360
34838,85436,55361
34839,85436,55362
34840,85436,55363
34841,85436,55364
34842,85436,55365
34843,85436,55366
34844,85436,55367
34845,85436,55368
34846,85436,55369
34847,85436,55370
34848,85436,55371
34849,85436,55372
34850,85436,55373
34851,85436,55374
34852,85436,55375
34853,85436,55376
34854,85436,55377
34855,85436,55378
34856,85436,55379
34857,85436,55380
34858,85436,55381
34859,85436,55382
34860,85436,55383
34861,85436,55384
34862,85436,55385
34863,85436,55386
34864,85436,55387
34865,85436,55388
34866,85436,55389
34867,85436,55390
34868,85436,55391
34869,85436,55392
34870,85436,55393
34871,85436,55394
34872,85436,55395
34873,85436,55396
34874,85436,55397
34875,85436,55398
34876,85436,55399
34877,85436,55400
34878,85436,55401
34879,85436,55402
34880,85436,55403
34881,85436,55404
34882,85436,55405
34883,85436,55406
34884,85436,55407
34885,85436,55408
34886,85436,55409
34887,85436,55410
34888,85436,55411
34889,85436,55412
34890,85436,55413
34891,85436,55414
34892,85436,55415
34893,85436,55416
34894,85436,55417
34895,85436,55418
34896,85436,55419
34897,85436,55420
34898,85436,55421
34899,85436,55422
34900,85436,55423
34901,85436,55424
34902,85436,55425
34903,85436,55426
34904,85436,55427
34905,85436,55428
34906,85436,55429
34907,85436,55430
34908,85436,55431
34909,85436,55432
34910,85436,55433
34911,85436,55434
34912,85436,55435
34913,85436,55436
34914,85436,55437
34915,85436,55438
34916,85436,55439
34917,85436,55440
34918,85436,55441
34919,85436,55442
34920,85436,55443
34921,85436,55444
34922,85436,55445
34923,85436,55446
34924,85436,55447
34925,85436,55448
34926,85436,55449
34927,85436,55450
34928,85436,55451
34929,85436,55452
34930,85436,55453
34931,85436,55454
34932,85436,55455
34933,85436,55456
34934,85436,55457
34935,85436,55458
34936,85436,55459
34937,85436,55460
34938,85436,55461
34939,85436,55462
34940,85436,55463
34941,85436,55464
34942,85436,55465
34943,85436,55466
34944,85436,55467
34945,85436,55468
34946,85436,55469
34947,85436,55470
34948,85436,55471
34949,85436,55472
34950,85436,55473
34951,85436,55474
34952,85436,55475
34953,85436,55476
34954,85436,55477
34955,85436,55478
34956,85436,55479
34957,85436,55480
34958,85436,55481
34959,85436,55482
34960,85436,55483
34961,85436,55484
34962,85436,55485
34963,85436,55486
34964,85436,55487
34965,85436,55488
34966,85436,55489
34967,85436,55490
34968,85436,55491
34969,85436,55492
34970,85436,55493
34971,85436,55494
34972,85436,55495
34973,85436,55496
34974,85436,55497
34975,85436,55498
34976,85436,55499
34977,85436,55500
34978,85436,55501
34979,85436,55502
34980,85436,55503
34981,85436,55504
34982,85436,55505
34983,85436,55506
34984,85436,55507
34985,85436,55508
34986,85436,55509
34987,85436,55510
34988,85436,55511
34989,85436,55512
34990,85436,55513
34991,85436,55514
34992,85436,55515
34993,85436,55516
34994,85436,55517
34995,85436,55518
34996,85436,55519
34997,85436,55520
34998,85436,55521
34999,85437,55320
35000,85437,55321
35001,85437,55322
35002,85437,55323
35003,85437,55324
35004,85437,55325
35005,85437,55326
35006,85437,55327
35007,85437,55328
35008,85437,55329
35009,85437,55330
35010,85437,55331
35011,85437,55332
35012,85437,55333
35013,85437,55334
35014,85437,55335
35015,85437,55336
35016,85437,55337
35017,85437,55338
35018,85437,55339
35019,85437,55340
35020,85437,55341
35021,85437,55342
35022,85437,55343
35023,85437,55344
35024,85437,55345
35025,85437,55346
35026,85437,55347
35027,85437,55348
35028,85437,55349
35029,85437,55350
35030,85437,55351
35031,85437,55352
35032,85437,55353
35033,85437,55354
35034,85437,55355
35035,85437,55356
35036,85437,55357
35037,85437,55358
35038,85437,55359
35039,85437,55360
35040,85437,55361
35041,85437,55362
35042,85437,55363
35043,85437,55364
35044,85437,55365
35045,85437,55366
35046,85437,55367
35047,85437,55368
35048,85437,55369
35049,85437,55370
35050,85437,55371
35051,85437,55372
35052,85437,55373
35053,85437,55374
35054,85437,55375
35055,85437,55376
35056,85437,55377
35057,85437,55378
35058,85437,55379
35059,85437,55380
35060,85437,55381
35061,85437,55382
35062,85437,55383
35063,85437,55384
35064,85437,55385
35065,85437,55386
35066,85437,55387
35067,85437,55388
35068,85437,55389
35069,85437,55390
35070,85437,55391
35071,85437,55392
35072,85437,55393
35073,85437,55394
35074,85437,55395
35075,85437,55396
35076,85437,55397
35077,85437,55398
35078,85437,55399
35079,85437,55400
35080,85437,55401
35081,85437,55402
35082,85437,55403
35083,85437,55404
35084,85437,55405
35085,85437,55406
35086,85437,55407
35087,85437,55408
35088,85437,55409
35089,85437,55410
35090,85437,55411
35091,85437,55412
35092,85437,55413
35093,85437,55414
35094,85437,55415
35095,85437,55416
35096,85437,55417
35097,85437,55418
35098,85437,55419
35099,85437,55420
35100,85437,55421
35101,85437,55422
35102,85437,55423
35103,85437,55424
35104,85437,55425
35105,85437,55426
35106,85437,55427
35107,85437,55428
35108,85437,55429
35109,85437,55430
35110,85437,55431
35111,85437,55432
35112,85437,55433
35113,85437,55434
35114,85437,55435
35115,85437,55436
35116,85437,55437
35117,85437,55438
35118,85437,55439
35119,85437,55440
35120,85437,55441
35121,85437,55442
35122,85437,55443
35123,85437,55444
35124,85437,55445
35125,85437,55446
35126,85437,55447
35127,85437,55448
35128,85437,55449
35129,85437,55450
35130,85437,55451
35131,85437,55452
35132,85437,55453
35133,85437,55454
35134,85437,55455
35135,85437,55456
35136,85437,55457
35137,85437,55458
35138,85437,55459
35139,85437,55460
35140,85437,55461
35141,85437,55462
35142,85437,55463
35143,85437,55464
35144,85437,55465
35145,85437,55466
35146,85437,55467
35147,85437,55468
35148,85437,55469
35149,85437,55470
35150,85437,55471
35151,85437,55472
35152,85437,55473
35153,85437,55474
35154,85437,55475
35155,85437,55476
35156,85437,55477
35157,85437,55478
35158,85437,55479
35159,85437,55480
35160,85437,55481
35161,85437,55482
35162,85437,55483
35163,85437,55484
35164,85437,55485
35165,85437,55486
35166,85437,55487
35167,85437,55488
35168,85437,55489
35169,85437,55490
35170,85437,55491
35171,85437,55492
35172,85437,55493
35173,85437,55494
35174,85437,55495
35175,85437,55496
35176,85437,55497
35177,85437,55498
35178,85437,55499
35179,85437,55500
35180,85437,55501
35181,85437,55502
35182,85437,55503
35183,85437,55504
35184,85437,55505
35185,85437,55506
35186,85437,55507
35187,85437,55508
35188,85437,55509
35189,85437,55510
35190,85437,55511
35191,85437,55512
35192,85437,55513
35193,85437,55514
35194,85437,55515
35195,85437,55516
35196,85437,55517
35197,85437,55518
35198,85437,55519
35199,85437,55520
35200,85437,55521
35201,85438,55320
35202,85438,55321
35203,85438,55322
35204,85438,55323
35205,85438,55324
35206,85438,55325
35207,85438,55326
35208,85438,55327
35209,85438,55328
35210,85438,55329
35211,85438,55330
35212,85438,55331
35213,85438,55332
35214,85438,55333
35215,85438,55334
35216,85438,55335
35217,85438,55336
35218,85438,55337
35219,85438,55338
35220,85438,55339
35221,85438,55340
35222,85438,55341
35223,85438,55342
35224,85438,55343
35225,85438,55344
35226,85438,55345
35227,85438,55346
35228,85438,55347
35229,85438,55348
35230,85438,55349
35231,85438,55350
35232,85438,55351
35233,85438,55352
35234,85438,55353
35235,85438,55354
35236,85438,55355
35237,85438,55356
35238,85438,55357
35239,85438,55358
35240,85438,55359
35241,85438,55360
35242,85438,55361
35243,85438,55362
35244,85438,55363
35245,85438,55364
35246,85438,55365
35247,85438,55366
35248,85438,55367
35249,85438,55368
35250,85438,55369
35251,85438,55370
35252,85438,55371
35253,85438,55372
35254,85438,55373
35255,85438,55374
35256,85438,55375
35257,85438,55376
35258,85438,55377
35259,85438,55378
35260,85438,55379
35261,85438,55380
35262,85438,55381
35263,85438,55382
35264,85438,55383
35265,85438,55384
35266,85438,55385
35267,85438,55386
35268,85438,55387
35269,85438,55388
35270,85438,55389
35271,85438,55390
35272,85438,55391
35273,85438,55392
35274,85438,55393
35275,85438,55394
35276,85438,55395
35277,85438,55396
35278,85438,55397
35279,85438,55398
35280,85438,55399
35281,85438,55400
35282,85438,55401
35283,85438,55402
35284,85438,55403
35285,85438,55404
35286,85438,55405
35287,85438,55406
35288,85438,55407
35289,85438,55408
35290,85438,55409
35291,85438,55410
35292,85438,55411
35293,85438,55412
35294,85438,55413
35295,85438,55414
35296,85438,55415
35297,85438,55416
35298,85438,55417
35299,85438,55418
35300,85438,55419
35301,85438,55420
35302,85438,55421
35303,85438,55422
35304,85438,55423
35305,85438,55424
35306,85438,55425
35307,85438,55426
35308,85438,55427
35309,85438,55428
35310,85438,55429
35311,85438,55430
35312,85438,55431
35313,85438,55432
35314,85438,55433
35315,85438,55434
35316,85438,55435
35317,85438,55436
35318,85438,55437
35319,85438,55438
35320,85438,55439
35321,85438,55440
35322,85438,55441
35323,85438,55442
35324,85438,55443
35325,85438,55444
35326,85438,55445
35327,85438,55446
35328,85438,55447
35329,85438,55448
35330,85438,55449
35331,85438,55450
35332,85438,55451
35333,85438,55452
35334,85438,55453
35335,85438,55454
35336,85438,55455
35337,85438,55456
35338,85438,55457
35339,85438,55458
35340,85438,55459
35341,85438,55460
35342,85438,55461
35343,85438,55462
35344,85438,55463
35345,85438,55464
35346,85438,55465
35347,85438,55466
35348,85438,55467
35349,85438,55468
35350,85438,55469
35351,85438,55470
35352,85438,55471
35353,85438,55472
35354,85438,55473
35355,85438,55474
35356,85438,55475
35357,85438,55476
35358,85438,55477
35359,85438,55478
35360,85438,55479
35361,85438,55480
35362,85438,55481
35363,85438,55482
35364,85438,55483
35365,85438,55484
35366,85438,55485
35367,85438,55486
35368,85438,55487
35369,85438,55488
35370,85438,55489
35371,85438,55490
35372,85438,55491
35373,85438,55492
35374,85438,55493
35375,85438,55494
35376,85438,55495
35377,85438,55496
35378,85438,55497
35379,85438,55498
35380,85438,55499
35381,85438,55500
35382,85438,55501
35383,85438,55502
35384,85438,55503
35385,85438,55504
35386,85438,55505
35387,85438,55506
35388,85438,55507
35389,85438,55508
35390,85438,55509
35391,85438,55510
35392,85438,55511
35393,85438,55512
35394,85438,55513
35395,85438,55514
35396,85438,55515
35397,85438,55516
35398,85438,55517
35399,85438,55518
35400,85438,55519
35401,85438,55520
35402,85439,55320
35403,85439,55321
35404,85439,55322
35405,85439,55323
35406,85439,55324
35407,85439,55325
35408,85439,55326
35409,85439,55327
35410,85439,55328
35411,85439,55329
35412,85439,55330
35413,85439,55331
35414,85439,55332
35415,85439,55333
35416,85439,55334
35417,85439,55335
35418,85439,55336
35419,85439,55337
35420,85439,55338
35421,85439,55339
35422,85439,55340
35423,85439,55341
35424,85439,55342
35425,85439,55343
35426,85439,55344
35427,85439,55345
35428,85439,55346
35429,85439,55347
35430,85439,55348
35431,85439,55349
35432,85439,55350
35433,85439,55351
35434,85439,55352
35435,85439,55353
35436,85439,55354
35437,85439,55355
35438,85439,55356
35439,85439,55357
35440,85439,55358
35441,85439,55359
35442,85439,55360
35443,85439,55361
35444,85439,55362
35445,85439,55363
35446,85439,55364
35447,85439,55365
35448,85439,55366
35449,85439,55367
35450,85439,55368
35451,85439,55369
35452,85439,55370
35453,85439,55371
35454,85439,55372
35455,85439,55373
35456,85439,55374
35457,85439,55375
35458,85439,55376
35459,85439,55377
35460,85439,55378
35461,85439,55379
35462,85439,55380
35463,85439,55381
35464,85439,55382
35465,85439,55383
35466,85439,55384
35467,85439,55385
35468,85439,55386
35469,85439,55387
35470,85439,55388
35471,85439,55389
35472,85439,55390
35473,85439,55391
35474,85439,55392
35475,85439,55393
35476,85439,55394
35477,85439,55395
35478,85439,55396
35479,85439,55397
35480,85439,55398
35481,85439,55399
35482,85439,55400
35483,85439,55401
35484,85439,55402
35485,85439,55403
35486,85439,55404
35487,85439,55405
35488,85439,55406
35489,85439,55407
35490,85439,55408
35491,85439,55409
35492,85439,55410
35493,85439,55411
35494,85439,55412
35495,85439,55413
35496,85439,55414
35497,85439,55415
35498,85439,55416
35499,85439,55417
35500,85439,55418
35501,85439,55419
35502,85439,55420
35503,85439,55421
35504,85439,55422
35505,85439,55423
35506,85439,55424
35507,85439,55425
35508,85439,55426
35509,85439,55427
35510,85439,55428
35511,85439,55429
35512,85439,55430
35513,85439,55431
35514,85439,55432
35515,85439,55433
35516,85439,55434
35517,85439,55435
35518,85439,55436
35519,85439,55437
35520,85439,55438
35521,85439,55439
35522,85439,55440
35523,85439,55441
35524,85439,55442
35525,85439,55443
35526,85439,55444
35527,85439,55445
35528,85439,55446
35529,85439,55447
35530,85439,55448
35531,85439,55449
35532,85439,55450
35533,85439,55451
35534,85439,55452
35535,85439,55453
35536,85439,55454
35537,85439,55455
35538,85439,55456
35539,85439,55457
35540,85439,55458
35541,85439,55459
35542,85439,55460
35543,85439,55461
35544,85439,55462
35545,85439,55463
35546,85439,55464
35547,85439,55465
35548,85439,55466
35549,85439,55467
35550,85439,55468
35551,85439,55469
35552,85439,55470
35553,85439,55471
35554,85439,55472
35555,85439,55473
35556,85439,55474
35557,85439,55475
35558,85439,55476
35559,85439,55477
35560,85439,55478
35561,85439,55479
35562,85439,55480
35563,85439,55481
35564,85439,55482
35565,85439,55483
35566,85439,55484
35567,85439,55485
35568,85439,55486
35569,85439,55487
35570,85439,55488
35571,85439,55489
35572,85439,55490
35573,85439,55491
35574,85439,55492
35575,85439,55493
35576,85439,55494
35577,85439,55495
35578,85439,55496
35579,85439,55497
35580,85439,55498
35581,85439,55499
35582,85439,55500
35583,85439,55501
35584,85439,55502
35585,85439,55503
35586,85439,55504
35587,85439,55505
35588,85439,55506
35589,85439,55507
35590,85439,55508
35591,85439,55509
35592,85439,55510
35593,85439,55511
35594,85439,55512
35595,85439,55513
35596,85439,55514
35597,85439,55515
35598,85439,55516
35599,85439,55517
35600,85439,55518
35601,85439,55519
35602,85440,55320
35603,85440,55321
35604,85440,55322
35605,85440,55323
35606,85440,55324
35607,85440,55325
35608,85440,55326
35609,85440,55327
35610,85440,55328
35611,85440,55329
35612,85440,55330
35613,85440,55331
35614,85440,55332
35615,85440,55333
35616,85440,55334
35617,85440,55335
35618,85440,55336
35619,85440,55337
35620,85440,55338
35621,85440,55339
35622,85440,55340
35623,85440,55341
35624,85440,55342
35625,85440,55343
35626,85440,55344
35627,85440,55345
35628,85440,55346
35629,85440,55347
35630,85440,55348
35631,85440,55349
35632,85440,55350
35633,85440,55351
35634,85440,55352
35635,85440,55353
35636,85440,55354
35637,85440,55355
35638,85440,55356
35639,85440,55357
35640,85440,55358
35641,85440,55359
35642,85440,55360
35643,85440,55361
35644,85440,55362
35645,85440,55363
35646,85440,55364
35647,85440,55365
35648,85440,55366
35649,85440,55367
35650,85440,55368
35651,85440,55369
35652,85440,55370
35653,85440,55371
35654,85440,55372
35655,85440,55373
35656,85440,55374
35657,85440,55375
35658,85440,55376
35659,85440,55377
35660,85440,55378
35661,85440,55379
35662,85440,55380
35663,85440,55381
35664,85440,55382
35665,85440,55383
35666,85440,55384
35667,85440,55385
35668,85440,55386
35669,85440,55387
35670,85440,55388
35671,85440,55389
35672,85440,55390
35673,85440,55391
35674,85440,55392
35675,85440,55393
35676,85440,55394
35677,85440,55395
35678,85440,55396
35679,85440,55397
35680,85440,55398
35681,85440,55399
35682,85440,55400
35683,85440,55401
35684,85440,55402
35685,85440,55403
35686,85440,55404
35687,85440,55405
35688,85440,55406
35689,85440,55407
35690,85440,55408
35691,85440,55409
35692,85440,55410
35693,85440,55411
35694,85440,55412
35695,85440,55413
35696,85440,55414
35697,85440,55415
35698,85440,55416
35699,85440,55417
35700,85440,55418
35701,85440,55419
35702,85440,55420
35703,85440,55421
35704,85440,55422
35705,85440,55423
35706,85440,55424
35707,85440,55425
35708,85440,55426
35709,85440,55427
35710,85440,55428
35711,85440,55429
35712,85440,55430
35713,85440,55431
35714,85440,55432
35715,85440,55433
35716,85440,55434
35717,85440,55435
35718,85440,55436
35719,85440,55437
35720,85440,55438
35721,85440,55439
35722,85440,55440
35723,85440,55441
35724,85440,55442
35725,85440,55443
35726,85440,55444
35727,85440,55445
35728,85440,55446
35729,85440,55447
35730,85440,55448
35731,85440,55449
35732,85440,55450
35733,85440,55451
35734,85440,55452
35735,85440,55453
35736,85440,55454
35737,85440,55455
35738,85440,55456
35739,85440,55457
35740,85440,55458
35741,85440,55459
35742,85440,55460
35743,85440,55461
35744,85440,55462
35745,85440,55463
35746,85440,55464
35747,85440,55465
35748,85440,55466
35749,85440,55467
35750,85440,55468
35751,85440,55469
35752,85440,55470
35753,85440,55471
35754,85440,55472
35755,85440,55473
35756,85440,55474
35757,85440,55475
35758,85440,55476
35759,85440,55477
35760,85440,55478
35761,85440,55479
35762,85440,55480
35763,85440,55481
35764,85440,55482
35765,85440,55483
35766,85440,55484
35767,85440,55485
35768,85440,55486
35769,85440,55487
35770,85440,55488
35771,85440,55489
35772,85440,55490
35773,85440,55491
35774,85440,55492
35775,85440,55493
35776,85440,55494
35777,85440,55495
35778,85440,55496
35779,85440,55497
35780,85440,55498
35781,85440,55499
35782,85440,55500
35783,85440,55501
35784,85440,55502
35785,85440,55503
35786,85440,55504
35787,85440,55505
35788,85440,55506
35789,85440,55507
35790,85440,55508
35791,85440,55509
35792,85440,55510
35793,85440,55511
35794,85440,55512
35795,85440,55513
35796,85440,55514
35797,85440,55515
35798,85440,55516
35799,85440,55517
35800,85440,55518
35801,85440,55519
35802,85441,55320
35803,85441,55321
35804,85441,55322
35805,85441,55323
35806,85441,55324
35807,85441,55325
35808,85441,55326
35809,85441,55327
35810,85441,55328
35811,85441,55329
35812,85441,55330
35813,85441,55331
35814,85441,55332
35815,85441,55333
35816,85441,55334
35817,85441,55335
35818,85441,55336
35819,85441,55337
35820,85441,55338
35821,85441,55339
35822,85441,55340
35823,85441,55341
35824,85441,55342
35825,85441,55343
35826,85441,55344
35827,85441,55345
35828,85441,55346
35829,85441,55347
35830,85441,55348
35831,85441,55349
35832,85441,55350
35833,85441,55351
35834,85441,55352
35835,85441,55353
35836,85441,55354
35837,85441,55355
35838,85441,55356
35839,85441,55357
35840,85441,55358
35841,85441,55359
35842,85441,55360
35843,85441,55361
35844,85441,55362
35845,85441,55363
35846,85441,55364
35847,85441,55365
35848,85441,55366
35849,85441,55367
35850,85441,55368
35851,85441,55369
35852,85441,55370
35853,85441,55371
35854,85441,55372
35855,85441,55373
35856,85441,55374
35857,85441,55375
35858,85441,55376
35859,85441,55377
35860,85441,55378
35861,85441,55379
35862,85441,55380
35863,85441,55381
35864,85441,55382
35865,85441,55383
35866,85441,55384
35867,85441,55385
35868,85441,55386
35869,85441,55387
35870,85441,55388
35871,85441,55389
35872,85441,55390
35873,85441,55391
35874,85441,55392
35875,85441,55393
35876,85441,55394
35877,85441,55395
35878,85441,55396
35879,85441,55397
35880,85441,55398
35881,85441,55399
35882,85441,55400
35883,85441,55401
35884,85441,55402
35885,85441,55403
35886,85441,55404
35887,85441,55405
35888,85441,55406
35889,85441,55407
35890,85441,55408
35891,85441,55409
35892,85441,55410
35893,85441,55411
35894,85441,55412
35895,85441,55413
35896,85441,55414
35897,85441,55415
35898,85441,55416
35899,85441,55417
35900,85441,55418
35901,85441,55419
35902,85441,55420
35903,85441,55421
35904,85441,55422
35905,85441,55423
35906,85441,55424
35907,85441,55425
35908,85441,55426
35909,85441,55427
35910,85441,55428
35911,85441,55429
35912,85441,55430
35913,85441,55431
35914,85441,55432
35915,85441,55433
35916,85441,55434
35917,85441,55435
35918,85441,55436
35919,85441,55437
35920,85441,55438
35921,85441,55439
35922,85441,55440
35923,85441,55441
35924,85441,55442
35925,85441,55443
35926,85441,55444
35927,85441,55445
35928,85441,55446
35929,85441,55447
35930,85441,55448
35931,85441,55449
35932,85441,55450
35933,85441,55451
35934,85441,55452
35935,85441,55453
35936,85441,55454
35937,85441,55455
35938,85441,55456
35939,85441,55457
35940,85441,55458
35941,85441,55459
35942,85441,55460
35943,85441,55461
35944,85441,55462
35945,85441,55463
35946,85441,55464
35947,85441,55465
35948,85441,55466
35949,85441,55467
35950,85441,55468
35951,85441,55469
35952,85441,55470
35953,85441,55471
35954,85441,55472
35955,85441,55473
35956,85441,55474
35957,85441,55475
35958,85441,55476
35959,85441,55477
35960,85441,55478
35961,85441,55479
35962,85441,55480
35963,85441,55481
35964,85441,55482
35965,85441,55483
35966,85441,55484
35967,85441,55485
35968,85441,55486
35969,85441,55487
35970,85441,55488
35971,85441,55489
35972,85441,55490
35973,85441,55491
35974,85441,55492
35975,85441,55493
35976,85441,55494
35977,85441,55495
35978,85441,55496
35979,85441,55497
35980,85441,55498
35981,85441,55499
35982,85441,55500
35983,85441,55501
35984,85441,55502
35985,85441,55503
35986,85441,55504
35987,85441,55505
35988,85441,55506
35989,85441,55507
35990,85441,55508
35991,85441,55509
35992,85441,55510
35993,85441,55511
35994,85441,55512
35995,85441,55513
35996,85441,55514
35997,85441,55515
35998,85441,55516
35999,85441,55517
36000,85441,55518
36001,85442,55320
36002,85442,55321
36003,85442,55322
36004,85442,55323
36005,85442,55324
36006,85442,55325
36007,85442,55326
36008,85442,55327
36009,85442,55328
36010,85442,55329
36011,85442,55330
36012,85442,55331
36013,85442,55332
36014,85442,55333
36015,85442,55334
36016,85442,55335
36017,85442,55336
36018,85442,55337
36019,85442,55338
36020,85442,55339
36021,85442,55340
36022,85442,55341
36023,85442,55342
36024,85442,55343
36025,85442,55344
36026,85442,55345
36027,85442,55346
36028,85442,55347
36029,85442,55348
36030,85442,55349
36031,85442,55350
36032,85442,55351
36033,85442,55352
36034,85442,55353
36035,85442,55354
36036,85442,55355
36037,85442,55356
36038,85442,55357
36039,85442,55358
36040,85442,55359
36041,85442,55360
36042,85442,55361
36043,85442,55362
36044,85442,55363
36045,85442,55364
36046,85442,55365
36047,85442,55366
36048,85442,55367
36049,85442,55368
36050,85442,55369
36051,85442,55370
36052,85442,55371
36053,85442,55372
36054,85442,55373
36055,85442,55374
36056,85442,55375
36057,85442,55376
36058,85442,55377
36059,85442,55378
36060,85442,55379
36061,85442,55380
36062,85442,55381
36063,85442,55382
36064,85442,55383
36065,85442,55384
36066,85442,55385
36067,85442,55386
36068,85442,55387
36069,85442,55388
36070,85442,55389
36071,85442,55390
36072,85442,55391
36073,85442,55392
36074,85442,55393
36075,85442,55394
36076,85442,55395
36077,85442,55396
36078,85442,55397
36079,85442,55398
36080,85442,55399
36081,85442,55400
36082,85442,55401
36083,85442,55402
36084,85442,55403
36085,85442,55404
36086,85442,55405
36087,85442,55406
36088,85442,55407
36089,85442,55408
36090,85442,55409
36091,85442,55410
36092,85442,55411
36093,85442,55412
36094,85442,55413
36095,85442,55414
36096,85442,55415
36097,85442,55416
36098,85442,55417
36099,85442,55418
36100,85442,55419
36101,85442,55420
36102,85442,55421
36103,85442,55422
36104,85442,55423
36105,85442,55424
36106,85442,55425
36107,85442,55426
36108,85442,55427
36109,85442,55428
36110,85442,55429
36111,85442,55430
36112,85442,55431
36113,85442,55432
36114,85442,55433
36115,85442,55434
36116,85442,55435
36117,85442,55436
36118,85442,55437
36119,85442,55438
36120,85442,55439
36121,85442,55440
36122,85442,55441
36123,85442,55442
36124,85442,55443
36125,85442,55444
36126,85442,55445
36127,85442,55446
36128,85442,55447
36129,85442,55448
36130,85442,55449
36131,85442,55450
36132,85442,55451
36133,85442,55452
36134,85442,55453
36135,85442,55454
36136,85442,55455
36137,85442,55456
36138,85442,55457
36139,85442,55458
36140,85442,55459
36141,85442,55460
36142,85442,55461
36143,85442,55462
36144,85442,55463
36145,85442,55464
36146,85442,55465
36147,85442,55466
36148,85442,55467
36149,85442,55468
36150,85442,55469
36151,85442,55470
36152,85442,55471
36153,85442,55472
36154,85442,55473
36155,85442,55474
36156,85442,55475
36157,85442,55476
36158,85442,55477
36159,85442,55478
36160,85442,55479
36161,85442,55480
36162,85442,55481
36163,85442,55482
36164,85442,55483
36165,85442,55484
36166,85442,55485
36167,85442,55486
36168,85442,55487
36169,85442,55488
36170,85442,55489
36171,85442,55490
36172,85442,55491
36173,85442,55492
36174,85442,55493
36175,85442,55494
36176,85442,55495
36177,85442,55496
36178,85442,55497
36179,85442,55498
36180,85442,55499
36181,85442,55500
36182,85442,55501
36183,85442,55502
36184,85442,55503
36185,85442,55504
36186,85442,55505
36187,85442,55506
36188,85442,55507
36189,85442,55508
36190,85442,55509
36191,85442,55510
36192,85442,55511
36193,85442,55512
36194,85442,55513
36195,85442,55514
36196,85442,55515
36197,85442,55516
36198,85442,55517
36199,85442,55518
36200,85443,55320
36201,85443,55321
36202,85443,55322
36203,85443,55323
36204,85443,55324
36205,85443,55325
36206,85443,55326
36207,85443,55327
36208,85443,55328
36209,85443,55329
36210,85443,55330
36211,85443,55331
36212,85443,55332
36213,85443,55333
36214,85443,55334
36215,85443,55335
36216,85443,55336
36217,85443,55337
36218,85443,55338
36219,85443,55339
36220,85443,55340
36221,85443,55341
36222,85443,55342
36223,85443,55343
36224,85443,55344
36225,85443,55345
36226,85443,55346
36227,85443,55347
36228,85443,55348
36229,85443,55349
36230,85443,55350
36231,85443,55351
36232,85443,55352
36233,85443,55353
36234,85443,55354
36235,85443,55355
36236,85443,55356
36237,85443,55357
36238,85443,55358
36239,85443,55359
36240,85443,55360
36241,85443,55361
36242,85443,55362
36243,85443,55363
36244,85443,55364
36245,85443,55365
36246,85443,55366
36247,85443,55367
36248,85443,55368
36249,85443,55369
36250,85443,55370
36251,85443,55371
36252,85443,55372
36253,85443,55373
36254,85443,55374
36255,85443,55375
36256,85443,55376
36257,85443,55377
36258,85443,55378
36259,85443,55379
36260,85443,55380
36261,85443,55381
36262,85443,55382
36263,85443,55383
36264,85443,55384
36265,85443,55385
36266,85443,55386
36267,85443,55387
36268,85443,55388
36269,85443,55389
36270,85443,55390
36271,85443,55391
36272,85443,55392
36273,85443,55393
36274,85443,55394
36275,85443,55395
36276,85443,55396
36277,85443,55397
36278,85443,55398
36279,85443,55399
36280,85443,55400
36281,85443,55401
36282,85443,55402
36283,85443,55403
36284,85443,55404
36285,85443,55405
36286,85443,55406
36287,85443,55407
36288,85443,55408
36289,85443,55409
36290,85443,55410
36291,85443,55411
36292,85443,55412
36293,85443,55413
36294,85443,55414
36295,85443,55415
36296,85443,55416
36297,85443,55417
36298,85443,55418
36299,85443,55419
36300,85443,55420
36301,85443,55421
36302,85443,55422
36303,85443,55423
36304,85443,55424
36305,85443,55425
36306,85443,55426
36307,85443,55427
36308,85443,55428
36309,85443,55429
36310,85443,55430
36311,85443,55431
36312,85443,55432
36313,85443,55433
36314,85443,55434
36315,85443,55435
36316,85443,55436
36317,85443,55437
36318,85443,55438
36319,85443,55439
36320,85443,55440
36321,85443,55441
36322,85443,55442
36323,85443,55443
36324,85443,55444
36325,85443,55445
36326,85443,55446
36327,85443,55447
36328,85443,55448
36329,85443,55449
36330,85443,55450
36331,85443,55451
36332,85443,55452
36333,85443,55453
36334,85443,55454
36335,85443,55455
36336,85443,55456
36337,85443,55457
36338,85443,55458
36339,85443,55459
36340,85443,55460
36341,85443,55461
36342,85443,55462
36343,85443,55463
36344,85443,55464
36345,85443,55465
36346,85443,55466
36347,85443,55467
36348,85443,55468
36349,85443,55469
36350,85443,55470
36351,85443,55471
36352,85443,55472
36353,85443,55473
36354,85443,55474
36355,85443,55475
36356,85443,55476
36357,85443,55477
36358,85443,55478
36359,85443,55479
36360,85443,55480
36361,85443,55481
36362,85443,55482
36363,85443,55483
36364,85443,55484
36365,85443,55485
36366,85443,55486
36367,85443,55487
36368,85443,55488
36369,85443,55489
36370,85443,55490
36371,85443,55491
36372,85443,55492
36373,85443,55493
36374,85443,55494
36375,85443,55495
36376,85443,55496
36377,85443,55497
36378,85443,55498
36379,85443,55499
36380,85443,55500
36381,85443,55501
36382,85443,55502
36383,85443,55503
36384,85443,55504
36385,85443,55505
36386,85443,55506
36387,85443,55507
36388,85443,55508
36389,85443,55509
36390,85443,55510
36391,85443,55511
36392,85443,55512
36393,85443,55513
36394,85443,55514
36395,85443,55515
36396,85443,55516
36397,85443,55517
36398,85443,55518
36399,85444,55320
36400,85444,55321
36401,85444,55322
36402,85444,55323
36403,85444,55324
36404,85444,55325
36405,85444,55326
36406,85444,55327
36407,85444,55328
36408,85444,55329
36409,85444,55330
36410,85444,55331
36411,85444,55332
36412,85444,55333
36413,85444,55334
36414,85444,55335
36415,85444,55336
36416,85444,55337
36417,85444,55338
36418,85444,55339
36419,85444,55340
36420,85444,55341
36421,85444,55342
36422,85444,55343
36423,85444,55344
36424,85444,55345
36425,85444,55346
36426,85444,55347
36427,85444,55348
36428,85444,55349
36429,85444,55350
36430,85444,55351
36431,85444,55352
36432,85444,55353
36433,85444,55354
36434,85444,55355
36435,85444,55356
36436,85444,55357
36437,85444,55358
36438,85444,55359
36439,85444,55360
36440,85444,55361
36441,85444,55362
36442,85444,55363
36443,85444,55364
36444,85444,55365
36445,85444,55366
36446,85444,55367
36447,85444,55368
36448,85444,55369
36449,85444,55370
36450,85444,55371
36451,85444,55372
36452,85444,55373
36453,85444,55374
36454,85444,55375
36455,85444,55376
36456,85444,55377
36457,85444,55378
36458,85444,55379
36459,85444,55380
36460,85444,55381
36461,85444,55382
36462,85444,55383
36463,85444,55384
36464,85444,55385
36465,85444,55386
36466,85444,55387
36467,85444,55388
36468,85444,55389
36469,85444,55390
36470,85444,55391
36471,85444,55392
36472,85444,55393
36473,85444,55394
36474,85444,55395
36475,85444,55396
36476,85444,55397
36477,85444,55398
36478,85444,55399
36479,85444,55400
36480,85444,55401
36481,85444,55402
36482,85444,55403
36483,85444,55404
36484,85444,55405
36485,85444,55406
36486,85444,55407
36487,85444,55408
36488,85444,55409
36489,85444,55410
36490,85444,55411
36491,85444,55412
36492,85444,55413
36493,85444,55414
36494,85444,55415
36495,85444,55416
36496,85444,55417
36497,85444,55418
36498,85444,55419
36499,85444,55420
36500,85444,55421
36501,85444,55422
36502,85444,55423
36503,85444,55424
36504,85444,55425
36505,85444,55426
36506,85444,55427
36507,85444,55428
36508,85444,55429
36509,85444,55430
36510,85444,55431
36511,85444,55432
36512,85444,55433
36513,85444,55434
36514,85444,55435
36515,85444,55436
36516,85444,55437
36517,85444,55438
36518,85444,55439
36519,85444,55440
36520,85444,55441
36521,85444,55442
36522,85444,55443
36523,85444,55444
36524,85444,55445
36525,85444,55446
36526,85444,55447
36527,85444,55448
36528,85444,55449
36529,85444,55450
36530,85444,55451
36531,85444,55452
36532,85444,55453
36533,85444,55454
36534,85444,55455
36535,85444,55456
36536,85444,55457
36537,85444,55458
36538,85444,55459
36539,85444,55460
36540,85444,55461
36541,85444,55462
36542,85444,55463
36543,85444,55464
36544,85444,55465
36545,85444,55466
36546,85444,55467
36547,85444,55468
36548,85444,55469
36549,85444,55470
36550,85444,55471
36551,85444,55472
36552,85444,55473
36553,85444,55474
36554,85444,55475
36555,85444,55476
36556,85444,55477
36557,85444,55478
36558,85444,55479
36559,85444,55480
36560,85444,55481
36561,85444,55482
36562,85444,55483
36563,85444,55484
36564,85444,55485
36565,85444,55486
36566,85444,55487
36567,85444,55488
36568,85444,55489
36569,85444,55490
36570,85444,55491
36571,85444,55492
36572,85444,55493
36573,85444,55494
36574,85444,55495
36575,85444,55496
36576,85444,55497
36577,85444,55498
36578,85444,55499
36579,85444,55500
36580,85444,55501
36581,85444,55502
36582,85444,55503
36583,85444,55504
36584,85444,55505
36585,85444,55506
36586,85444,55507
36587,85444,55508
36588,85444,55509
36589,85444,55510
36590,85444,55511
36591,85444,55512
36592,85444,55513
36593,85444,55514
36594,85444,55515
36595,85444,55516
36596,85444,55517
36597,85444,55518
36598,85445,55320
36599,85445,55321
36600,85445,55322
36601,85445,55323
36602,85445,55324
36603,85445,55325
36604,85445,55326
36605,85445,55327
36606,85445,55328
36607,85445,55329
36608,85445,55330
36609,85445,55331
36610,85445,55332
36611,85445,55333
36612,85445,55334
36613,85445,55335
36614,85445,55336
36615,85445,55337
36616,85445,55338
36617,85445,55339
36618,85445,55340
36619,85445,55341
36620,85445,55342
36621,85445,55343
36622,85445,55344
36623,85445,55345
36624,85445,55346
36625,85445,55347
36626,85445,55348
36627,85445,55349
36628,85445,55350
36629,85445,55351
36630,85445,55352
36631,85445,55353
36632,85445,55354
36633,85445,55355
36634,85445,55356
36635,85445,55357
36636,85445,55358
36637,85445,55359
36638,85445,55360
36639,85445,55361
36640,85445,55362
36641,85445,55363
36642,85445,55364
36643,85445,55365
36644,85445,55366
36645,85445,55367
36646,85445,55368
36647,85445,55369
36648,85445,55370
36649,85445,55371
36650,85445,55372
36651,85445,55373
36652,85445,55374
36653,85445,55375
36654,85445,55376
36655,85445,55377
36656,85445,55378
36657,85445,55379
36658,85445,55380
36659,85445,55381
36660,85445,55382
36661,85445,55383
36662,85445,55384
36663,85445,55385
36664,85445,55386
36665,85445,55387
36666,85445,55388
36667,85445,55389
36668,85445,55390
36669,85445,55391
36670,85445,55392
36671,85445,55393
36672,85445,55394
36673,85445,55395
36674,85445,55396
36675,85445,55397
36676,85445,55398
36677,85445,55399
36678,85445,55400
36679,85445,55401
36680,85445,55402
36681,85445,55403
36682,85445,55404
36683,85445,55405
36684,85445,55406
36685,85445,55407
36686,85445,55408
36687,85445,55409
36688,85445,55410
36689,85445,55411
36690,85445,55412
36691,85445,55413
36692,85445,55414
36693,85445,55415
36694,85445,55416
36695,85445,55417
36696,85445,55418
36697,85445,55419
36698,85445,55420
36699,85445,55421
36700,85445,55422
36701,85445,55423
36702,85445,55424
36703,85445,55425
36704,85445,55426
36705,85445,55427
36706,85445,55428
36707,85445,55429
36708,85445,55430
36709,85445,55431
36710,85445,55432
36711,85445,55433
36712,85445,55434
36713,85445,55435
36714,85445,55436
36715,85445,55437
36716,85445,55438
36717,85445,55439
36718,85445,55440
36719,85445,55441
36720,85445,55442
36721,85445,55443
36722,85445,55444
36723,85445,55445
36724,85445,55446
36725,85445,55447
36726,85445,55448
36727,85445,55449
36728,85445,55450
36729,85445,55451
36730,85445,55452
36731,85445,55453
36732,85445,55454
36733,85445,55455
36734,85445,55456
36735,85445,55457
36736,85445,55458
36737,85445,55459
36738,85445,55460
36739,85445,55461
36740,85445,55462
36741,85445,55463
36742,85445,55464
36743,85445,55465
36744,85445,55466
36745,85445,55467
36746,85445,55468
36747,85445,55469
36748,85445,55470
36749,85445,55471
36750,85445,55472
36751,85445,55473
36752,85445,55474
36753,85445,55475
36754,85445,55476
36755,85445,55477
36756,85445,55478
36757,85445,55479
36758,85445,55480
36759,85445,55481
36760,85445,55482
36761,85445,55483
36762,85445,55484
36763,85445,55485
36764,85445,55486
36765,85445,55487
36766,85445,55488
36767,85445,55489
36768,85445,55490
36769,85445,55491
36770,85445,55492
36771,85445,55493
36772,85445,55494
36773,85445,55495
36774,85445,55496
36775,85445,55497
36776,85445,55498
36777,85445,55499
36778,85445,55500
36779,85445,55501
36780,85445,55502
36781,85445,55503
36782,85445,55504
36783,85445,55505
36784,85445,55506
36785,85445,55507
36786,85445,55508
36787,85445,55509
36788,85445,55510
36789,85445,55511
36790,85445,55512
36791,85445,55513
36792,85445,55514
36793,85445,55515
36794,85445,55516
36795,85445,55517
36796,85445,55518
36797,85446,55320
36798,85446,55321
36799,85446,55322
36800,85446,55323
36801,85446,55324
36802,85446,55325
36803,85446,55326
36804,85446,55327
36805,85446,55328
36806,85446,55329
36807,85446,55330
36808,85446,55331
36809,85446,55332
36810,85446,55333
36811,85446,55334
36812,85446,55335
36813,85446,55336
36814,85446,55337
36815,85446,55338
36816,85446,55339
36817,85446,55340
36818,85446,55341
36819,85446,55342
36820,85446,55343
36821,85446,55344
36822,85446,55345
36823,85446,55346
36824,85446,55347
36825,85446,55348
36826,85446,55349
36827,85446,55350
36828,85446,55351
36829,85446,55352
36830,85446,55353
36831,85446,55354
36832,85446,55355
36833,85446,55356
36834,85446,55357
36835,85446,55358
36836,85446,55359
36837,85446,55360
36838,85446,55361
36839,85446,55362
36840,85446,55363
36841,85446,55364
36842,85446,55365
36843,85446,55366
36844,85446,55367
36845,85446,55368
36846,85446,55369
36847,85446,55370
36848,85446,55371
36849,85446,55372
36850,85446,55373
36851,85446,55374
36852,85446,55375
36853,85446,55376
36854,85446,55377
36855,85446,55378
36856,85446,55379
36857,85446,55380
36858,85446,55381
36859,85446,55382
36860,85446,55383
36861,85446,55384
36862,85446,55385
36863,85446,55386
36864,85446,55387
36865,85446,55388
36866,85446,55389
36867,85446,55390
36868,85446,55391
36869,85446,55392
36870,85446,55393
36871,85446,55394
36872,85446,55395
36873,85446,55396
36874,85446,55397
36875,85446,55398
36876,85446,55399
36877,85446,55400
36878,85446,55401
36879,85446,55402
36880,85446,55403
36881,85446,55404
36882,85446,55405
36883,85446,55406
36884,85446,55407
36885,85446,55408
36886,85446,55409
36887,85446,55410
36888,85446,55411
36889,85446,55412
36890,85446,55413
36891,85446,55414
36892,85446,55415
36893,85446,55416
36894,85446,55417
36895,85446,55418
36896,85446,55419
36897,85446,55420
36898,85446,55421
36899,85446,55422
36900,85446,55423
36901,85446,55424
36902,85446,55425
36903,85446,55426
36904,85446,55427
36905,85446,55428
36906,85446,55429
36907,85446,55430
36908,85446,55431
36909,85446,55432
36910,85446,55433
36911,85446,55434
36912,85446,55435
36913,85446,55436
36914,85446,55437
36915,85446,55438
36916,85446,55439
36917,85446,55440
36918,85446,55441
36919,85446,55442
36920,85446,55443
36921,85446,55444
36922,85446,55445
36923,85446,55446
36924,85446,55447
36925,85446,55448
36926,85446,55449
36927,85446,55450
36928,85446,55451
36929,85446,55452
36930,85446,55453
36931,85446,55454
36932,85446,55455
36933,85446,55456
36934,85446,55457
36935,85446,55458
36936,85446,55459
36937,85446,55460
36938,85446,55461
36939,85446,55462
36940,85446,55463
36941,85446,55464
36942,85446,55465
36943,85446,55466
36944,85446,55467
36945,85446,55468
36946,85446,55469
36947,85446,55470
36948,85446,55471
36949,85446,55472
36950,85446,55473
36951,85446,55474
36952,85446,55475
36953,85446,55476
36954,85446,55477
36955,85446,55478
36956,85446,55479
36957,85446,55480
36958,85446,55481
36959,85446,55482
36960,85446,55483
36961,85446,55484
36962,85446,55485
36963,85446,55486
36964,85446,55487
36965,85446,55488
36966,85446,55489
36967,85446,55490
36968,85446,55491
36969,85446,55492
36970,85446,55493
36971,85446,55494
36972,85446,55495
36973,85446,55496
36974,85446,55497
36975,85446,55498
36976,85446,55499
36977,85446,55500
36978,85446,55501
36979,85446,55502
36980,85446,55503
36981,85446,55504
36982,85446,55505
36983,85446,55506
36984,85446,55507
36985,85446,55508
36986,85446,55509
36987,85446,55510
36988,85446,55511
36989,85446,55512
36990,85446,55513
36991,85446,55514
36992,85446,55515
36993,85446,55516
36994,85446,55517
36995,85446,55518
36996,85447,55320
36997,85447,55321
36998,85447,55322
36999,85447,55323
37000,85447,55324
37001,85447,55325
37002,85447,55326
37003,85447,55327
37004,85447,55328
37005,85447,55329
37006,85447,55330
37007,85447,55331
37008,85447,55332
37009,85447,55333
37010,85447,55334
37011,85447,55335
37012,85447,55336
37013,85447,55337
37014,85447,55338
37015,85447,55339
37016,85447,55340
37017,85447,55341
37018,85447,55342
37019,85447,55343
37020,85447,55344
37021,85447,55345
37022,85447,55346
37023,85447,55347
37024,85447,55348
37025,85447,55349
37026,85447,55350
37027,85447,55351
37028,85447,55352
37029,85447,55353
37030,85447,55354
37031,85447,55355
37032,85447,55356
37033,85447,55357
37034,85447,55358
37035,85447,55359
37036,85447,55360
37037,85447,55361
37038,85447,55362
37039,85447,55363
37040,85447,55364
37041,85447,55365
37042,85447,55366
37043,85447,55367
37044,85447,55368
37045,85447,55369
37046,85447,55370
37047,85447,55371
37048,85447,55372
37049,85447,55373
37050,85447,55374
37051,85447,55375
37052,85447,55376
37053,85447,55377
37054,85447,55378
37055,85447,55379
37056,85447,55380
37057,85447,55381
37058,85447,55382
37059,85447,55383
37060,85447,55384
37061,85447,55385
37062,85447,55386
37063,85447,55387
37064,85447,55388
37065,85447,55389
37066,85447,55390
37067,85447,55391
37068,85447,55392
37069,85447,55393
37070,85447,55394
37071,85447,55395
37072,85447,55396
37073,85447,55397
37074,85447,55398
37075,85447,55399
37076,85447,55400
37077,85447,55401
37078,85447,55402
37079,85447,55403
37080,85447,55404
37081,85447,55405
37082,85447,55406
37083,85447,55407
37084,85447,55408
37085,85447,55409
37086,85447,55410
37087,85447,55411
37088,85447,55412
37089,85447,55413
37090,85447,55414
37091,85447,55415
37092,85447,55416
37093,85447,55417
37094,85447,55418
37095,85447,55419
37096,85447,55420
37097,85447,55421
37098,85447,55422
37099,85447,55423
37100,85447,55424
37101,85447,55425
37102,85447,55426
37103,85447,55427
37104,85447,55428
37105,85447,55429
37106,85447,55430
37107,85447,55431
37108,85447,55432
37109,85447,55433
37110,85447,55434
37111,85447,55435
37112,85447,55436
37113,85447,55437
37114,85447,55438
37115,85447,55439
37116,85447,55440
37117,85447,55441
37118,85447,55442
37119,85447,55443
37120,85447,55444
37121,85447,55445
37122,85447,55446
37123,85447,55447
37124,85447,55448
37125,85447,55449
37126,85447,55450
37127,85447,55451
37128,85447,55452
37129,85447,55453
37130,85447,55454
37131,85447,55455
37132,85447,55456
37133,85447,55457
37134,85447,55458
37135,85447,55459
37136,85447,55460
37137,85447,55461
37138,85447,55462
37139,85447,55463
37140,85447,55464
37141,85447,55465
37142,85447,55466
37143,85447,55467
37144,85447,55468
37145,85447,55469
37146,85447,55470
37147,85447,55471
37148,85447,55472
37149,85447,55473
37150,85447,55474
37151,85447,55475
37152,85447,55476
37153,85447,55477
37154,85447,55478
37155,85447,55479
37156,85447,55480
37157,85447,55481
37158,85447,55482
37159,85447,55483
37160,85447,55484
37161,85447,55485
37162,85447,55486
37163,85447,55487
37164,85447,55488
37165,85447,55489
37166,85447,55490
37167,85447,55491
37168,85447,55492
37169,85447,55493
37170,85447,55494
37171,85447,55495
37172,85447,55496
37173,85447,55497
37174,85447,55498
37175,85447,55499
37176,85447,55500
37177,85447,55501
37178,85447,55502
37179,85447,55503
37180,85447,55504
37181,85447,55505
37182,85447,55506
37183,85447,55507
37184,85447,55508
37185,85447,55509
37186,85447,55510
37187,85447,55511
37188,85447,55512
37189,85447,55513
37190,85447,55514
37191,85447,55515
37192,85447,55516
37193,85447,55517
37194,85447,55518
37195,85448,55320
37196,85448,55321
37197,85448,55322
37198,85448,55323
37199,85448,55324
37200,85448,55325
37201,85448,55326
37202,85448,55327
37203,85448,55328
37204,85448,55329
37205,85448,55330
37206,85448,55331
37207,85448,55332
37208,85448,55333
37209,85448,55334
37210,85448,55335
37211,85448,55336
37212,85448,55337
37213,85448,55338
37214,85448,55339
37215,85448,55340
37216,85448,55341
37217,85448,55342
37218,85448,55343
37219,85448,55344
37220,85448,55345
37221,85448,55346
37222,85448,55347
37223,85448,55348
37224,85448,55349
37225,85448,55350
37226,85448,55351
37227,85448,55352
37228,85448,55353
37229,85448,55354
37230,85448,55355
37231,85448,55356
37232,85448,55357
37233,85448,55358
37234,85448,55359
37235,85448,55360
37236,85448,55361
37237,85448,55362
37238,85448,55363
37239,85448,55364
37240,85448,55365
37241,85448,55366
37242,85448,55367
37243,85448,55368
37244,85448,55369
37245,85448,55370
37246,85448,55371
37247,85448,55372
37248,85448,55373
37249,85448,55374
37250,85448,55375
37251,85448,55376
37252,85448,55377
37253,85448,55378
37254,85448,55379
37255,85448,55380
37256,85448,55381
37257,85448,55382
37258,85448,55383
37259,85448,55384
37260,85448,55385
37261,85448,55386
37262,85448,55387
37263,85448,55388
37264,85448,55389
37265,85448,55390
37266,85448,55391
37267,85448,55392
37268,85448,55393
37269,85448,55394
37270,85448,55395
37271,85448,55396
37272,85448,55397
37273,85448,55398
37274,85448,55399
37275,85448,55400
37276,85448,55401
37277,85448,55402
37278,85448,55403
37279,85448,55404
37280,85448,55405
37281,85448,55406
37282,85448,55407
37283,85448,55408
37284,85448,55409
37285,85448,55410
37286,85448,55411
37287,85448,55412
37288,85448,55413
37289,85448,55414
37290,85448,55415
37291,85448,55416
37292,85448,55417
37293,85448,55418
37294,85448,55419
37295,85448,55420
37296,85448,55421
37297,85448,55422
37298,85448,55423
37299,85448,55424
37300,85448,55425
37301,85448,55426
37302,85448,55427
37303,85448,55428
37304,85448,55429
37305,85448,55430
37306,85448,55431
37307,85448,55432
37308,85448,55433
37309,85448,55434
37310,85448,55435
37311,85448,55436
37312,85448,55437
37313,85448,55438
37314,85448,55439
37315,85448,55440
37316,85448,55441
37317,85448,55442
37318,85448,55443
37319,85448,55444
37320,85448,55445
37321,85448,55446
37322,85448,55447
37323,85448,55448
37324,85448,55449
37325,85448,55450
37326,85448,55451
37327,85448,55452
37328,85448,55453
37329,85448,55454
37330,85448,55455
37331,85448,55456
37332,85448,55457
37333,85448,55458
37334,85448,55459
37335,85448,55460
37336,85448,55461
37337,85448,55462
37338,85448,55463
37339,85448,55464
37340,85448,55465
37341,85448,55466
37342,85448,55467
37343,85448,55468
37344,85448,55469
37345,85448,55470
37346,85448,55471
37347,85448,55472
37348,85448,55473
37349,85448,55474
37350,85448,55475
37351,85448,55476
37352,85448,55477
37353,85448,55478
37354,85448,55479
37355,85448,55480
37356,85448,55481
37357,85448,55482
37358,85448,55483
37359,85448,55484
37360,85448,55485
37361,85448,55486
37362,85448,55487
37363,85448,55488
37364,85448,55489
37365,85448,55490
37366,85448,55491
37367,85448,55492
37368,85448,55493
37369,85448,55494
37370,85448,55495
37371,85448,55496
37372,85448,55497
37373,85448,55498
37374,85448,55499
37375,85448,55500
37376,85448,55501
37377,85448,55502
37378,85448,55503
37379,85448,55504
37380,85448,55505
37381,85448,55506
37382,85448,55507
37383,85448,55508
37384,85448,55509
37385,85448,55510
37386,85448,55511
37387,85448,55512
37388,85448,55513
37389,85448,55514
37390,85448,55515
37391,85448,55516
37392,85448,55517
37393,85448,55518
37394,85449,55320
37395,85449,55321
37396,85449,55322
37397,85449,55323
37398,85449,55324
37399,85449,55325
37400,85449,55326
37401,85449,55327
37402,85449,55328
37403,85449,55329
37404,85449,55330
37405,85449,55331
37406,85449,55332
37407,85449,55333
37408,85449,55334
37409,85449,55335
37410,85449,55336
37411,85449,55337
37412,85449,55338
37413,85449,55339
37414,85449,55340
37415,85449,55341
37416,85449,55342
37417,85449,55343
37418,85449,55344
37419,85449,55345
37420,85449,55346
37421,85449,55347
37422,85449,55348
37423,85449,55349
37424,85449,55350
37425,85449,55351
37426,85449,55352
37427,85449,55353
37428,85449,55354
37429,85449,55355
37430,85449,55356
37431,85449,55357
37432,85449,55358
37433,85449,55359
37434,85449,55360
37435,85449,55361
37436,85449,55362
37437,85449,55363
37438,85449,55364
37439,85449,55365
37440,85449,55366
37441,85449,55367
37442,85449,55368
37443,85449,55369
37444,85449,55370
37445,85449,55371
37446,85449,55372
37447,85449,55373
37448,85449,55374
37449,85449,55375
37450,85449,55376
37451,85449,55377
37452,85449,55378
37453,85449,55379
37454,85449,55380
37455,85449,55381
37456,85449,55382
37457,85449,55383
37458,85449,55384
37459,85449,55385
37460,85449,55386
37461,85449,55387
37462,85449,55388
37463,85449,55389
37464,85449,55390
37465,85449,55391
37466,85449,55392
37467,85449,55393
37468,85449,55394
37469,85449,55395
37470,85449,55396
37471,85449,55397
37472,85449,55398
37473,85449,55399
37474,85449,55400
37475,85449,55401
37476,85449,55402
37477,85449,55403
37478,85449,55404
37479,85449,55405
37480,85449,55406
37481,85449,55407
37482,85449,55408
37483,85449,55409
37484,85449,55410
37485,85449,55411
37486,85449,55412
37487,85449,55413
37488,85449,55414
37489,85449,55415
37490,85449,55416
37491,85449,55417
37492,85449,55418
37493,85449,55419
37494,85449,55420
37495,85449,55421
37496,85449,55422
37497,85449,55423
37498,85449,55424
37499,85449,55425
37500,85449,55426
37501,85449,55427
37502,85449,55428
37503,85449,55429
37504,85449,55430
37505,85449,55431
37506,85449,55432
37507,85449,55433
37508,85449,55434
37509,85449,55435
37510,85449,55436
37511,85449,55437
37512,85449,55438
37513,85449,55439
37514,85449,55440
37515,85449,55441
37516,85449,55442
37517,85449,55443
37518,85449,55444
37519,85449,55445
37520,85449,55446
37521,85449,55447
37522,85449,55448
37523,85449,55449
37524,85449,55450
37525,85449,55451
37526,85449,55452
37527,85449,55453
37528,85449,55454
37529,85449,55455
37530,85449,55456
37531,85449,55457
37532,85449,55458
37533,85449,55459
37534,85449,55460
37535,85449,55461
37536,85449,55462
37537,85449,55463
37538,85449,55464
37539,85449,55465
37540,85449,55466
37541,85449,55467
37542,85449,55468
37543,85449,55469
37544,85449,55470
37545,85449,55471
37546,85449,55472
37547,85449,55473
37548,85449,55474
37549,85449,55475
37550,85449,55476
37551,85449,55477
37552,85449,55478
37553,85449,55479
37554,85449,55480
37555,85449,55481
37556,85449,55482
37557,85449,55483
37558,85449,55484
37559,85449,55485
37560,85449,55486
37561,85449,55487
37562,85449,55488
37563,85449,55489
37564,85449,55490
37565,85449,55491
37566,85449,55492
37567,85449,55493
37568,85449,55494
37569,85449,55495
37570,85449,55496
37571,85449,55497
37572,85449,55498
37573,85449,55499
37574,85449,55500
37575,85449,55501
37576,85449,55502
37577,85449,55503
37578,85449,55504
37579,85449,55505
37580,85449,55506
37581,85449,55507
37582,85449,55508
37583,85449,55509
37584,85449,55510
37585,85449,55511
37586,85449,55512
37587,85449,55513
37588,85449,55514
37589,85449,55515
37590,85449,55516
37591,85449,55517
37592,85449,55518
37593,85450,55320
37594,85450,55321
37595,85450,55322
37596,85450,55323
37597,85450,55324
37598,85450,55325
37599,85450,55326
37600,85450,55327
37601,85450,55328
37602,85450,55329
37603,85450,55330
37604,85450,55331
37605,85450,55332
37606,85450,55333
37607,85450,55334
37608,85450,55335
37609,85450,55336
37610,85450,55337
37611,85450,55338
37612,85450,55339
37613,85450,55340
37614,85450,55341
37615,85450,55342
37616,85450,55343
37617,85450,55344
37618,85450,55345
37619,85450,55346
37620,85450,55347
37621,85450,55348
37622,85450,55349
37623,85450,55350
37624,85450,55351
37625,85450,55352
37626,85450,55353
37627,85450,55354
37628,85450,55355
37629,85450,55356
37630,85450,55357
37631,85450,55358
37632,85450,55359
37633,85450,55360
37634,85450,55361
37635,85450,55362
37636,85450,55363
37637,85450,55364
37638,85450,55365
37639,85450,55366
37640,85450,55367
37641,85450,55368
37642,85450,55369
37643,85450,55370
37644,85450,55371
37645,85450,55372
37646,85450,55373
37647,85450,55374
37648,85450,55375
37649,85450,55376
37650,85450,55377
37651,85450,55378
37652,85450,55379
37653,85450,55380
37654,85450,55381
37655,85450,55382
37656,85450,55383
37657,85450,55384
37658,85450,55385
37659,85450,55386
37660,85450,55387
37661,85450,55388
37662,85450,55389
37663,85450,55390
37664,85450,55391
37665,85450,55392
37666,85450,55393
37667,85450,55394
37668,85450,55395
37669,85450,55396
37670,85450,55397
37671,85450,55398
37672,85450,55399
37673,85450,55400
37674,85450,55401
37675,85450,55402
37676,85450,55403
37677,85450,55404
37678,85450,55405
37679,85450,55406
37680,85450,55407
37681,85450,55408
37682,85450,55409
37683,85450,55410
37684,85450,55411
37685,85450,55412
37686,85450,55413
37687,85450,55414
37688,85450,55415
37689,85450,55416
37690,85450,55417
37691,85450,55418
37692,85450,55419
37693,85450,55420
37694,85450,55421
37695,85450,55422
37696,85450,55423
37697,85450,55424
37698,85450,55425
37699,85450,55426
37700,85450,55427
37701,85450,55428
37702,85450,55429
37703,85450,55430
37704,85450,55431
37705,85450,55432
37706,85450,55433
37707,85450,55434
37708,85450,55435
37709,85450,55436
37710,85450,55437
37711,85450,55438
37712,85450,55439
37713,85450,55440
37714,85450,55441
37715,85450,55442
37716,85450,55443
37717,85450,55444
37718,85450,55445
37719,85450,55446
37720,85450,55447
37721,85450,55448
37722,85450,55449
37723,85450,55450
37724,85450,55451
37725,85450,55452
37726,85450,55453
37727,85450,55454
37728,85450,55455
37729,85450,55456
37730,85450,55457
37731,85450,55458
37732,85450,55459
37733,85450,55460
37734,85450,55461
37735,85450,55462
37736,85450,55463
37737,85450,55464
37738,85450,55465
37739,85450,55466
37740,85450,55467
37741,85450,55468
37742,85450,55469
37743,85450,55470
37744,85450,55471
37745,85450,55472
37746,85450,55473
37747,85450,55474
37748,85450,55475
37749,85450,55476
37750,85450,55477
37751,85450,55478
37752,85450,55479
37753,85450,55480
37754,85450,55481
37755,85450,55482
37756,85450,55483
37757,85450,55484
37758,85450,55485
37759,85450,55486
37760,85450,55487
37761,85450,55488
37762,85450,55489
37763,85450,55490
37764,85450,55491
37765,85450,55492
37766,85450,55493
37767,85450,55494
37768,85450,55495
37769,85450,55496
37770,85450,55497
37771,85450,55498
37772,85450,55499
37773,85450,55500
37774,85450,55501
37775,85450,55502
37776,85450,55503
37777,85450,55504
37778,85450,55505
37779,85450,55506
37780,85450,55507
37781,85450,55508
37782,85450,55509
37783,85450,55510
37784,85450,55511
37785,85450,55512
37786,85450,55513
37787,85450,55514
37788,85450,55515
37789,85450,55516
37790,85450,55517
37791,85450,55518
37792,85451,55320
37793,85451,55321
37794,85451,55322
37795,85451,55323
37796,85451,55324
37797,85451,55325
37798,85451,55326
37799,85451,55327
37800,85451,55328
37801,85451,55329
37802,85451,55330
37803,85451,55331
37804,85451,55332
37805,85451,55333
37806,85451,55334
37807,85451,55335
37808,85451,55336
37809,85451,55337
37810,85451,55338
37811,85451,55339
37812,85451,55340
37813,85451,55341
37814,85451,55342
37815,85451,55343
37816,85451,55344
37817,85451,55345
37818,85451,55346
37819,85451,55347
37820,85451,55348
37821,85451,55349
37822,85451,55350
37823,85451,55351
37824,85451,55352
37825,85451,55353
37826,85451,55354
37827,85451,55355
37828,85451,55356
37829,85451,55357
37830,85451,55358
37831,85451,55359
37832,85451,55360
37833,85451,55361
37834,85451,55362
37835,85451,55363
37836,85451,55364
37837,85451,55365
37838,85451,55366
37839,85451,55367
37840,85451,55368
37841,85451,55369
37842,85451,55370
37843,85451,55371
37844,85451,55372
37845,85451,55373
37846,85451,55374
37847,85451,55375
37848,85451,55376
37849,85451,55377
37850,85451,55378
37851,85451,55379
37852,85451,55380
37853,85451,55381
37854,85451,55382
37855,85451,55383
37856,85451,55384
37857,85451,55385
37858,85451,55386
37859,85451,55387
37860,85451,55388
37861,85451,55389
37862,85451,55390
37863,85451,55391
37864,85451,55392
37865,85451,55393
37866,85451,55394
37867,85451,55395
37868,85451,55396
37869,85451,55397
37870,85451,55398
37871,85451,55399
37872,85451,55400
37873,85451,55401
37874,85451,55402
37875,85451,55403
37876,85451,55404
37877,85451,55405
37878,85451,55406
37879,85451,55407
37880,85451,55408
37881,85451,55409
37882,85451,55410
37883,85451,55411
37884,85451,55412
37885,85451,55413
37886,85451,55414
37887,85451,55415
37888,85451,55416
37889,85451,55417
37890,85451,55418
37891,85451,55419
37892,85451,55420
37893,85451,55421
37894,85451,55422
37895,85451,55423
37896,85451,55424
37897,85451,55425
37898,85451,55426
37899,85451,55427
37900,85451,55428
37901,85451,55429
37902,85451,55430
37903,85451,55431
37904,85451,55432
37905,85451,55433
37906,85451,55434
37907,85451,55435
37908,85451,55436
37909,85451,55437
37910,85451,55438
37911,85451,55439
37912,85451,55440
37913,85451,55441
37914,85451,55442
37915,85451,55443
37916,85451,55444
37917,85451,55445
37918,85451,55446
37919,85451,55447
37920,85451,55448
37921,85451,55449
37922,85451,55450
37923,85451,55451
37924,85451,55452
37925,85451,55453
37926,85451,55454
37927,85451,55455
37928,85451,55456
37929,85451,55457
37930,85451,55458
37931,85451,55459
37932,85451,55460
37933,85451,55461
37934,85451,55462
37935,85451,55463
37936,85451,55464
37937,85451,55465
37938,85451,55466
37939,85451,55467
37940,85451,55468
37941,85451,55469
37942,85451,55470
37943,85451,55471
37944,85451,55472
37945,85451,55473
37946,85451,55474
37947,85451,55475
37948,85451,55476
37949,85451,55477
37950,85451,55478
37951,85451,55479
37952,85451,55480
37953,85451,55481
37954,85451,55482
37955,85451,55483
37956,85451,55484
37957,85451,55485
37958,85451,55486
37959,85451,55487
37960,85451,55488
37961,85451,55489
37962,85451,55490
37963,85451,55491
37964,85451,55492
37965,85451,55493
37966,85451,55494
37967,85451,55495
37968,85451,55496
37969,85451,55497
37970,85451,55498
37971,85451,55499
37972,85451,55500
37973,85451,55501
37974,85451,55502
37975,85451,55503
37976,85451,55504
37977,85451,55505
37978,85451,55506
37979,85451,55507
37980,85451,55508
37981,85451,55509
37982,85451,55510
37983,85451,55511
37984,85451,55512
37985,85451,55513
37986,85451,55514
37987,85451,55515
37988,85451,55516
37989,85451,55517
37990,85451,55518
37991,85452,55320
37992,85452,55321
37993,85452,55322
37994,85452,55323
37995,85452,55324
37996,85452,55325
37997,85452,55326
37998,85452,55327
37999,85452,55328
38000,85452,55329
38001,85452,55330
38002,85452,55331
38003,85452,55332
38004,85452,55333
38005,85452,55334
38006,85452,55335
38007,85452,55336
38008,85452,55337
38009,85452,55338
38010,85452,55339
38011,85452,55340
38012,85452,55341
38013,85452,55342
38014,85452,55343
38015,85452,55344
38016,85452,55345
38017,85452,55346
38018,85452,55347
38019,85452,55348
38020,85452,55349
38021,85452,55350
38022,85452,55351
38023,85452,55352
38024,85452,55353
38025,85452,55354
38026,85452,55355
38027,85452,55356
38028,85452,55357
38029,85452,55358
38030,85452,55359
38031,85452,55360
38032,85452,55361
38033,85452,55362
38034,85452,55363
38035,85452,55364
38036,85452,55365
38037,85452,55366
38038,85452,55367
38039,85452,55368
38040,85452,55369
38041,85452,55370
38042,85452,55371
38043,85452,55372
38044,85452,55373
38045,85452,55374
38046,85452,55375
38047,85452,55376
38048,85452,55377
38049,85452,55378
38050,85452,55379
38051,85452,55380
38052,85452,55381
38053,85452,55382
38054,85452,55383
38055,85452,55384
38056,85452,55385
38057,85452,55386
38058,85452,55387
38059,85452,55388
38060,85452,55389
38061,85452,55390
38062,85452,55391
38063,85452,55392
38064,85452,55393
38065,85452,55394
38066,85452,55395
38067,85452,55396
38068,85452,55397
38069,85452,55398
38070,85452,55399
38071,85452,55400
38072,85452,55401
38073,85452,55402
38074,85452,55403
38075,85452,55404
38076,85452,55405
38077,85452,55406
38078,85452,55407
38079,85452,55408
38080,85452,55409
38081,85452,55410
38082,85452,55411
38083,85452,55412
38084,85452,55413
38085,85452,55414
38086,85452,55415
38087,85452,55416
38088,85452,55417
38089,85452,55418
38090,85452,55419
38091,85452,55420
38092,85452,55421
38093,85452,55422
38094,85452,55423
38095,85452,55424
38096,85452,55425
38097,85452,55426
38098,85452,55427
38099,85452,55428
38100,85452,55429
38101,85452,55430
38102,85452,55431
38103,85452,55432
38104,85452,55433
38105,85452,55434
38106,85452,55435
38107,85452,55436
38108,85452,55437
38109,85452,55438
38110,85452,55439
38111,85452,55440
38112,85452,55441
38113,85452,55442
38114,85452,55443
38115,85452,55444
38116,85452,55445
38117,85452,55446
38118,85452,55447
38119,85452,55448
38120,85452,55449
38121,85452,55450
38122,85452,55451
38123,85452,55452
38124,85452,55453
38125,85452,55454
38126,85452,55455
38127,85452,55456
38128,85452,55457
38129,85452,55458
38130,85452,55459
38131,85452,55460
38132,85452,55461
38133,85452,55462
38134,85452,55463
38135,85452,55464
38136,85452,55465
38137,85452,55466
38138,85452,55467
38139,85452,55468
38140,85452,55469
38141,85452,55470
38142,85452,55471
38143,85452,55472
38144,85452,55473
38145,85452,55474
38146,85452,55475
38147,85452,55476
38148,85452,55477
38149,85452,55478
38150,85452,55479
38151,85452,55480
38152,85452,55481
38153,85452,55482
38154,85452,55483
38155,85452,55484
38156,85452,55485
38157,85452,55486
38158,85452,55487
38159,85452,55488
38160,85452,55489
38161,85452,55490
38162,85452,55491
38163,85452,55492
38164,85452,55493
38165,85452,55494
38166,85452,55495
38167,85452,55496
38168,85452,55497
38169,85452,55498
38170,85452,55499
38171,85452,55500
38172,85452,55501
38173,85452,55502
38174,85452,55503
38175,85452,55504
38176,85452,55505
38177,85452,55506
38178,85452,55507
38179,85452,55508
38180,85452,55509
38181,85452,55510
38182,85452,55511
38183,85452,55512
38184,85452,55513
38185,85452,55514
38186,85452,55515
38187,85452,55516
38188,85452,55517
38189,85452,55518
38190,85453,55320
38191,85453,55321
38192,85453,55322
38193,85453,55323
38194,85453,55324
38195,85453,55325
38196,85453,55326
38197,85453,55327
38198,85453,55328
38199,85453,55329
38200,85453,55330
38201,85453,55331
38202,85453,55332
38203,85453,55333
38204,85453,55334
38205,85453,55335
38206,85453,55336
38207,85453,55337
38208,85453,55338
38209,85453,55339
38210,85453,55340
38211,85453,55341
38212,85453,55342
38213,85453,55343
38214,85453,55344
38215,85453,55345
38216,85453,55346
38217,85453,55347
38218,85453,55348
38219,85453,55349
38220,85453,55350
38221,85453,55351
38222,85453,55352
38223,85453,55353
38224,85453,55354
38225,85453,55355
38226,85453,55356
38227,85453,55357
38228,85453,55358
38229,85453,55359
38230,85453,55360
38231,85453,55361
38232,85453,55362
38233,85453,55363
38234,85453,55364
38235,85453,55365
38236,85453,55366
38237,85453,55367
38238,85453,55368
38239,85453,55369
38240,85453,55370
38241,85453,55371
38242,85453,55372
38243,85453,55373
38244,85453,55374
38245,85453,55375
38246,85453,55376
38247,85453,55377
38248,85453,55378
38249,85453,55379
38250,85453,55380
38251,85453,55381
38252,85453,55382
38253,85453,55383
38254,85453,55384
38255,85453,55385
38256,85453,55386
38257,85453,55387
38258,85453,55388
38259,85453,55389
38260,85453,55390
38261,85453,55391
38262,85453,55392
38263,85453,55393
38264,85453,55394
38265,85453,55395
38266,85453,55396
38267,85453,55397
38268,85453,55398
38269,85453,55399
38270,85453,55400
38271,85453,55401
38272,85453,55402
38273,85453,55403
38274,85453,55404
38275,85453,55405
38276,85453,55406
38277,85453,55407
38278,85453,55408
38279,85453,55409
38280,85453,55410
38281,85453,55411
38282,85453,55412
38283,85453,55413
38284,85453,55414
38285,85453,55415
38286,85453,55416
38287,85453,55417
38288,85453,55418
38289,85453,55419
38290,85453,55420
38291,85453,55421
38292,85453,55422
38293,85453,55423
38294,85453,55424
38295,85453,55425
38296,85453,55426
38297,85453,55427
38298,85453,55428
38299,85453,55429
38300,85453,55430
38301,85453,55431
38302,85453,55432
38303,85453,55433
38304,85453,55434
38305,85453,55435
38306,85453,55436
38307,85453,55437
38308,85453,55438
38309,85453,55439
38310,85453,55440
38311,85453,55441
38312,85453,55442
38313,85453,55443
38314,85453,55444
38315,85453,55445
38316,85453,55446
38317,85453,55447
38318,85453,55448
38319,85453,55449
38320,85453,55450
38321,85453,55451
38322,85453,55452
38323,85453,55453
38324,85453,55454
38325,85453,55455
38326,85453,55456
38327,85453,55457
38328,85453,55458
38329,85453,55459
38330,85453,55460
38331,85453,55461
38332,85453,55462
38333,85453,55463
38334,85453,55464
38335,85453,55465
38336,85453,55466
38337,85453,55467
38338,85453,55468
38339,85453,55469
38340,85453,55470
38341,85453,55471
38342,85453,55472
38343,85453,55473
38344,85453,55474
38345,85453,55475
38346,85453,55476
38347,85453,55477
38348,85453,55478
38349,85453,55479
38350,85453,55480
38351,85453,55481
38352,85453,55482
38353,85453,55483
38354,85453,55484
38355,85453,55485
38356,85453,55486
38357,85453,55487
38358,85453,55488
38359,85453,55489
38360,85453,55490
38361,85453,55491
38362,85453,55492
38363,85453,55493
38364,85453,55494
38365,85453,55495
38366,85453,55496
38367,85453,55497
38368,85453,55498
38369,85453,55499
38370,85453,55500
38371,85453,55501
38372,85453,55502
38373,85453,55503
38374,85453,55504
38375,85453,55505
38376,85453,55506
38377,85453,55507
38378,85453,55508
38379,85453,55509
38380,85453,55510
38381,85453,55511
38382,85453,55512
38383,85453,55513
38384,85453,55514
38385,85453,55515
38386,85453,55516
38387,85453,55517
38388,85453,55518
38389,85454,55320
38390,85454,55321
38391,85454,55322
38392,85454,55323
38393,85454,55324
38394,85454,55325
38395,85454,55326
38396,85454,55327
38397,85454,55328
38398,85454,55329
38399,85454,55330
38400,85454,55331
38401,85454,55332
38402,85454,55333
38403,85454,55334
38404,85454,55335
38405,85454,55336
38406,85454,55337
38407,85454,55338
38408,85454,55339
38409,85454,55340
38410,85454,55341
38411,85454,55342
38412,85454,55343
38413,85454,55344
38414,85454,55345
38415,85454,55346
38416,85454,55347
38417,85454,55348
38418,85454,55349
38419,85454,55350
38420,85454,55351
38421,85454,55352
38422,85454,55353
38423,85454,55354
38424,85454,55355
38425,85454,55356
38426,85454,55357
38427,85454,55358
38428,85454,55359
38429,85454,55360
38430,85454,55361
38431,85454,55362
38432,85454,55363
38433,85454,55364
38434,85454,55365
38435,85454,55366
38436,85454,55367
38437,85454,55368
38438,85454,55369
38439,85454,55370
38440,85454,55371
38441,85454,55372
38442,85454,55373
38443,85454,55374
38444,85454,55375
38445,85454,55376
38446,85454,55377
38447,85454,55378
38448,85454,55379
38449,85454,55380
38450,85454,55381
38451,85454,55382
38452,85454,55383
38453,85454,55384
38454,85454,55385
38455,85454,55386
38456,85454,55387
38457,85454,55388
38458,85454,55389
38459,85454,55390
38460,85454,55391
38461,85454,55392
38462,85454,55393
38463,85454,55394
38464,85454,55395
38465,85454,55396
38466,85454,55397
38467,85454,55398
38468,85454,55399
38469,85454,55400
38470,85454,55401
38471,85454,55402
38472,85454,55403
38473,85454,55404
38474,85454,55405
38475,85454,55406
38476,85454,55407
38477,85454,55408
38478,85454,55409
38479,85454,55410
38480,85454,55411
38481,85454,55412
38482,85454,55413
38483,85454,55414
38484,85454,55415
38485,85454,55416
38486,85454,55417
38487,85454,55418
38488,85454,55419
38489,85454,55420
38490,85454,55421
38491,85454,55422
38492,85454,55423
38493,85454,55424
38494,85454,55425
38495,85454,55426
38496,85454,55427
38497,85454,55428
38498,85454,55429
38499,85454,55430
38500,85454,55431
38501,85454,55432
38502,85454,55433
38503,85454,55434
38504,85454,55435
38505,85454,55436
38506,85454,55437
38507,85454,55438
38508,85454,55439
38509,85454,55440
38510,85454,55441
38511,85454,55442
38512,85454,55443
38513,85454,55444
38514,85454,55445
38515,85454,55446
38516,85454,55447
38517,85454,55448
38518,85454,55449
38519,85454,55450
38520,85454,55451
38521,85454,55452
38522,85454,55453
38523,85454,55454
38524,85454,55455
38525,85454,55456
38526,85454,55457
38527,85454,55458
38528,85454,55459
38529,85454,55460
38530,85454,55461
38531,85454,55462
38532,85454,55463
38533,85454,55464
38534,85454,55465
38535,85454,55466
38536,85454,55467
38537,85454,55468
38538,85454,55469
38539,85454,55470
38540,85454,55471
38541,85454,55472
38542,85454,55473
38543,85454,55474
38544,85454,55475
38545,85454,55476
38546,85454,55477
38547,85454,55478
38548,85454,55479
38549,85454,55480
38550,85454,55481
38551,85454,55482
38552,85454,55483
38553,85454,55484
38554,85454,55485
38555,85454,55486
38556,85454,55487
38557,85454,55488
38558,85454,55489
38559,85454,55490
38560,85454,55491
38561,85454,55492
38562,85454,55493
38563,85454,55494
38564,85454,55495
38565,85454,55496
38566,85454,55497
38567,85454,55498
38568,85454,55499
38569,85454,55500
38570,85454,55501
38571,85454,55502
38572,85454,55503
38573,85454,55504
38574,85454,55505
38575,85454,55506
38576,85454,55507
38577,85454,55508
38578,85454,55509
38579,85454,55510
38580,85454,55511
38581,85454,55512
38582,85454,55513
38583,85454,55514
38584,85454,55515
38585,85454,55516
38586,85454,55517
38587,85454,55518
38588,85455,55320
38589,85455,55321
38590,85455,55322
38591,85455,55323
38592,85455,55324
38593,85455,55325
38594,85455,55326
38595,85455,55327
38596,85455,55328
38597,85455,55329
38598,85455,55330
38599,85455,55331
38600,85455,55332
38601,85455,55333
38602,85455,55334
38603,85455,55335
38604,85455,55336
38605,85455,55337
38606,85455,55338
38607,85455,55339
38608,85455,55340
38609,85455,55341
38610,85455,55342
38611,85455,55343
38612,85455,55344
38613,85455,55345
38614,85455,55346
38615,85455,55347
38616,85455,55348
38617,85455,55349
38618,85455,55350
38619,85455,55351
38620,85455,55352
38621,85455,55353
38622,85455,55354
38623,85455,55355
38624,85455,55356
38625,85455,55357
38626,85455,55358
38627,85455,55359
38628,85455,55360
38629,85455,55361
38630,85455,55362
38631,85455,55363
38632,85455,55364
38633,85455,55365
38634,85455,55366
38635,85455,55367
38636,85455,55368
38637,85455,55369
38638,85455,55370
38639,85455,55371
38640,85455,55372
38641,85455,55373
38642,85455,55374
38643,85455,55375
38644,85455,55376
38645,85455,55377
38646,85455,55378
38647,85455,55379
38648,85455,55380
38649,85455,55381
38650,85455,55382
38651,85455,55383
38652,85455,55384
38653,85455,55385
38654,85455,55386
38655,85455,55387
38656,85455,55388
38657,85455,55389
38658,85455,55390
38659,85455,55391
38660,85455,55392
38661,85455,55393
38662,85455,55394
38663,85455,55395
38664,85455,55396
38665,85455,55397
38666,85455,55398
38667,85455,55399
38668,85455,55400
38669,85455,55401
38670,85455,55402
38671,85455,55403
38672,85455,55404
38673,85455,55405
38674,85455,55406
38675,85455,55407
38676,85455,55408
38677,85455,55409
38678,85455,55410
38679,85455,55411
38680,85455,55412
38681,85455,55413
38682,85455,55414
38683,85455,55415
38684,85455,55416
38685,85455,55417
38686,85455,55418
38687,85455,55419
38688,85455,55420
38689,85455,55421
38690,85455,55422
38691,85455,55423
38692,85455,55424
38693,85455,55425
38694,85455,55426
38695,85455,55427
38696,85455,55428
38697,85455,55429
38698,85455,55430
38699,85455,55431
38700,85455,55432
38701,85455,55433
38702,85455,55434
38703,85455,55435
38704,85455,55436
38705,85455,55437
38706,85455,55438
38707,85455,55439
38708,85455,55440
38709,85455,55441
38710,85455,55442
38711,85455,55443
38712,85455,55444
38713,85455,55445
38714,85455,55446
38715,85455,55447
38716,85455,55448
38717,85455,55449
38718,85455,55450
38719,85455,55451
38720,85455,55452
38721,85455,55453
38722,85455,55454
38723,85455,55455
38724,85455,55456
38725,85455,55457
38726,85455,55458
38727,85455,55459
38728,85455,55460
38729,85455,55461
38730,85455,55462
38731,85455,55463
38732,85455,55464
38733,85455,55465
38734,85455,55466
38735,85455,55467
38736,85455,55468
38737,85455,55469
38738,85455,55470
38739,85455,55471
38740,85455,55472
38741,85455,55473
38742,85455,55474
38743,85455,55475
38744,85455,55476
38745,85455,55477
38746,85455,55478
38747,85455,55479
38748,85455,55480
38749,85455,55481
38750,85455,55482
38751,85455,55483
38752,85455,55484
38753,85455,55485
38754,85455,55486
38755,85455,55487
38756,85455,55488
38757,85455,55489
38758,85455,55490
38759,85455,55491
38760,85455,55492
38761,85455,55493
38762,85455,55494
38763,85455,55495
38764,85455,55496
38765,85455,55497
38766,85455,55498
38767,85455,55499
38768,85455,55500
38769,85455,55501
38770,85455,55502
38771,85455,55503
38772,85455,55504
38773,85455,55505
38774,85455,55506
38775,85455,55507
38776,85455,55508
38777,85455,55509
38778,85455,55510
38779,85455,55511
38780,85455,55512
38781,85455,55513
38782,85455,55514
38783,85455,55515
38784,85455,55516
38785,85455,55517
38786,85455,55518
38787,85456,55320
38788,85456,55321
38789,85456,55322
38790,85456,55323
38791,85456,55324
38792,85456,55325
38793,85456,55326
38794,85456,55327
38795,85456,55328
38796,85456,55329
38797,85456,55330
38798,85456,55331
38799,85456,55332
38800,85456,55333
38801,85456,55334
38802,85456,55335
38803,85456,55336
38804,85456,55337
38805,85456,55338
38806,85456,55339
38807,85456,55340
38808,85456,55341
38809,85456,55342
38810,85456,55343
38811,85456,55344
38812,85456,55345
38813,85456,55346
38814,85456,55347
38815,85456,55348
38816,85456,55349
38817,85456,55350
38818,85456,55351
38819,85456,55352
38820,85456,55353
38821,85456,55354
38822,85456,55355
38823,85456,55356
38824,85456,55357
38825,85456,55358
38826,85456,55359
38827,85456,55360
38828,85456,55361
38829,85456,55362
38830,85456,55363
38831,85456,55364
38832,85456,55365
38833,85456,55366
38834,85456,55367
38835,85456,55368
38836,85456,55369
38837,85456,55370
38838,85456,55371
38839,85456,55372
38840,85456,55373
38841,85456,55374
38842,85456,55375
38843,85456,55376
38844,85456,55377
38845,85456,55378
38846,85456,55379
38847,85456,55380
38848,85456,55381
38849,85456,55382
38850,85456,55383
38851,85456,55384
38852,85456,55385
38853,85456,55386
38854,85456,55387
38855,85456,55388
38856,85456,55389
38857,85456,55390
38858,85456,55391
38859,85456,55392
38860,85456,55393
38861,85456,55394
38862,85456,55395
38863,85456,55396
38864,85456,55397
38865,85456,55398
38866,85456,55399
38867,85456,55400
38868,85456,55401
38869,85456,55402
38870,85456,55403
38871,85456,55404
38872,85456,55405
38873,85456,55406
38874,85456,55407
38875,85456,55408
38876,85456,55409
38877,85456,55410
38878,85456,55411
38879,85456,55412
38880,85456,55413
38881,85456,55414
38882,85456,55415
38883,85456,55416
38884,85456,55417
38885,85456,55418
38886,85456,55419
38887,85456,55420
38888,85456,55421
38889,85456,55422
38890,85456,55423
38891,85456,55424
38892,85456,55425
38893,85456,55426
38894,85456,55427
38895,85456,55428
38896,85456,55429
38897,85456,55430
38898,85456,55431
38899,85456,55432
38900,85456,55433
38901,85456,55434
38902,85456,55435
38903,85456,55436
38904,85456,55437
38905,85456,55438
38906,85456,55439
38907,85456,55440
38908,85456,55441
38909,85456,55442
38910,85456,55443
38911,85456,55444
38912,85456,55445
38913,85456,55446
38914,85456,55447
38915,85456,55448
38916,85456,55449
38917,85456,55450
38918,85456,55451
38919,85456,55452
38920,85456,55453
38921,85456,55454
38922,85456,55455
38923,85456,55456
38924,85456,55457
38925,85456,55458
38926,85456,55459
38927,85456,55460
38928,85456,55461
38929,85456,55462
38930,85456,55463
38931,85456,55464
38932,85456,55465
38933,85456,55466
38934,85456,55467
38935,85456,55468
38936,85456,55469
38937,85456,55470
38938,85456,55471
38939,85456,55472
38940,85456,55473
38941,85456,55474
38942,85456,55475
38943,85456,55476
38944,85456,55477
38945,85456,55478
38946,85456,55479
38947,85456,55480
38948,85456,55481
38949,85456,55482
38950,85456,55483
38951,85456,55484
38952,85456,55485
38953,85456,55486
38954,85456,55487
38955,85456,55488
38956,85456,55489
38957,85456,55490
38958,85456,55491
38959,85456,55492
38960,85456,55493
38961,85456,55494
38962,85456,55495
38963,85456,55496
38964,85456,55497
38965,85456,55498
38966,85456,55499
38967,85456,55500
38968,85456,55501
38969,85456,55502
38970,85456,55503
38971,85456,55504
38972,85456,55505
38973,85456,55506
38974,85456,55507
38975,85456,55508
38976,85456,55509
38977,85456,55510
38978,85456,55511
38979,85456,55512
38980,85456,55513
38981,85456,55514
38982,85456,55515
38983,85456,55516
38984,85456,55517
38985,85456,55518
38986,85457,55320
38987,85457,55321
38988,85457,55322
38989,85457,55323
38990,85457,55324
38991,85457,55325
38992,85457,55326
38993,85457,55327
38994,85457,55328
38995,85457,55329
38996,85457,55330
38997,85457,55331
38998,85457,55332
38999,85457,55333
39000,85457,55334
39001,85457,55335
39002,85457,55336
39003,85457,55337
39004,85457,55338
39005,85457,55339
39006,85457,55340
39007,85457,55341
39008,85457,55342
39009,85457,55343
39010,85457,55344
39011,85457,55345
39012,85457,55346
39013,85457,55347
39014,85457,55348
39015,85457,55349
39016,85457,55350
39017,85457,55351
39018,85457,55352
39019,85457,55353
39020,85457,55354
39021,85457,55355
39022,85457,55356
39023,85457,55357
39024,85457,55358
39025,85457,55359
39026,85457,55360
39027,85457,55361
39028,85457,55362
39029,85457,55363
39030,85457,55364
39031,85457,55365
39032,85457,55366
39033,85457,55367
39034,85457,55368
39035,85457,55369
39036,85457,55370
39037,85457,55371
39038,85457,55372
39039,85457,55373
39040,85457,55374
39041,85457,55375
39042,85457,55376
39043,85457,55377
39044,85457,55378
39045,85457,55379
39046,85457,55380
39047,85457,55381
39048,85457,55382
39049,85457,55383
39050,85457,55384
39051,85457,55385
39052,85457,55386
39053,85457,55387
39054,85457,55388
39055,85457,55389
39056,85457,55390
39057,85457,55391
39058,85457,55392
39059,85457,55393
39060,85457,55394
39061,85457,55395
39062,85457,55396
39063,85457,55397
39064,85457,55398
39065,85457,55399
39066,85457,55400
39067,85457,55401
39068,85457,55402
39069,85457,55403
39070,85457,55404
39071,85457,55405
39072,85457,55406
39073,85457,55407
39074,85457,55408
39075,85457,55409
39076,85457,55410
39077,85457,55411
39078,85457,55412
39079,85457,55413
39080,85457,55414
39081,85457,55415
39082,85457,55416
39083,85457,55417
39084,85457,55418
39085,85457,55419
39086,85457,55420
39087,85457,55421
39088,85457,55422
39089,85457,55423
39090,85457,55424
39091,85457,55425
39092,85457,55426
39093,85457,55427
39094,85457,55428
39095,85457,55429
39096,85457,55430
39097,85457,55431
39098,85457,55432
39099,85457,55433
39100,85457,55434
39101,85457,55435
39102,85457,55436
39103,85457,55437
39104,85457,55438
39105,85457,55439
39106,85457,55440
39107,85457,55441
39108,85457,55442
39109,85457,55443
39110,85457,55444
39111,85457,55445
39112,85457,55446
39113,85457,55447
39114,85457,55448
39115,85457,55449
39116,85457,55450
39117,85457,55451
39118,85457,55452
39119,85457,55453
39120,85457,55454
39121,85457,55455
39122,85457,55456
39123,85457,55457
39124,85457,55458
39125,85457,55459
39126,85457,55460
39127,85457,55461
39128,85457,55462
39129,85457,55463
39130,85457,55464
39131,85457,55465
39132,85457,55466
39133,85457,55467
39134,85457,55468
39135,85457,55469
39136,85457,55470
39137,85457,55471
39138,85457,55472
39139,85457,55473
39140,85457,55474
39141,85457,55475
39142,85457,55476
39143,85457,55477
39144,85457,55478
39145,85457,55479
39146,85457,55480
39147,85457,55481
39148,85457,55482
39149,85457,55483
39150,85457,55484
39151,85457,55485
39152,85457,55486
39153,85457,55487
39154,85457,55488
39155,85457,55489
39156,85457,55490
39157,85457,55491
39158,85457,55492
39159,85457,55493
39160,85457,55494
39161,85457,55495
39162,85457,55496
39163,85457,55497
39164,85457,55498
39165,85457,55499
39166,85457,55500
39167,85457,55501
39168,85457,55502
39169,85457,55503
39170,85457,55504
39171,85457,55505
39172,85457,55506
39173,85457,55507
39174,85457,55508
39175,85457,55509
39176,85457,55510
39177,85457,55511
39178,85457,55512
39179,85457,55513
39180,85457,55514
39181,85457,55515
39182,85457,55516
39183,85457,55517
39184,85457,55518
39185,85458,55320
39186,85458,55321
39187,85458,55322
39188,85458,55323
39189,85458,55324
39190,85458,55325
39191,85458,55326
39192,85458,55327
39193,85458,55328
39194,85458,55329
39195,85458,55330
39196,85458,55331
39197,85458,55332
39198,85458,55333
39199,85458,55334
39200,85458,55335
39201,85458,55336
39202,85458,55337
39203,85458,55338
39204,85458,55339
39205,85458,55340
39206,85458,55341
39207,85458,55342
39208,85458,55343
39209,85458,55344
39210,85458,55345
39211,85458,55346
39212,85458,55347
39213,85458,55348
39214,85458,55349
39215,85458,55350
39216,85458,55351
39217,85458,55352
39218,85458,55353
39219,85458,55354
39220,85458,55355
39221,85458,55356
39222,85458,55357
39223,85458,55358
39224,85458,55359
39225,85458,55360
39226,85458,55361
39227,85458,55362
39228,85458,55363
39229,85458,55364
39230,85458,55365
39231,85458,55366
39232,85458,55367
39233,85458,55368
39234,85458,55369
39235,85458,55370
39236,85458,55371
39237,85458,55372
39238,85458,55373
39239,85458,55374
39240,85458,55375
39241,85458,55376
39242,85458,55377
39243,85458,55378
39244,85458,55379
39245,85458,55380
39246,85458,55381
39247,85458,55382
39248,85458,55383
39249,85458,55384
39250,85458,55385
39251,85458,55386
39252,85458,55387
39253,85458,55388
39254,85458,55389
39255,85458,55390
39256,85458,55391
39257,85458,55392
39258,85458,55393
39259,85458,55394
39260,85458,55395
39261,85458,55396
39262,85458,55397
39263,85458,55398
39264,85458,55399
39265,85458,55400
39266,85458,55401
39267,85458,55402
39268,85458,55403
39269,85458,55404
39270,85458,55405
39271,85458,55406
39272,85458,55407
39273,85458,55408
39274,85458,55409
39275,85458,55410
39276,85458,55411
39277,85458,55412
39278,85458,55413
39279,85458,55414
39280,85458,55415
39281,85458,55416
39282,85458,55417
39283,85458,55418
39284,85458,55419
39285,85458,55420
39286,85458,55421
39287,85458,55422
39288,85458,55423
39289,85458,55424
39290,85458,55425
39291,85458,55426
39292,85458,55427
39293,85458,55428
39294,85458,55429
39295,85458,55430
39296,85458,55431
39297,85458,55432
39298,85458,55433
39299,85458,55434
39300,85458,55435
39301,85458,55436
39302,85458,55437
39303,85458,55438
39304,85458,55439
39305,85458,55440
39306,85458,55441
39307,85458,55442
39308,85458,55443
39309,85458,55444
39310,85458,55445
39311,85458,55446
39312,85458,55447
39313,85458,55448
39314,85458,55449
39315,85458,55450
39316,85458,55451
39317,85458,55452
39318,85458,55453
39319,85458,55454
39320,85458,55455
39321,85458,55456
39322,85458,55457
39323,85458,55458
39324,85458,55459
39325,85458,55460
39326,85458,55461
39327,85458,55462
39328,85458,55463
39329,85458,55464
39330,85458,55465
39331,85458,55466
39332,85458,55467
39333,85458,55468
39334,85458,55469
39335,85458,55470
39336,85458,55471
39337,85458,55472
39338,85458,55473
39339,85458,55474
39340,85458,55475
39341,85458,55476
39342,85458,55477
39343,85458,55478
39344,85458,55479
39345,85458,55480
39346,85458,55481
39347,85458,55482
39348,85458,55483
39349,85458,55484
39350,85458,55485
39351,85458,55486
39352,85458,55487
39353,85458,55488
39354,85458,55489
39355,85458,55490
39356,85458,55491
39357,85458,55492
39358,85458,55493
39359,85458,55494
39360,85458,55495
39361,85458,55496
39362,85458,55497
39363,85458,55498
39364,85458,55499
39365,85458,55500
39366,85458,55501
39367,85458,55502
39368,85458,55503
39369,85458,55504
39370,85458,55505
39371,85458,55506
39372,85458,55507
39373,85458,55508
39374,85458,55509
39375,85458,55510
39376,85458,55511
39377,85458,55512
39378,85458,55513
39379,85458,55514
39380,85458,55515
39381,85458,55516
39382,85458,55517
39383,85458,55518
39384,85459,55320
39385,85459,55321
39386,85459,55322
39387,85459,55323
39388,85459,55324
39389,85459,55325
39390,85459,55326
39391,85459,55327
39392,85459,55328
39393,85459,55329
39394,85459,55330
39395,85459,55331
39396,85459,55332
39397,85459,55333
39398,85459,55334
39399,85459,55335
39400,85459,55336
39401,85459,55337
39402,85459,55338
39403,85459,55339
39404,85459,55340
39405,85459,55341
39406,85459,55342
39407,85459,55343
39408,85459,55344
39409,85459,55345
39410,85459,55346
39411,85459,55347
39412,85459,55348
39413,85459,55349
39414,85459,55350
39415,85459,55351
39416,85459,55352
39417,85459,55353
39418,85459,55354
39419,85459,55355
39420,85459,55356
39421,85459,55357
39422,85459,55358
39423,85459,55359
39424,85459,55360
39425,85459,55361
39426,85459,55362
39427,85459,55363
39428,85459,55364
39429,85459,55365
39430,85459,55366
39431,85459,55367
39432,85459,55368
39433,85459,55369
39434,85459,55370
39435,85459,55371
39436,85459,55372
39437,85459,55373
39438,85459,55374
39439,85459,55375
39440,85459,55376
39441,85459,55377
39442,85459,55378
39443,85459,55379
39444,85459,55380
39445,85459,55381
39446,85459,55382
39447,85459,55383
39448,85459,55384
39449,85459,55385
39450,85459,55386
39451,85459,55387
39452,85459,55388
39453,85459,55389
39454,85459,55390
39455,85459,55391
39456,85459,55392
39457,85459,55393
39458,85459,55394
39459,85459,55395
39460,85459,55396
39461,85459,55397
39462,85459,55398
39463,85459,55399
39464,85459,55400
39465,85459,55401
39466,85459,55402
39467,85459,55403
39468,85459,55404
39469,85459,55405
39470,85459,55406
39471,85459,55407
39472,85459,55408
39473,85459,55409
39474,85459,55410
39475,85459,55411
39476,85459,55412
39477,85459,55413
39478,85459,55414
39479,85459,55415
39480,85459,55416
39481,85459,55417
39482,85459,55418
39483,85459,55419
39484,85459,55420
39485,85459,55421
39486,85459,55422
39487,85459,55423
39488,85459,55424
39489,85459,55425
39490,85459,55426
39491,85459,55427
39492,85459,55428
39493,85459,55429
39494,85459,55430
39495,85459,55431
39496,85459,55432
39497,85459,55433
39498,85459,55434
39499,85459,55435
39500,85459,55436
39501,85459,55437
39502,85459,55438
39503,85459,55439
39504,85459,55440
39505,85459,55441
39506,85459,55442
39507,85459,55443
39508,85459,55444
39509,85459,55445
39510,85459,55446
39511,85459,55447
39512,85459,55448
39513,85459,55449
39514,85459,55450
39515,85459,55451
39516,85459,55452
39517,85459,55453
39518,85459,55454
39519,85459,55455
39520,85459,55456
39521,85459,55457
39522,85459,55458
39523,85459,55459
39524,85459,55460
39525,85459,55461
39526,85459,55462
39527,85459,55463
39528,85459,55464
39529,85459,55465
39530,85459,55466
39531,85459,55467
39532,85459,55468
39533,85459,55469
39534,85459,55470
39535,85459,55471
39536,85459,55472
39537,85459,55473
39538,85459,55474
39539,85459,55475
39540,85459,55476
39541,85459,55477
39542,85459,55478
39543,85459,55479
39544,85459,55480
39545,85459,55481
39546,85459,55482
39547,85459,55483
39548,85459,55484
39549,85459,55485
39550,85459,55486
39551,85459,55487
39552,85459,55488
39553,85459,55489
39554,85459,55490
39555,85459,55491
39556,85459,55492
39557,85459,55493
39558,85459,55494
39559,85459,55495
39560,85459,55496
39561,85459,55497
39562,85459,55498
39563,85459,55499
39564,85459,55500
39565,85459,55501
39566,85459,55502
39567,85459,55503
39568,85459,55504
39569,85459,55505
39570,85459,55506
39571,85459,55507
39572,85459,55508
39573,85459,55509
39574,85459,55510
39575,85459,55511
39576,85459,55512
39577,85459,55513
39578,85459,55514
39579,85459,55515
39580,85459,55516
39581,85459,55517
39582,85459,55518
39583,85460,55320
39584,85460,55321
39585,85460,55322
39586,85460,55323
39587,85460,55324
39588,85460,55325
39589,85460,55326
39590,85460,55327
39591,85460,55328
39592,85460,55329
39593,85460,55330
39594,85460,55331
39595,85460,55332
39596,85460,55333
39597,85460,55334
39598,85460,55335
39599,85460,55336
39600,85460,55337
39601,85460,55338
39602,85460,55339
39603,85460,55340
39604,85460,55341
39605,85460,55342
39606,85460,55343
39607,85460,55344
39608,85460,55345
39609,85460,55346
39610,85460,55347
39611,85460,55348
39612,85460,55349
39613,85460,55350
39614,85460,55351
39615,85460,55352
39616,85460,55353
39617,85460,55354
39618,85460,55355
39619,85460,55356
39620,85460,55357
39621,85460,55358
39622,85460,55359
39623,85460,55360
39624,85460,55361
39625,85460,55362
39626,85460,55363
39627,85460,55364
39628,85460,55365
39629,85460,55366
39630,85460,55367
39631,85460,55368
39632,85460,55369
39633,85460,55370
39634,85460,55371
39635,85460,55372
39636,85460,55373
39637,85460,55374
39638,85460,55375
39639,85460,55376
39640,85460,55377
39641,85460,55378
39642,85460,55379
39643,85460,55380
39644,85460,55381
39645,85460,55382
39646,85460,55383
39647,85460,55384
39648,85460,55385
39649,85460,55386
39650,85460,55387
39651,85460,55388
39652,85460,55389
39653,85460,55390
39654,85460,55391
39655,85460,55392
39656,85460,55393
39657,85460,55394
39658,85460,55395
39659,85460,55396
39660,85460,55397
39661,85460,55398
39662,85460,55399
39663,85460,55400
39664,85460,55401
39665,85460,55402
39666,85460,55403
39667,85460,55404
39668,85460,55405
39669,85460,55406
39670,85460,55407
39671,85460,55408
39672,85460,55409
39673,85460,55410
39674,85460,55411
39675,85460,55412
39676,85460,55413
39677,85460,55414
39678,85460,55415
39679,85460,55416
39680,85460,55417
39681,85460,55418
39682,85460,55419
39683,85460,55420
39684,85460,55421
39685,85460,55422
39686,85460,55423
39687,85460,55424
39688,85460,55425
39689,85460,55426
39690,85460,55427
39691,85460,55428
39692,85460,55429
39693,85460,55430
39694,85460,55431
39695,85460,55432
39696,85460,55433
39697,85460,55434
39698,85460,55435
39699,85460,55436
39700,85460,55437
39701,85460,55438
39702,85460,55439
39703,85460,55440
39704,85460,55441
39705,85460,55442
39706,85460,55443
39707,85460,55444
39708,85460,55445
39709,85460,55446
39710,85460,55447
39711,85460,55448
39712,85460,55449
39713,85460,55450
39714,85460,55451
39715,85460,55452
39716,85460,55453
39717,85460,55454
39718,85460,55455
39719,85460,55456
39720,85460,55457
39721,85460,55458
39722,85460,55459
39723,85460,55460
39724,85460,55461
39725,85460,55462
39726,85460,55463
39727,85460,55464
39728,85460,55465
39729,85460,55466
39730,85460,55467
39731,85460,55468
39732,85460,55469
39733,85460,55470
39734,85460,55471
39735,85460,55472
39736,85460,55473
39737,85460,55474
39738,85460,55475
39739,85460,55476
39740,85460,55477
39741,85460,55478
39742,85460,55479
39743,85460,55480
39744,85460,55481
39745,85460,55482
39746,85460,55483
39747,85460,55484
39748,85460,55485
39749,85460,55486
39750,85460,55487
39751,85460,55488
39752,85460,55489
39753,85460,55490
39754,85460,55491
39755,85460,55492
39756,85460,55493
39757,85460,55494
39758,85460,55495
39759,85460,55496
39760,85460,55497
39761,85460,55498
39762,85460,55499
39763,85460,55500
39764,85460,55501
39765,85460,55502
39766,85460,55503
39767,85460,55504
39768,85460,55505
39769,85460,55506
39770,85460,55507
39771,85460,55508
39772,85460,55509
39773,85460,55510
39774,85460,55511
39775,85460,55512
39776,85460,55513
39777,85460,55514
39778,85460,55515
39779,85460,55516
39780,85460,55517
39781,85460,55518
39782,85461,55320
39783,85461,55321
39784,85461,55322
39785,85461,55323
39786,85461,55324
39787,85461,55325
39788,85461,55326
39789,85461,55327
39790,85461,55328
39791,85461,55329
39792,85461,55330
39793,85461,55331
39794,85461,55332
39795,85461,55333
39796,85461,55334
39797,85461,55335
39798,85461,55336
39799,85461,55337
39800,85461,55338
39801,85461,55339
39802,85461,55340
39803,85461,55341
39804,85461,55342
39805,85461,55343
39806,85461,55344
39807,85461,55345
39808,85461,55346
39809,85461,55347
39810,85461,55348
39811,85461,55349
39812,85461,55350
39813,85461,55351
39814,85461,55352
39815,85461,55353
39816,85461,55354
39817,85461,55355
39818,85461,55356
39819,85461,55357
39820,85461,55358
39821,85461,55359
39822,85461,55360
39823,85461,55361
39824,85461,55362
39825,85461,55363
39826,85461,55364
39827,85461,55365
39828,85461,55366
39829,85461,55367
39830,85461,55368
39831,85461,55369
39832,85461,55370
39833,85461,55371
39834,85461,55372
39835,85461,55373
39836,85461,55374
39837,85461,55375
39838,85461,55376
39839,85461,55377
39840,85461,55378
39841,85461,55379
39842,85461,55380
39843,85461,55381
39844,85461,55382
39845,85461,55383
39846,85461,55384
39847,85461,55385
39848,85461,55386
39849,85461,55387
39850,85461,55388
39851,85461,55389
39852,85461,55390
39853,85461,55391
39854,85461,55392
39855,85461,55393
39856,85461,55394
39857,85461,55395
39858,85461,55396
39859,85461,55397
39860,85461,55398
39861,85461,55399
39862,85461,55400
39863,85461,55401
39864,85461,55402
39865,85461,55403
39866,85461,55404
39867,85461,55405
39868,85461,55406
39869,85461,55407
39870,85461,55408
39871,85461,55409
39872,85461,55410
39873,85461,55411
39874,85461,55412
39875,85461,55413
39876,85461,55414
39877,85461,55415
39878,85461,55416
39879,85461,55417
39880,85461,55418
39881,85461,55419
39882,85461,55420
39883,85461,55421
39884,85461,55422
39885,85461,55423
39886,85461,55424
39887,85461,55425
39888,85461,55426
39889,85461,55427
39890,85461,55428
39891,85461,55429
39892,85461,55430
39893,85461,55431
39894,85461,55432
39895,85461,55433
39896,85461,55434
39897,85461,55435
39898,85461,55436
39899,85461,55437
39900,85461,55438
39901,85461,55439
39902,85461,55440
39903,85461,55441
39904,85461,55442
39905,85461,55443
39906,85461,55444
39907,85461,55445
39908,85461,55446
39909,85461,55447
39910,85461,55448
39911,85461,55449
39912,85461,55450
39913,85461,55451
39914,85461,55452
39915,85461,55453
39916,85461,55454
39917,85461,55455
39918,85461,55456
39919,85461,55457
39920,85461,55458
39921,85461,55459
39922,85461,55460
39923,85461,55461
39924,85461,55462
39925,85461,55463
39926,85461,55464
39927,85461,55465
39928,85461,55466
39929,85461,55467
39930,85461,55468
39931,85461,55469
39932,85461,55470
39933,85461,55471
39934,85461,55472
39935,85461,55473
39936,85461,55474
39937,85461,55475
39938,85461,55476
39939,85461,55477
39940,85461,55478
39941,85461,55479
39942,85461,55480
39943,85461,55481
39944,85461,55482
39945,85461,55483
39946,85461,55484
39947,85461,55485
39948,85461,55486
39949,85461,55487
39950,85461,55488
39951,85461,55489
39952,85461,55490
39953,85461,55491
39954,85461,55492
39955,85461,55493
39956,85461,55494
39957,85461,55495
39958,85461,55496
39959,85461,55497
39960,85461,55498
39961,85461,55499
39962,85461,55500
39963,85461,55501
39964,85461,55502
39965,85461,55503
39966,85461,55504
39967,85461,55505
39968,85461,55506
39969,85461,55507
39970,85461,55508
39971,85461,55509
39972,85461,55510
39973,85461,55511
39974,85461,55512
39975,85461,55513
39976,85461,55514
39977,85461,55515
39978,85461,55516
39979,85461,55517
39980,85461,55518
39981,85462,55320
39982,85462,55321
39983,85462,55322
39984,85462,55323
39985,85462,55324
39986,85462,55325
39987,85462,55326
39988,85462,55327
39989,85462,55328
39990,85462,55329
39991,85462,55330
39992,85462,55331
39993,85462,55332
39994,85462,55333
39995,85462,55334
39996,85462,55335
39997,85462,55336
39998,85462,55337
39999,85462,55338
40000,85462,55339
40001,85462,55340
40002,85462,55341
40003,85462,55342
40004,85462,55343
40005,85462,55344
40006,85462,55345
40007,85462,55346
40008,85462,55347
40009,85462,55348
40010,85462,55349
40011,85462,55350
40012,85462,55351
40013,85462,55352
40014,85462,55353
40015,85462,55354
40016,85462,55355
40017,85462,55356
40018,85462,55357
40019,85462,55358
40020,85462,55359
40021,85462,55360
40022,85462,55361
40023,85462,55362
40024,85462,55363
40025,85462,55364
40026,85462,55365
40027,85462,55366
40028,85462,55367
40029,85462,55368
40030,85462,55369
40031,85462,55370
40032,85462,55371
40033,85462,55372
40034,85462,55373
40035,85462,55374
40036,85462,55375
40037,85462,55376
40038,85462,55377
40039,85462,55378
40040,85462,55379
40041,85462,55380
40042,85462,55381
40043,85462,55382
40044,85462,55383
40045,85462,55384
40046,85462,55385
40047,85462,55386
40048,85462,55387
40049,85462,55388
40050,85462,55389
40051,85462,55390
40052,85462,55391
40053,85462,55392
40054,85462,55393
40055,85462,55394
40056,85462,55395
40057,85462,55396
40058,85462,55397
40059,85462,55398
40060,85462,55399
40061,85462,55400
40062,85462,55401
40063,85462,55402
40064,85462,55403
40065,85462,55404
40066,85462,55405
40067,85462,55406
40068,85462,55407
40069,85462,55408
40070,85462,55409
40071,85462,55410
40072,85462,55411
40073,85462,55412
40074,85462,55413
40075,85462,55414
40076,85462,55415
40077,85462,55416
40078,85462,55417
40079,85462,55418
40080,85462,55419
40081,85462,55420
40082,85462,55421
40083,85462,55422
40084,85462,55423
40085,85462,55424
40086,85462,55425
40087,85462,55426
40088,85462,55427
40089,85462,55428
40090,85462,55429
40091,85462,55430
40092,85462,55431
40093,85462,55432
40094,85462,55433
40095,85462,55434
40096,85462,55435
40097,85462,55436
40098,85462,55437
40099,85462,55438
40100,85462,55439
40101,85462,55440
40102,85462,55441
40103,85462,55442
40104,85462,55443
40105,85462,55444
40106,85462,55445
40107,85462,55446
40108,85462,55447
40109,85462,55448
40110,85462,55449
40111,85462,55450
40112,85462,55451
40113,85462,55452
40114,85462,55453
40115,85462,55454
40116,85462,55455
40117,85462,55456
40118,85462,55457
40119,85462,55458
40120,85462,55459
40121,85462,55460
40122,85462,55461
40123,85462,55462
40124,85462,55463
40125,85462,55464
40126,85462,55465
40127,85462,55466
40128,85462,55467
40129,85462,55468
40130,85462,55469
40131,85462,55470
40132,85462,55471
40133,85462,55472
40134,85462,55473
40135,85462,55474
40136,85462,55475
40137,85462,55476
40138,85462,55477
40139,85462,55478
40140,85462,55479
40141,85462,55480
40142,85462,55481
40143,85462,55482
40144,85462,55483
40145,85462,55484
40146,85462,55485
40147,85462,55486
40148,85462,55487
40149,85462,55488
40150,85462,55489
40151,85462,55490
40152,85462,55491
40153,85462,55492
40154,85462,55493
40155,85462,55494
40156,85462,55495
40157,85462,55496
40158,85462,55497
40159,85462,55498
40160,85462,55499
40161,85462,55500
40162,85462,55501
40163,85462,55502
40164,85462,55503
40165,85462,55504
40166,85462,55505
40167,85462,55506
40168,85462,55507
40169,85462,55508
40170,85462,55509
40171,85462,55510
40172,85462,55511
40173,85462,55512
40174,85462,55513
40175,85462,55514
40176,85462,55515
40177,85462,55516
40178,85462,55517
40179,85462,55518
40180,85463,55320
40181,85463,55321
40182,85463,55322
40183,85463,55323
40184,85463,55324
40185,85463,55325
40186,85463,55326
40187,85463,55327
40188,85463,55328
40189,85463,55329
40190,85463,55330
40191,85463,55331
40192,85463,55332
40193,85463,55333
40194,85463,55334
40195,85463,55335
40196,85463,55336
40197,85463,55337
40198,85463,55338
40199,85463,55339
40200,85463,55340
40201,85463,55341
40202,85463,55342
40203,85463,55343
40204,85463,55344
40205,85463,55345
40206,85463,55346
40207,85463,55347
40208,85463,55348
40209,85463,55349
40210,85463,55350
40211,85463,55351
40212,85463,55352
40213,85463,55353
40214,85463,55354
40215,85463,55355
40216,85463,55356
40217,85463,55357
40218,85463,55358
40219,85463,55359
40220,85463,55360
40221,85463,55361
40222,85463,55362
40223,85463,55363
40224,85463,55364
40225,85463,55365
40226,85463,55366
40227,85463,55367
40228,85463,55368
40229,85463,55369
40230,85463,55370
40231,85463,55371
40232,85463,55372
40233,85463,55373
40234,85463,55374
40235,85463,55375
40236,85463,55376
40237,85463,55377
40238,85463,55378
40239,85463,55379
40240,85463,55380
40241,85463,55381
40242,85463,55382
40243,85463,55383
40244,85463,55384
40245,85463,55385
40246,85463,55386
40247,85463,55387
40248,85463,55388
40249,85463,55389
40250,85463,55390
40251,85463,55391
40252,85463,55392
40253,85463,55393
40254,85463,55394
40255,85463,55395
40256,85463,55396
40257,85463,55397
40258,85463,55398
40259,85463,55399
40260,85463,55400
40261,85463,55401
40262,85463,55402
40263,85463,55403
40264,85463,55404
40265,85463,55405
40266,85463,55406
40267,85463,55407
40268,85463,55408
40269,85463,55409
40270,85463,55410
40271,85463,55411
40272,85463,55412
40273,85463,55413
40274,85463,55414
40275,85463,55415
40276,85463,55416
40277,85463,55417
40278,85463,55418
40279,85463,55419
40280,85463,55420
40281,85463,55421
40282,85463,55422
40283,85463,55423
40284,85463,55424
40285,85463,55425
40286,85463,55426
40287,85463,55427
40288,85463,55428
40289,85463,55429
40290,85463,55430
40291,85463,55431
40292,85463,55432
40293,85463,55433
40294,85463,55434
40295,85463,55435
40296,85463,55436
40297,85463,55437
40298,85463,55438
40299,85463,55439
40300,85463,55440
40301,85463,55441
40302,85463,55442
40303,85463,55443
40304,85463,55444
40305,85463,55445
40306,85463,55446
40307,85463,55447
40308,85463,55448
40309,85463,55449
40310,85463,55450
40311,85463,55451
40312,85463,55452
40313,85463,55453
40314,85463,55454
40315,85463,55455
40316,85463,55456
40317,85463,55457
40318,85463,55458
40319,85463,55459
40320,85463,55460
40321,85463,55461
40322,85463,55462
40323,85463,55463
40324,85463,55464
40325,85463,55465
40326,85463,55466
40327,85463,55467
40328,85463,55468
40329,85463,55469
40330,85463,55470
40331,85463,55471
40332,85463,55472
40333,85463,55473
40334,85463,55474
40335,85463,55475
40336,85463,55476
40337,85463,55477
40338,85463,55478
40339,85463,55479
40340,85463,55480
40341,85463,55481
40342,85463,55482
40343,85463,55483
40344,85463,55484
40345,85463,55485
40346,85463,55486
40347,85463,55487
40348,85463,55488
40349,85463,55489
40350,85463,55490
40351,85463,55491
40352,85463,55492
40353,85463,55493
40354,85463,55494
40355,85463,55495
40356,85463,55496
40357,85463,55497
40358,85463,55498
40359,85463,55499
40360,85463,55500
40361,85463,55501
40362,85463,55502
40363,85463,55503
40364,85463,55504
40365,85463,55505
40366,85463,55506
40367,85463,55507
40368,85463,55508
40369,85463,55509
40370,85463,55510
40371,85463,55511
40372,85463,55512
40373,85463,55513
40374,85463,55514
40375,85463,55515
40376,85463,55516
40377,85463,55517
40378,85463,55518
40379,85464,55320
40380,85464,55321
40381,85464,55322
40382,85464,55323
40383,85464,55324
40384,85464,55325
40385,85464,55326
40386,85464,55327
40387,85464,55328
40388,85464,55329
40389,85464,55330
40390,85464,55331
40391,85464,55332
40392,85464,55333
40393,85464,55334
40394,85464,55335
40395,85464,55336
40396,85464,55337
40397,85464,55338
40398,85464,55339
40399,85464,55340
40400,85464,55341
40401,85464,55342
40402,85464,55343
40403,85464,55344
40404,85464,55345
40405,85464,55346
40406,85464,55347
40407,85464,55348
40408,85464,55349
40409,85464,55350
40410,85464,55351
40411,85464,55352
40412,85464,55353
40413,85464,55354
40414,85464,55355
40415,85464,55356
40416,85464,55357
40417,85464,55358
40418,85464,55359
40419,85464,55360
40420,85464,55361
40421,85464,55362
40422,85464,55363
40423,85464,55364
40424,85464,55365
40425,85464,55366
40426,85464,55367
40427,85464,55368
40428,85464,55369
40429,85464,55370
40430,85464,55371
40431,85464,55372
40432,85464,55373
40433,85464,55374
40434,85464,55375
40435,85464,55376
40436,85464,55377
40437,85464,55378
40438,85464,55379
40439,85464,55380
40440,85464,55381
40441,85464,55382
40442,85464,55383
40443,85464,55384
40444,85464,55385
40445,85464,55386
40446,85464,55387
40447,85464,55388
40448,85464,55389
40449,85464,55390
40450,85464,55391
40451,85464,55392
40452,85464,55393
40453,85464,55394
40454,85464,55395
40455,85464,55396
40456,85464,55397
40457,85464,55398
40458,85464,55399
40459,85464,55400
40460,85464,55401
40461,85464,55402
40462,85464,55403
40463,85464,55404
40464,85464,55405
40465,85464,55406
40466,85464,55407
40467,85464,55408
40468,85464,55409
40469,85464,55410
40470,85464,55411
40471,85464,55412
40472,85464,55413
40473,85464,55414
40474,85464,55415
40475,85464,55416
40476,85464,55417
40477,85464,55418
40478,85464,55419
40479,85464,55420
40480,85464,55421
40481,85464,55422
40482,85464,55423
40483,85464,55424
40484,85464,55425
40485,85464,55426
40486,85464,55427
40487,85464,55428
40488,85464,55429
40489,85464,55430
40490,85464,55431
40491,85464,55432
40492,85464,55433
40493,85464,55434
40494,85464,55435
40495,85464,55436
40496,85464,55437
40497,85464,55438
40498,85464,55439
40499,85464,55440
40500,85464,55441
40501,85464,55442
40502,85464,55443
40503,85464,55444
40504,85464,55445
40505,85464,55446
40506,85464,55447
40507,85464,55448
40508,85464,55449
40509,85464,55450
40510,85464,55451
40511,85464,55452
40512,85464,55453
40513,85464,55454
40514,85464,55455
40515,85464,55456
40516,85464,55457
40517,85464,55458
40518,85464,55459
40519,85464,55460
40520,85464,55461
40521,85464,55462
40522,85464,55463
40523,85464,55464
40524,85464,55465
40525,85464,55466
40526,85464,55467
40527,85464,55468
40528,85464,55469
40529,85464,55470
40530,85464,55471
40531,85464,55472
40532,85464,55473
40533,85464,55474
40534,85464,55475
40535,85464,55476
40536,85464,55477
40537,85464,55478
40538,85464,55479
40539,85464,55480
40540,85464,55481
40541,85464,55482
40542,85464,55483
40543,85464,55484
40544,85464,55485
40545,85464,55486
40546,85464,55487
40547,85464,55488
40548,85464,55489
40549,85464,55490
40550,85464,55491
40551,85464,55492
40552,85464,55493
40553,85464,55494
40554,85464,55495
40555,85464,55496
40556,85464,55497
40557,85464,55498
40558,85464,55499
40559,85464,55500
40560,85464,55501
40561,85464,55502
40562,85464,55503
40563,85464,55504
40564,85464,55505
40565,85464,55506
40566,85464,55507
40567,85464,55508
40568,85464,55509
40569,85464,55510
40570,85464,55511
40571,85464,55512
40572,85464,55513
40573,85464,55514
40574,85464,55515
40575,85464,55516
40576,85464,55517
40577,85464,55518
40578,85465,55320
40579,85465,55321
40580,85465,55322
40581,85465,55323
40582,85465,55324
40583,85465,55325
40584,85465,55326
40585,85465,55327
40586,85465,55328
40587,85465,55329
40588,85465,55330
40589,85465,55331
40590,85465,55332
40591,85465,55333
40592,85465,55334
40593,85465,55335
40594,85465,55336
40595,85465,55337
40596,85465,55338
40597,85465,55339
40598,85465,55340
40599,85465,55341
40600,85465,55342
40601,85465,55343
40602,85465,55344
40603,85465,55345
40604,85465,55346
40605,85465,55347
40606,85465,55348
40607,85465,55349
40608,85465,55350
40609,85465,55351
40610,85465,55352
40611,85465,55353
40612,85465,55354
40613,85465,55355
40614,85465,55356
40615,85465,55357
40616,85465,55358
40617,85465,55359
40618,85465,55360
40619,85465,55361
40620,85465,55362
40621,85465,55363
40622,85465,55364
40623,85465,55365
40624,85465,55366
40625,85465,55367
40626,85465,55368
40627,85465,55369
40628,85465,55370
40629,85465,55371
40630,85465,55372
40631,85465,55373
40632,85465,55374
40633,85465,55375
40634,85465,55376
40635,85465,55377
40636,85465,55378
40637,85465,55379
40638,85465,55380
40639,85465,55381
40640,85465,55382
40641,85465,55383
40642,85465,55384
40643,85465,55385
40644,85465,55386
40645,85465,55387
40646,85465,55388
40647,85465,55389
40648,85465,55390
40649,85465,55391
40650,85465,55392
40651,85465,55393
40652,85465,55394
40653,85465,55395
40654,85465,55396
40655,85465,55397
40656,85465,55398
40657,85465,55399
40658,85465,55400
40659,85465,55401
40660,85465,55402
40661,85465,55403
40662,85465,55404
40663,85465,55405
40664,85465,55406
40665,85465,55407
40666,85465,55408
40667,85465,55409
40668,85465,55410
40669,85465,55411
40670,85465,55412
40671,85465,55413
40672,85465,55414
40673,85465,55415
40674,85465,55416
40675,85465,55417
40676,85465,55418
40677,85465,55419
40678,85465,55420
40679,85465,55421
40680,85465,55422
40681,85465,55423
40682,85465,55424
40683,85465,55425
40684,85465,55426
40685,85465,55427
40686,85465,55428
40687,85465,55429
40688,85465,55430
40689,85465,55431
40690,85465,55432
40691,85465,55433
40692,85465,55434
40693,85465,55435
40694,85465,55436
40695,85465,55437
40696,85465,55438
40697,85465,55439
40698,85465,55440
40699,85465,55441
40700,85465,55442
40701,85465,55443
40702,85465,55444
40703,85465,55445
40704,85465,55446
40705,85465,55447
40706,85465,55448
40707,85465,55449
40708,85465,55450
40709,85465,55451
40710,85465,55452
40711,85465,55453
40712,85465,55454
40713,85465,55455
40714,85465,55456
40715,85465,55457
40716,85465,55458
40717,85465,55459
40718,85465,55460
40719,85465,55461
40720,85465,55462
40721,85465,55463
40722,85465,55464
40723,85465,55465
40724,85465,55466
40725,85465,55467
40726,85465,55468
40727,85465,55469
40728,85465,55470
40729,85465,55471
40730,85465,55472
40731,85465,55473
40732,85465,55474
40733,85465,55475
40734,85465,55476
40735,85465,55477
40736,85465,55478
40737,85465,55479
40738,85465,55480
40739,85465,55481
40740,85465,55482
40741,85465,55483
40742,85465,55484
40743,85465,55485
40744,85465,55486
40745,85465,55487
40746,85465,55488
40747,85465,55489
40748,85465,55490
40749,85465,55491
40750,85465,55492
40751,85465,55493
40752,85465,55494
40753,85465,55495
40754,85465,55496
40755,85465,55497
40756,85465,55498
40757,85465,55499
40758,85465,55500
40759,85465,55501
40760,85465,55502
40761,85465,55503
40762,85465,55504
40763,85465,55505
40764,85465,55506
40765,85465,55507
40766,85465,55508
40767,85465,55509
40768,85465,55510
40769,85465,55511
40770,85465,55512
40771,85465,55513
40772,85465,55514
40773,85465,55515
40774,85465,55516
40775,85465,55517
40776,85465,55518
40777,85465,55519
40778,85466,55320
40779,85466,55321
40780,85466,55322
40781,85466,55323
40782,85466,55324
40783,85466,55325
40784,85466,55326
40785,85466,55327
40786,85466,55328
40787,85466,55329
40788,85466,55330
40789,85466,55331
40790,85466,55332
40791,85466,55333
40792,85466,55334
40793,85466,55335
40794,85466,55336
40795,85466,55337
40796,85466,55338
40797,85466,55339
40798,85466,55340
40799,85466,55341
40800,85466,55342
40801,85466,55343
40802,85466,55344
40803,85466,55345
40804,85466,55346
40805,85466,55347
40806,85466,55348
40807,85466,55349
40808,85466,55350
40809,85466,55351
40810,85466,55352
40811,85466,55353
40812,85466,55354
40813,85466,55355
40814,85466,55356
40815,85466,55357
40816,85466,55358
40817,85466,55359
40818,85466,55360
40819,85466,55361
40820,85466,55362
40821,85466,55363
40822,85466,55364
40823,85466,55365
40824,85466,55366
40825,85466,55367
40826,85466,55368
40827,85466,55369
40828,85466,55370
40829,85466,55371
40830,85466,55372
40831,85466,55373
40832,85466,55374
40833,85466,55375
40834,85466,55376
40835,85466,55377
40836,85466,55378
40837,85466,55379
40838,85466,55380
40839,85466,55381
40840,85466,55382
40841,85466,55383
40842,85466,55384
40843,85466,55385
40844,85466,55386
40845,85466,55387
40846,85466,55388
40847,85466,55389
40848,85466,55390
40849,85466,55391
40850,85466,55392
40851,85466,55393
40852,85466,55394
40853,85466,55395
40854,85466,55396
40855,85466,55397
40856,85466,55398
40857,85466,55399
40858,85466,55400
40859,85466,55401
40860,85466,55402
40861,85466,55403
40862,85466,55404
40863,85466,55405
40864,85466,55406
40865,85466,55407
40866,85466,55408
40867,85466,55409
40868,85466,55410
40869,85466,55411
40870,85466,55412
40871,85466,55413
40872,85466,55414
40873,85466,55415
40874,85466,55416
40875,85466,55417
40876,85466,55418
40877,85466,55419
40878,85466,55420
40879,85466,55421
40880,85466,55422
40881,85466,55423
40882,85466,55424
40883,85466,55425
40884,85466,55426
40885,85466,55427
40886,85466,55428
40887,85466,55429
40888,85466,55430
40889,85466,55431
40890,85466,55432
40891,85466,55433
40892,85466,55434
40893,85466,55435
40894,85466,55436
40895,85466,55437
40896,85466,55438
40897,85466,55439
40898,85466,55440
40899,85466,55441
40900,85466,55442
40901,85466,55443
40902,85466,55444
40903,85466,55445
40904,85466,55446
40905,85466,55447
40906,85466,55448
40907,85466,55449
40908,85466,55450
40909,85466,55451
40910,85466,55452
40911,85466,55453
40912,85466,55454
40913,85466,55455
40914,85466,55456
40915,85466,55457
40916,85466,55458
40917,85466,55459
40918,85466,55460
40919,85466,55461
40920,85466,55462
40921,85466,55463
40922,85466,55464
40923,85466,55465
40924,85466,55466
40925,85466,55467
40926,85466,55468
40927,85466,55469
40928,85466,55470
40929,85466,55471
40930,85466,55472
40931,85466,55473
40932,85466,55474
40933,85466,55475
40934,85466,55476
40935,85466,55477
40936,85466,55478
40937,85466,55479
40938,85466,55480
40939,85466,55481
40940,85466,55482
40941,85466,55483
40942,85466,55484
40943,85466,55485
40944,85466,55486
40945,85466,55487
40946,85466,55488
40947,85466,55489
40948,85466,55490
40949,85466,55491
40950,85466,55492
40951,85466,55493
40952,85466,55494
40953,85466,55495
40954,85466,55496
40955,85466,55497
40956,85466,55498
40957,85466,55499
40958,85466,55500
40959,85466,55501
40960,85466,55502
40961,85466,55503
40962,85466,55504
40963,85466,55505
40964,85466,55506
40965,85466,55507
40966,85466,55508
40967,85466,55509
40968,85466,55510
40969,85466,55511
40970,85466,55512
40971,85466,55513
40972,85466,55514
40973,85466,55515
40974,85466,55516
40975,85466,55517
40976,85466,55518
40977,85466,55519
40978,85467,55320
40979,85467,55321
40980,85467,55322
40981,85467,55323
40982,85467,55324
40983,85467,55325
40984,85467,55326
40985,85467,55327
40986,85467,55328
40987,85467,55329
40988,85467,55330
40989,85467,55331
40990,85467,55332
40991,85467,55333
40992,85467,55334
40993,85467,55335
40994,85467,55336
40995,85467,55337
40996,85467,55338
40997,85467,55339
40998,85467,55340
40999,85467,55341
41000,85467,55342
41001,85467,55343
41002,85467,55344
41003,85467,55345
41004,85467,55346
41005,85467,55347
41006,85467,55348
41007,85467,55349
41008,85467,55350
41009,85467,55351
41010,85467,55352
41011,85467,55353
41012,85467,55354
41013,85467,55355
41014,85467,55356
41015,85467,55357
41016,85467,55358
41017,85467,55359
41018,85467,55360
41019,85467,55361
41020,85467,55362
41021,85467,55363
41022,85467,55364
41023,85467,55365
41024,85467,55366
41025,85467,55367
41026,85467,55368
41027,85467,55369
41028,85467,55370
41029,85467,55371
41030,85467,55372
41031,85467,55373
41032,85467,55374
41033,85467,55375
41034,85467,55376
41035,85467,55377
41036,85467,55378
41037,85467,55379
41038,85467,55380
41039,85467,55381
41040,85467,55382
41041,85467,55383
41042,85467,55384
41043,85467,55385
41044,85467,55386
41045,85467,55387
41046,85467,55388
41047,85467,55389
41048,85467,55390
41049,85467,55391
41050,85467,55392
41051,85467,55393
41052,85467,55394
41053,85467,55395
41054,85467,55396
41055,85467,55397
41056,85467,55398
41057,85467,55399
41058,85467,55400
41059,85467,55401
41060,85467,55402
41061,85467,55403
41062,85467,55404
41063,85467,55405
41064,85467,55406
41065,85467,55407
41066,85467,55408
41067,85467,55409
41068,85467,55410
41069,85467,55411
41070,85467,55412
41071,85467,55413
41072,85467,55414
41073,85467,55415
41074,85467,55416
41075,85467,55417
41076,85467,55418
41077,85467,55419
41078,85467,55420
41079,85467,55421
41080,85467,55422
41081,85467,55423
41082,85467,55424
41083,85467,55425
41084,85467,55426
41085,85467,55427
41086,85467,55428
41087,85467,55429
41088,85467,55430
41089,85467,55431
41090,85467,55432
41091,85467,55433
41092,85467,55434
41093,85467,55435
41094,85467,55436
41095,85467,55437
41096,85467,55438
41097,85467,55439
41098,85467,55440
41099,85467,55441
41100,85467,55442
41101,85467,55443
41102,85467,55444
41103,85467,55445
41104,85467,55446
41105,85467,55447
41106,85467,55448
41107,85467,55449
41108,85467,55450
41109,85467,55451
41110,85467,55452
41111,85467,55453
41112,85467,55454
41113,85467,55455
41114,85467,55456
41115,85467,55457
41116,85467,55458
41117,85467,55459
41118,85467,55460
41119,85467,55461
41120,85467,55462
41121,85467,55463
41122,85467,55464
41123,85467,55465
41124,85467,55466
41125,85467,55467
41126,85467,55468
41127,85467,55469
41128,85467,55470
41129,85467,55471
41130,85467,55472
41131,85467,55473
41132,85467,55474
41133,85467,55475
41134,85467,55476
41135,85467,55477
41136,85467,55478
41137,85467,55479
41138,85467,55480
41139,85467,55481
41140,85467,55482
41141,85467,55483
41142,85467,55484
41143,85467,55485
41144,85467,55486
41145,85467,55487
41146,85467,55488
41147,85467,55489
41148,85467,55490
41149,85467,55491
41150,85467,55492
41151,85467,55493
41152,85467,55494
41153,85467,55495
41154,85467,55496
41155,85467,55497
41156,85467,55498
41157,85467,55499
41158,85467,55500
41159,85467,55501
41160,85467,55502
41161,85467,55503
41162,85467,55504
41163,85467,55505
41164,85467,55506
41165,85467,55507
41166,85467,55508
41167,85467,55509
41168,85467,55510
41169,85467,55511
41170,85467,55512
41171,85467,55513
41172,85467,55514
41173,85467,55515
41174,85467,55516
41175,85467,55517
41176,85467,55518
41177,85467,55519
41178,85468,55320
41179,85468,55321
41180,85468,55322
41181,85468,55323
41182,85468,55324
41183,85468,55325
41184,85468,55326
41185,85468,55327
41186,85468,55328
41187,85468,55329
41188,85468,55330
41189,85468,55331
41190,85468,55332
41191,85468,55333
41192,85468,55334
41193,85468,55335
41194,85468,55336
41195,85468,55337
41196,85468,55338
41197,85468,55339
41198,85468,55340
41199,85468,55341
41200,85468,55342
41201,85468,55343
41202,85468,55344
41203,85468,55345
41204,85468,55346
41205,85468,55347
41206,85468,55348
41207,85468,55349
41208,85468,55350
41209,85468,55351
41210,85468,55352
41211,85468,55353
41212,85468,55354
41213,85468,55355
41214,85468,55356
41215,85468,55357
41216,85468,55358
41217,85468,55359
41218,85468,55360
41219,85468,55361
41220,85468,55362
41221,85468,55363
41222,85468,55364
41223,85468,55365
41224,85468,55366
41225,85468,55367
41226,85468,55368
41227,85468,55369
41228,85468,55370
41229,85468,55371
41230,85468,55372
41231,85468,55373
41232,85468,55374
41233,85468,55375
41234,85468,55376
41235,85468,55377
41236,85468,55378
41237,85468,55379
41238,85468,55380
41239,85468,55381
41240,85468,55382
41241,85468,55383
41242,85468,55384
41243,85468,55385
41244,85468,55386
41245,85468,55387
41246,85468,55388
41247,85468,55389
41248,85468,55390
41249,85468,55391
41250,85468,55392
41251,85468,55393
41252,85468,55394
41253,85468,55395
41254,85468,55396
41255,85468,55397
41256,85468,55398
41257,85468,55399
41258,85468,55400
41259,85468,55401
41260,85468,55402
41261,85468,55403
41262,85468,55404
41263,85468,55405
41264,85468,55406
41265,85468,55407
41266,85468,55408
41267,85468,55409
41268,85468,55410
41269,85468,55411
41270,85468,55412
41271,85468,55413
41272,85468,55414
41273,85468,55415
41274,85468,55416
41275,85468,55417
41276,85468,55418
41277,85468,55419
41278,85468,55420
41279,85468,55421
41280,85468,55422
41281,85468,55423
41282,85468,55424
41283,85468,55425
41284,85468,55426
41285,85468,55427
41286,85468,55428
41287,85468,55429
41288,85468,55430
41289,85468,55431
41290,85468,55432
41291,85468,55433
41292,85468,55434
41293,85468,55435
41294,85468,55436
41295,85468,55437
41296,85468,55438
41297,85468,55439
41298,85468,55440
41299,85468,55441
41300,85468,55442
41301,85468,55443
41302,85468,55444
41303,85468,55445
41304,85468,55446
41305,85468,55447
41306,85468,55448
41307,85468,55449
41308,85468,55450
41309,85468,55451
41310,85468,55452
41311,85468,55453
41312,85468,55454
41313,85468,55455
41314,85468,55456
41315,85468,55457
41316,85468,55458
41317,85468,55459
41318,85468,55460
41319,85468,55461
41320,85468,55462
41321,85468,55463
41322,85468,55464
41323,85468,55465
41324,85468,55466
41325,85468,55467
41326,85468,55468
41327,85468,55469
41328,85468,55470
41329,85468,55471
41330,85468,55472
41331,85468,55473
41332,85468,55474
41333,85468,55475
41334,85468,55476
41335,85468,55477
41336,85468,55478
41337,85468,55479
41338,85468,55480
41339,85468,55481
41340,85468,55482
41341,85468,55483
41342,85468,55484
41343,85468,55485
41344,85468,55486
41345,85468,55487
41346,85468,55488
41347,85468,55489
41348,85468,55490
41349,85468,55491
41350,85468,55492
41351,85468,55493
41352,85468,55494
41353,85468,55495
41354,85468,55496
41355,85468,55497
41356,85468,55498
41357,85468,55499
41358,85468,55500
41359,85468,55501
41360,85468,55502
41361,85468,55503
41362,85468,55504
41363,85468,55505
41364,85468,55506
41365,85468,55507
41366,85468,55508
41367,85468,55509
41368,85468,55510
41369,85468,55511
41370,85468,55512
41371,85468,55513
41372,85468,55514
41373,85468,55515
41374,85468,55516
41375,85468,55517
41376,85468,55518
41377,85468,55519
41378,85469,55320
41379,85469,55321
41380,85469,55322
41381,85469,55323
41382,85469,55324
41383,85469,55325
41384,85469,55326
41385,85469,55327
41386,85469,55328
41387,85469,55329
41388,85469,55330
41389,85469,55331
41390,85469,55332
41391,85469,55333
41392,85469,55334
41393,85469,55335
41394,85469,55336
41395,85469,55337
41396,85469,55338
41397,85469,55339
41398,85469,55340
41399,85469,55341
41400,85469,55342
41401,85469,55343
41402,85469,55344
41403,85469,55345
41404,85469,55346
41405,85469,55347
41406,85469,55348
41407,85469,55349
41408,85469,55350
41409,85469,55351
41410,85469,55352
41411,85469,55353
41412,85469,55354
41413,85469,55355
41414,85469,55356
41415,85469,55357
41416,85469,55358
41417,85469,55359
41418,85469,55360
41419,85469,55361
41420,85469,55362
41421,85469,55363
41422,85469,55364
41423,85469,55365
41424,85469,55366
41425,85469,55367
41426,85469,55368
41427,85469,55369
41428,85469,55370
41429,85469,55371
41430,85469,55372
41431,85469,55373
41432,85469,55374
41433,85469,55375
41434,85469,55376
41435,85469,55377
41436,85469,55378
41437,85469,55379
41438,85469,55380
41439,85469,55381
41440,85469,55382
41441,85469,55383
41442,85469,55384
41443,85469,55385
41444,85469,55386
41445,85469,55387
41446,85469,55388
41447,85469,55389
41448,85469,55390
41449,85469,55391
41450,85469,55392
41451,85469,55393
41452,85469,55394
41453,85469,55395
41454,85469,55396
41455,85469,55397
41456,85469,55398
41457,85469,55399
41458,85469,55400
41459,85469,55401
41460,85469,55402
41461,85469,55403
41462,85469,55404
41463,85469,55405
41464,85469,55406
41465,85469,55407
41466,85469,55408
41467,85469,55409
41468,85469,55410
41469,85469,55411
41470,85469,55412
41471,85469,55413
41472,85469,55414
41473,85469,55415
41474,85469,55416
41475,85469,55417
41476,85469,55418
41477,85469,55419
41478,85469,55420
41479,85469,55421
41480,85469,55422
41481,85469,55423
41482,85469,55424
41483,85469,55425
41484,85469,55426
41485,85469,55427
41486,85469,55428
41487,85469,55429
41488,85469,55430
41489,85469,55431
41490,85469,55432
41491,85469,55433
41492,85469,55434
41493,85469,55435
41494,85469,55436
41495,85469,55437
41496,85469,55438
41497,85469,55439
41498,85469,55440
41499,85469,55441
41500,85469,55442
41501,85469,55443
41502,85469,55444
41503,85469,55445
41504,85469,55446
41505,85469,55447
41506,85469,55448
41507,85469,55449
41508,85469,55450
41509,85469,55451
41510,85469,55452
41511,85469,55453
41512,85469,55454
41513,85469,55455
41514,85469,55456
41515,85469,55457
41516,85469,55458
41517,85469,55459
41518,85469,55460
41519,85469,55461
41520,85469,55462
41521,85469,55463
41522,85469,55464
41523,85469,55465
41524,85469,55466
41525,85469,55467
41526,85469,55468
41527,85469,55469
41528,85469,55470
41529,85469,55471
41530,85469,55472
41531,85469,55473
41532,85469,55474
41533,85469,55475
41534,85469,55476
41535,85469,55477
41536,85469,55478
41537,85469,55479
41538,85469,55480
41539,85469,55481
41540,85469,55482
41541,85469,55483
41542,85469,55484
41543,85469,55485
41544,85469,55486
41545,85469,55487
41546,85469,55488
41547,85469,55489
41548,85469,55490
41549,85469,55491
41550,85469,55492
41551,85469,55493
41552,85469,55494
41553,85469,55495
41554,85469,55496
41555,85469,55497
41556,85469,55498
41557,85469,55499
41558,85469,55500
41559,85469,55501
41560,85469,55502
41561,85469,55503
41562,85469,55504
41563,85469,55505
41564,85469,55506
41565,85469,55507
41566,85469,55508
41567,85469,55509
41568,85469,55510
41569,85469,55511
41570,85469,55512
41571,85469,55513
41572,85469,55514
41573,85469,55515
41574,85469,55516
41575,85469,55517
41576,85469,55518
41577,85469,55519
41578,85470,55320
41579,85470,55321
41580,85470,55322
41581,85470,55323
41582,85470,55324
41583,85470,55325
41584,85470,55326
41585,85470,55327
41586,85470,55328
41587,85470,55329
41588,85470,55330
41589,85470,55331
41590,85470,55332
41591,85470,55333
41592,85470,55334
41593,85470,55335
41594,85470,55336
41595,85470,55337
41596,85470,55338
41597,85470,55339
41598,85470,55340
41599,85470,55341
41600,85470,55342
41601,85470,55343
41602,85470,55344
41603,85470,55345
41604,85470,55346
41605,85470,55347
41606,85470,55348
41607,85470,55349
41608,85470,55350
41609,85470,55351
41610,85470,55352
41611,85470,55353
41612,85470,55354
41613,85470,55355
41614,85470,55356
41615,85470,55357
41616,85470,55358
41617,85470,55359
41618,85470,55360
41619,85470,55361
41620,85470,55362
41621,85470,55363
41622,85470,55364
41623,85470,55365
41624,85470,55366
41625,85470,55367
41626,85470,55368
41627,85470,55369
41628,85470,55370
41629,85470,55371
41630,85470,55372
41631,85470,55373
41632,85470,55374
41633,85470,55375
41634,85470,55376
41635,85470,55377
41636,85470,55378
41637,85470,55379
41638,85470,55380
41639,85470,55381
41640,85470,55382
41641,85470,55383
41642,85470,55384
41643,85470,55385
41644,85470,55386
41645,85470,55387
41646,85470,55388
41647,85470,55389
41648,85470,55390
41649,85470,55391
41650,85470,55392
41651,85470,55393
41652,85470,55394
41653,85470,55395
41654,85470,55396
41655,85470,55397
41656,85470,55398
41657,85470,55399
41658,85470,55400
41659,85470,55401
41660,85470,55402
41661,85470,55403
41662,85470,55404
41663,85470,55405
41664,85470,55406
41665,85470,55407
41666,85470,55408
41667,85470,55409
41668,85470,55410
41669,85470,55411
41670,85470,55412
41671,85470,55413
41672,85470,55414
41673,85470,55415
41674,85470,55416
41675,85470,55417
41676,85470,55418
41677,85470,55419
41678,85470,55420
41679,85470,55421
41680,85470,55422
41681,85470,55423
41682,85470,55424
41683,85470,55425
41684,85470,55426
41685,85470,55427
41686,85470,55428
41687,85470,55429
41688,85470,55430
41689,85470,55431
41690,85470,55432
41691,85470,55433
41692,85470,55434
41693,85470,55435
41694,85470,55436
41695,85470,55437
41696,85470,55438
41697,85470,55439
41698,85470,55440
41699,85470,55441
41700,85470,55442
41701,85470,55443
41702,85470,55444
41703,85470,55445
41704,85470,55446
41705,85470,55447
41706,85470,55448
41707,85470,55449
41708,85470,55450
41709,85470,55451
41710,85470,55452
41711,85470,55453
41712,85470,55454
41713,85470,55455
41714,85470,55456
41715,85470,55457
41716,85470,55458
41717,85470,55459
41718,85470,55460
41719,85470,55461
41720,85470,55462
41721,85470,55463
41722,85470,55464
41723,85470,55465
41724,85470,55466
41725,85470,55467
41726,85470,55468
41727,85470,55469
41728,85470,55470
41729,85470,55471
41730,85470,55472
41731,85470,55473
41732,85470,55474
41733,85470,55475
41734,85470,55476
41735,85470,55477
41736,85470,55478
41737,85470,55479
41738,85470,55480
41739,85470,55481
41740,85470,55482
41741,85470,55483
41742,85470,55484
41743,85470,55485
41744,85470,55486
41745,85470,55487
41746,85470,55488
41747,85470,55489
41748,85470,55490
41749,85470,55491
41750,85470,55492
41751,85470,55493
41752,85470,55494
41753,85470,55495
41754,85470,55496
41755,85470,55497
41756,85470,55498
41757,85470,55499
41758,85470,55500
41759,85470,55501
41760,85470,55502
41761,85470,55503
41762,85470,55504
41763,85470,55505
41764,85470,55506
41765,85470,55507
41766,85470,55508
41767,85470,55509
41768,85470,55510
41769,85470,55511
41770,85470,55512
41771,85470,55513
41772,85470,55514
41773,85470,55515
41774,85470,55516
41775,85470,55517
41776,85470,55518
41777,85470,55519
41778,85470,55520
41779,85471,55320
41780,85471,55321
41781,85471,55322
41782,85471,55323
41783,85471,55324
41784,85471,55325
41785,85471,55326
41786,85471,55327
41787,85471,55328
41788,85471,55329
41789,85471,55330
41790,85471,55331
41791,85471,55332
41792,85471,55333
41793,85471,55334
41794,85471,55335
41795,85471,55336
41796,85471,55337
41797,85471,55338
41798,85471,55339
41799,85471,55340
41800,85471,55341
41801,85471,55342
41802,85471,55343
41803,85471,55344
41804,85471,55345
41805,85471,55346
41806,85471,55347
41807,85471,55348
41808,85471,55349
41809,85471,55350
41810,85471,55351
41811,85471,55352
41812,85471,55353
41813,85471,55354
41814,85471,55355
41815,85471,55356
41816,85471,55357
41817,85471,55358
41818,85471,55359
41819,85471,55360
41820,85471,55361
41821,85471,55362
41822,85471,55363
41823,85471,55364
41824,85471,55365
41825,85471,55366
41826,85471,55367
41827,85471,55368
41828,85471,55369
41829,85471,55370
41830,85471,55371
41831,85471,55372
41832,85471,55373
41833,85471,55374
41834,85471,55375
41835,85471,55376
41836,85471,55377
41837,85471,55378
41838,85471,55379
41839,85471,55380
41840,85471,55381
41841,85471,55382
41842,85471,55383
41843,85471,55384
41844,85471,55385
41845,85471,55386
41846,85471,55387
41847,85471,55388
41848,85471,55389
41849,85471,55390
41850,85471,55391
41851,85471,55392
41852,85471,55393
41853,85471,55394
41854,85471,55395
41855,85471,55396
41856,85471,55397
41857,85471,55398
41858,85471,55399
41859,85471,55400
41860,85471,55401
41861,85471,55402
41862,85471,55403
41863,85471,55404
41864,85471,55405
41865,85471,55406
41866,85471,55407
41867,85471,55408
41868,85471,55409
41869,85471,55410
41870,85471,55411
41871,85471,55412
41872,85471,55413
41873,85471,55414
41874,85471,55415
41875,85471,55416
41876,85471,55417
41877,85471,55418
41878,85471,55419
41879,85471,55420
41880,85471,55421
41881,85471,55422
41882,85471,55423
41883,85471,55424
41884,85471,55425
41885,85471,55426
41886,85471,55427
41887,85471,55428
41888,85471,55429
41889,85471,55430
41890,85471,55431
41891,85471,55432
41892,85471,55433
41893,85471,55434
41894,85471,55435
41895,85471,55436
41896,85471,55437
41897,85471,55438
41898,85471,55439
41899,85471,55440
41900,85471,55441
41901,85471,55442
41902,85471,55443
41903,85471,55444
41904,85471,55445
41905,85471,55446
41906,85471,55447
41907,85471,55448
41908,85471,55449
41909,85471,55450
41910,85471,55451
41911,85471,55452
41912,85471,55453
41913,85471,55454
41914,85471,55455
41915,85471,55456
41916,85471,55457
41917,85471,55458
41918,85471,55459
41919,85471,55460
41920,85471,55461
41921,85471,55462
41922,85471,55463
41923,85471,55464
41924,85471,55465
41925,85471,55466
41926,85471,55467
41927,85471,55468
41928,85471,55469
41929,85471,55470
41930,85471,55471
41931,85471,55472
41932,85471,55473
41933,85471,55474
41934,85471,55475
41935,85471,55476
41936,85471,55477
41937,85471,55478
41938,85471,55479
41939,85471,55480
41940,85471,55481
41941,85471,55482
41942,85471,55483
41943,85471,55484
41944,85471,55485
41945,85471,55486
41946,85471,55487
41947,85471,55488
41948,85471,55489
41949,85471,55490
41950,85471,55491
41951,85471,55492
41952,85471,55493
41953,85471,55494
41954,85471,55495
41955,85471,55496
41956,85471,55497
41957,85471,55498
41958,85471,55499
41959,85471,55500
41960,85471,55501
41961,85471,55502
41962,85471,55503
41963,85471,55504
41964,85471,55505
41965,85471,55506
41966,85471,55507
41967,85471,55508
41968,85471,55509
41969,85471,55510
41970,85471,55511
41971,85471,55512
41972,85471,55513
41973,85471,55514
41974,85471,55515
41975,85471,55516
41976,85471,55517
41977,85471,55518
41978,85471,55519
41979,85471,55520
41980,85472,55320
41981,85472,55321
41982,85472,55322
41983,85472,55323
41984,85472,55324
41985,85472,55325
41986,85472,55326
41987,85472,55327
41988,85472,55328
41989,85472,55329
41990,85472,55330
41991,85472,55331
41992,85472,55332
41993,85472,55333
41994,85472,55334
41995,85472,55335
41996,85472,55336
41997,85472,55337
41998,85472,55338
41999,85472,55339
42000,85472,55340
42001,85472,55341
42002,85472,55342
42003,85472,55343
42004,85472,55344
42005,85472,55345
42006,85472,55346
42007,85472,55347
42008,85472,55348
42009,85472,55349
42010,85472,55350
42011,85472,55351
42012,85472,55352
42013,85472,55353
42014,85472,55354
42015,85472,55355
42016,85472,55356
42017,85472,55357
42018,85472,55358
42019,85472,55359
42020,85472,55360
42021,85472,55361
42022,85472,55362
42023,85472,55363
42024,85472,55364
42025,85472,55365
42026,85472,55366
42027,85472,55367
42028,85472,55368
42029,85472,55369
42030,85472,55370
42031,85472,55371
42032,85472,55372
42033,85472,55373
42034,85472,55374
42035,85472,55375
42036,85472,55376
42037,85472,55377
42038,85472,55378
42039,85472,55379
42040,85472,55380
42041,85472,55381
42042,85472,55382
42043,85472,55383
42044,85472,55384
42045,85472,55385
42046,85472,55386
42047,85472,55387
42048,85472,55388
42049,85472,55389
42050,85472,55390
42051,85472,55391
42052,85472,55392
42053,85472,55393
42054,85472,55394
42055,85472,55395
42056,85472,55396
42057,85472,55397
42058,85472,55398
42059,85472,55399
42060,85472,55400
42061,85472,55401
42062,85472,55402
42063,85472,55403
42064,85472,55404
42065,85472,55405
42066,85472,55406
42067,85472,55407
42068,85472,55408
42069,85472,55409
42070,85472,55410
42071,85472,55411
42072,85472,55412
42073,85472,55413
42074,85472,55414
42075,85472,55415
42076,85472,55416
42077,85472,55417
42078,85472,55418
42079,85472,55419
42080,85472,55420
42081,85472,55421
42082,85472,55422
42083,85472,55423
42084,85472,55424
42085,85472,55425
42086,85472,55426
42087,85472,55427
42088,85472,55428
42089,85472,55429
42090,85472,55430
42091,85472,55431
42092,85472,55432
42093,85472,55433
42094,85472,55434
42095,85472,55435
42096,85472,55436
42097,85472,55437
42098,85472,55438
42099,85472,55439
42100,85472,55440
42101,85472,55441
42102,85472,55442
42103,85472,55443
42104,85472,55444
42105,85472,55445
42106,85472,55446
42107,85472,55447
42108,85472,55448
42109,85472,55449
42110,85472,55450
42111,85472,55451
42112,85472,55452
42113,85472,55453
42114,85472,55454
42115,85472,55455
42116,85472,55456
42117,85472,55457
42118,85472,55458
42119,85472,55459
42120,85472,55460
42121,85472,55461
42122,85472,55462
42123,85472,55463
42124,85472,55464
42125,85472,55465
42126,85472,55466
42127,85472,55467
42128,85472,55468
42129,85472,55469
42130,85472,55470
42131,85472,55471
42132,85472,55472
42133,85472,55473
42134,85472,55474
42135,85472,55475
42136,85472,55476
42137,85472,55477
42138,85472,55478
42139,85472,55479
42140,85472,55480
42141,85472,55481
42142,85472,55482
42143,85472,55483
42144,85472,55484
42145,85472,55485
42146,85472,55486
42147,85472,55487
42148,85472,55488
42149,85472,55489
42150,85472,55490
42151,85472,55491
42152,85472,55492
42153,85472,55493
42154,85472,55494
42155,85472,55495
42156,85472,55496
42157,85472,55497
42158,85472,55498
42159,85472,55499
42160,85472,55500
42161,85472,55501
42162,85472,55502
42163,85472,55503
42164,85472,55504
42165,85472,55505
42166,85472,55506
42167,85472,55507
42168,85472,55508
42169,85472,55509
42170,85472,55510
42171,85472,55511
42172,85472,55512
42173,85472,55513
42174,85472,55514
42175,85472,55515
42176,85472,55516
42177,85472,55517
42178,85472,55518
42179,85472,55519
42180,85472,55520
42181,85473,55320
42182,85473,55321
42183,85473,55322
42184,85473,55323
42185,85473,55324
42186,85473,55325
42187,85473,55326
42188,85473,55327
42189,85473,55328
42190,85473,55329
42191,85473,55330
42192,85473,55331
42193,85473,55332
42194,85473,55333
42195,85473,55334
42196,85473,55335
42197,85473,55336
42198,85473,55337
42199,85473,55338
42200,85473,55339
42201,85473,55340
42202,85473,55341
42203,85473,55342
42204,85473,55343
42205,85473,55344
42206,85473,55345
42207,85473,55346
42208,85473,55347
42209,85473,55348
42210,85473,55349
42211,85473,55350
42212,85473,55351
42213,85473,55352
42214,85473,55353
42215,85473,55354
42216,85473,55355
42217,85473,55356
42218,85473,55357
42219,85473,55358
42220,85473,55359
42221,85473,55360
42222,85473,55361
42223,85473,55362
42224,85473,55363
42225,85473,55364
42226,85473,55365
42227,85473,55366
42228,85473,55367
42229,85473,55368
42230,85473,55369
42231,85473,55370
42232,85473,55371
42233,85473,55372
42234,85473,55373
42235,85473,55374
42236,85473,55375
42237,85473,55376
42238,85473,55377
42239,85473,55378
42240,85473,55379
42241,85473,55380
42242,85473,55381
42243,85473,55382
42244,85473,55383
42245,85473,55384
42246,85473,55385
42247,85473,55386
42248,85473,55387
42249,85473,55388
42250,85473,55389
42251,85473,55390
42252,85473,55391
42253,85473,55392
42254,85473,55393
42255,85473,55394
42256,85473,55395
42257,85473,55396
42258,85473,55397
42259,85473,55398
42260,85473,55399
42261,85473,55400
42262,85473,55401
42263,85473,55402
42264,85473,55403
42265,85473,55404
42266,85473,55405
42267,85473,55406
42268,85473,55407
42269,85473,55408
42270,85473,55409
42271,85473,55410
42272,85473,55411
42273,85473,55412
42274,85473,55413
42275,85473,55414
42276,85473,55415
42277,85473,55416
42278,85473,55417
42279,85473,55418
42280,85473,55419
42281,85473,55420
42282,85473,55421
42283,85473,55422
42284,85473,55423
42285,85473,55424
42286,85473,55425
42287,85473,55426
42288,85473,55427
42289,85473,55428
42290,85473,55429
42291,85473,55430
42292,85473,55431
42293,85473,55432
42294,85473,55433
42295,85473,55434
42296,85473,55435
42297,85473,55436
42298,85473,55437
42299,85473,55438
42300,85473,55439
42301,85473,55440
42302,85473,55441
42303,85473,55442
42304,85473,55443
42305,85473,55444
42306,85473,55445
42307,85473,55446
42308,85473,55447
42309,85473,55448
42310,85473,55449
42311,85473,55450
42312,85473,55451
42313,85473,55452
42314,85473,55453
42315,85473,55454
42316,85473,55455
42317,85473,55456
42318,85473,55457
42319,85473,55458
42320,85473,55459
42321,85473,55460
42322,85473,55461
42323,85473,55462
42324,85473,55463
42325,85473,55464
42326,85473,55465
42327,85473,55466
42328,85473,55467
42329,85473,55468
42330,85473,55469
42331,85473,55470
42332,85473,55471
42333,85473,55472
42334,85473,55473
42335,85473,55474
42336,85473,55475
42337,85473,55476
42338,85473,55477
42339,85473,55478
42340,85473,55479
42341,85473,55480
42342,85473,55481
42343,85473,55482
42344,85473,55483
42345,85473,55484
42346,85473,55485
42347,85473,55486
42348,85473,55487
42349,85473,55488
42350,85473,55489
42351,85473,55490
42352,85473,55491
42353,85473,55492
42354,85473,55493
42355,85473,55494
42356,85473,55495
42357,85473,55496
42358,85473,55497
42359,85473,55498
42360,85473,55499
42361,85473,55500
42362,85473,55501
42363,85473,55502
42364,85473,55503
42365,85473,55504
42366,85473,55505
42367,85473,55506
42368,85473,55507
42369,85473,55508
42370,85473,55509
42371,85473,55510
42372,85473,55511
42373,85473,55512
42374,85473,55513
42375,85473,55514
42376,85473,55515
42377,85473,55516
42378,85473,55517
42379,85473,55518
42380,85473,55519
42381,85473,55520
42382,85474,55320
42383,85474,55321
42384,85474,55322
42385,85474,55323
42386,85474,55324
42387,85474,55325
42388,85474,55326
42389,85474,55327
42390,85474,55328
42391,85474,55329
42392,85474,55330
42393,85474,55331
42394,85474,55332
42395,85474,55333
42396,85474,55334
42397,85474,55335
42398,85474,55336
42399,85474,55337
42400,85474,55338
42401,85474,55339
42402,85474,55340
42403,85474,55341
42404,85474,55342
42405,85474,55343
42406,85474,55344
42407,85474,55345
42408,85474,55346
42409,85474,55347
42410,85474,55348
42411,85474,55349
42412,85474,55350
42413,85474,55351
42414,85474,55352
42415,85474,55353
42416,85474,55354
42417,85474,55355
42418,85474,55356
42419,85474,55357
42420,85474,55358
42421,85474,55359
42422,85474,55360
42423,85474,55361
42424,85474,55362
42425,85474,55363
42426,85474,55364
42427,85474,55365
42428,85474,55366
42429,85474,55367
42430,85474,55368
42431,85474,55369
42432,85474,55370
42433,85474,55371
42434,85474,55372
42435,85474,55373
42436,85474,55374
42437,85474,55375
42438,85474,55376
42439,85474,55377
42440,85474,55378
42441,85474,55379
42442,85474,55380
42443,85474,55381
42444,85474,55382
42445,85474,55383
42446,85474,55384
42447,85474,55385
42448,85474,55386
42449,85474,55387
42450,85474,55388
42451,85474,55389
42452,85474,55390
42453,85474,55391
42454,85474,55392
42455,85474,55393
42456,85474,55394
42457,85474,55395
42458,85474,55396
42459,85474,55397
42460,85474,55398
42461,85474,55399
42462,85474,55400
42463,85474,55401
42464,85474,55402
42465,85474,55403
42466,85474,55404
42467,85474,55405
42468,85474,55406
42469,85474,55407
42470,85474,55408
42471,85474,55409
42472,85474,55410
42473,85474,55411
42474,85474,55412
42475,85474,55413
42476,85474,55414
42477,85474,55415
42478,85474,55416
42479,85474,55417
42480,85474,55418
42481,85474,55419
42482,85474,55420
42483,85474,55421
42484,85474,55422
42485,85474,55423
42486,85474,55424
42487,85474,55425
42488,85474,55426
42489,85474,55427
42490,85474,55428
42491,85474,55429
42492,85474,55430
42493,85474,55431
42494,85474,55432
42495,85474,55433
42496,85474,55434
42497,85474,55435
42498,85474,55436
42499,85474,55437
42500,85474,55438
42501,85474,55439
42502,85474,55440
42503,85474,55441
42504,85474,55442
42505,85474,55443
42506,85474,55444
42507,85474,55445
42508,85474,55446
42509,85474,55447
42510,85474,55448
42511,85474,55449
42512,85474,55450
42513,85474,55451
42514,85474,55452
42515,85474,55453
42516,85474,55454
42517,85474,55455
42518,85474,55456
42519,85474,55457
42520,85474,55458
42521,85474,55459
42522,85474,55460
42523,85474,55461
42524,85474,55462
42525,85474,55463
42526,85474,55464
42527,85474,55465
42528,85474,55466
42529,85474,55467
42530,85474,55468
42531,85474,55469
42532,85474,55470
42533,85474,55471
42534,85474,55472
42535,85474,55473
42536,85474,55474
42537,85474,55475
42538,85474,55476
42539,85474,55477
42540,85474,55478
42541,85474,55479
42542,85474,55480
42543,85474,55481
42544,85474,55482
42545,85474,55483
42546,85474,55484
42547,85474,55485
42548,85474,55486
42549,85474,55487
42550,85474,55488
42551,85474,55489
42552,85474,55490
42553,85474,55491
42554,85474,55492
42555,85474,55493
42556,85474,55494
42557,85474,55495
42558,85474,55496
42559,85474,55497
42560,85474,55498
42561,85474,55499
42562,85474,55500
42563,85474,55501
42564,85474,55502
42565,85474,55503
42566,85474,55504
42567,85474,55505
42568,85474,55506
42569,85474,55507
42570,85474,55508
42571,85474,55509
42572,85474,55510
42573,85474,55511
42574,85474,55512
42575,85474,55513
42576,85474,55514
42577,85474,55515
42578,85474,55516
42579,85474,55517
42580,85474,55518
42581,85474,55519
42582,85474,55520
42583,85474,55521
42584,85475,55320
42585,85475,55321
42586,85475,55322
42587,85475,55323
42588,85475,55324
42589,85475,55325
42590,85475,55326
42591,85475,55327
42592,85475,55328
42593,85475,55329
42594,85475,55330
42595,85475,55331
42596,85475,55332
42597,85475,55333
42598,85475,55334
42599,85475,55335
42600,85475,55336
42601,85475,55337
42602,85475,55338
42603,85475,55339
42604,85475,55340
42605,85475,55341
42606,85475,55342
42607,85475,55343
42608,85475,55344
42609,85475,55345
42610,85475,55346
42611,85475,55347
42612,85475,55348
42613,85475,55349
42614,85475,55350
42615,85475,55351
42616,85475,55352
42617,85475,55353
42618,85475,55354
42619,85475,55355
42620,85475,55356
42621,85475,55357
42622,85475,55358
42623,85475,55359
42624,85475,55360
42625,85475,55361
42626,85475,55362
42627,85475,55363
42628,85475,55364
42629,85475,55365
42630,85475,55366
42631,85475,55367
42632,85475,55368
42633,85475,55369
42634,85475,55370
42635,85475,55371
42636,85475,55372
42637,85475,55373
42638,85475,55374
42639,85475,55375
42640,85475,55376
42641,85475,55377
42642,85475,55378
42643,85475,55379
42644,85475,55380
42645,85475,55381
42646,85475,55382
42647,85475,55383
42648,85475,55384
42649,85475,55385
42650,85475,55386
42651,85475,55387
42652,85475,55388
42653,85475,55389
42654,85475,55390
42655,85475,55391
42656,85475,55392
42657,85475,55393
42658,85475,55394
42659,85475,55395
42660,85475,55396
42661,85475,55397
42662,85475,55398
42663,85475,55399
42664,85475,55400
42665,85475,55401
42666,85475,55402
42667,85475,55403
42668,85475,55404
42669,85475,55405
42670,85475,55406
42671,85475,55407
42672,85475,55408
42673,85475,55409
42674,85475,55410
42675,85475,55411
42676,85475,55412
42677,85475,55413
42678,85475,55414
42679,85475,55415
42680,85475,55416
42681,85475,55417
42682,85475,55418
42683,85475,55419
42684,85475,55420
42685,85475,55421
42686,85475,55422
42687,85475,55423
42688,85475,55424
42689,85475,55425
42690,85475,55426
42691,85475,55427
42692,85475,55428
42693,85475,55429
42694,85475,55430
42695,85475,55431
42696,85475,55432
42697,85475,55433
42698,85475,55434
42699,85475,55435
42700,85475,55436
42701,85475,55437
42702,85475,55438
42703,85475,55439
42704,85475,55440
42705,85475,55441
42706,85475,55442
42707,85475,55443
42708,85475,55444
42709,85475,55445
42710,85475,55446
42711,85475,55447
42712,85475,55448
42713,85475,55449
42714,85475,55450
42715,85475,55451
42716,85475,55452
42717,85475,55453
42718,85475,55454
42719,85475,55455
42720,85475,55456
42721,85475,55457
42722,85475,55458
42723,85475,55459
42724,85475,55460
42725,85475,55461
42726,85475,55462
42727,85475,55463
42728,85475,55464
42729,85475,55465
42730,85475,55466
42731,85475,55467
42732,85475,55468
42733,85475,55469
42734,85475,55470
42735,85475,55471
42736,85475,55472
42737,85475,55473
42738,85475,55474
42739,85475,55475
42740,85475,55476
42741,85475,55477
42742,85475,55478
42743,85475,55479
42744,85475,55480
42745,85475,55481
42746,85475,55482
42747,85475,55483
42748,85475,55484
42749,85475,55485
42750,85475,55486
42751,85475,55487
42752,85475,55488
42753,85475,55489
42754,85475,55490
42755,85475,55491
42756,85475,55492
42757,85475,55493
42758,85475,55494
42759,85475,55495
42760,85475,55496
42761,85475,55497
42762,85475,55498
42763,85475,55499
42764,85475,55500
42765,85475,55501
42766,85475,55502
42767,85475,55503
42768,85475,55504
42769,85475,55505
42770,85475,55506
42771,85475,55507
42772,85475,55508
42773,85475,55509
42774,85475,55510
42775,85475,55511
42776,85475,55512
42777,85475,55513
42778,85475,55514
42779,85475,55515
42780,85475,55516
42781,85475,55517
42782,85475,55518
42783,85475,55519
42784,85475,55520
42785,85475,55521
42786,85476,55320
42787,85476,55321
42788,85476,55322
42789,85476,55323
42790,85476,55324
42791,85476,55325
42792,85476,55326
42793,85476,55327
42794,85476,55328
42795,85476,55329
42796,85476,55330
42797,85476,55331
42798,85476,55332
42799,85476,55333
42800,85476,55334
42801,85476,55335
42802,85476,55336
42803,85476,55337
42804,85476,55338
42805,85476,55339
42806,85476,55340
42807,85476,55341
42808,85476,55342
42809,85476,55343
42810,85476,55344
42811,85476,55345
42812,85476,55346
42813,85476,55347
42814,85476,55348
42815,85476,55349
42816,85476,55350
42817,85476,55351
42818,85476,55352
42819,85476,55353
42820,85476,55354
42821,85476,55355
42822,85476,55356
42823,85476,55357
42824,85476,55358
42825,85476,55359
42826,85476,55360
42827,85476,55361
42828,85476,55362
42829,85476,55363
42830,85476,55364
42831,85476,55365
42832,85476,55366
42833,85476,55367
42834,85476,55368
42835,85476,55369
42836,85476,55370
42837,85476,55371
42838,85476,55372
42839,85476,55373
42840,85476,55374
42841,85476,55375
42842,85476,55376
42843,85476,55377
42844,85476,55378
42845,85476,55379
42846,85476,55380
42847,85476,55381
42848,85476,55382
42849,85476,55383
42850,85476,55384
42851,85476,55385
42852,85476,55386
42853,85476,55387
42854,85476,55388
42855,85476,55389
42856,85476,55390
42857,85476,55391
42858,85476,55392
42859,85476,55393
42860,85476,55394
42861,85476,55395
42862,85476,55396
42863,85476,55397
42864,85476,55398
42865,85476,55399
42866,85476,55400
42867,85476,55401
42868,85476,55402
42869,85476,55403
42870,85476,55404
42871,85476,55405
42872,85476,55406
42873,85476,55407
42874,85476,55408
42875,85476,55409
42876,85476,55410
42877,85476,55411
42878,85476,55412
42879,85476,55413
42880,85476,55414
42881,85476,55415
42882,85476,55416
42883,85476,55417
42884,85476,55418
42885,85476,55419
42886,85476,55420
42887,85476,55421
42888,85476,55422
42889,85476,55423
42890,85476,55424
42891,85476,55425
42892,85476,55426
42893,85476,55427
42894,85476,55428
42895,85476,55429
42896,85476,55430
42897,85476,55431
42898,85476,55432
42899,85476,55433
42900,85476,55434
42901,85476,55435
42902,85476,55436
42903,85476,55437
42904,85476,55438
42905,85476,55439
42906,85476,55440
42907,85476,55441
42908,85476,55442
42909,85476,55443
42910,85476,55444
42911,85476,55445
42912,85476,55446
42913,85476,55447
42914,85476,55448
42915,85476,55449
42916,85476,55450
42917,85476,55451
42918,85476,55452
42919,85476,55453
42920,85476,55454
42921,85476,55455
42922,85476,55456
42923,85476,55457
42924,85476,55458
42925,85476,55459
42926,85476,55460
42927,85476,55461
42928,85476,55462
42929,85476,55463
42930,85476,55464
42931,85476,55465
42932,85476,55466
42933,85476,55467
42934,85476,55468
42935,85476,55469
42936,85476,55470
42937,85476,55471
42938,85476,55472
42939,85476,55473
42940,85476,55474
42941,85476,55475
42942,85476,55476
42943,85476,55477
42944,85476,55478
42945,85476,55479
42946,85476,55480
42947,85476,55481
42948,85476,55482
42949,85476,55483
42950,85476,55484
42951,85476,55485
42952,85476,55486
42953,85476,55487
42954,85476,55488
42955,85476,55489
42956,85476,55490
42957,85476,55491
42958,85476,55492
42959,85476,55493
42960,85476,55494
42961,85476,55495
42962,85476,55496
42963,85476,55497
42964,85476,55498
42965,85476,55499
42966,85476,55500
42967,85476,55501
42968,85476,55502
42969,85476,55503
42970,85476,55504
42971,85476,55505
42972,85476,55506
42973,85476,55507
42974,85476,55508
42975,85476,55509
42976,85476,55510
42977,85476,55511
42978,85476,55512
42979,85476,55513
42980,85476,55514
42981,85476,55515
42982,85476,55516
42983,85476,55517
42984,85476,55518
42985,85476,55519
42986,85476,55520
42987,85476,55521
42988,85476,55522
42989,85477,55320
42990,85477,55321
42991,85477,55322
42992,85477,55323
42993,85477,55324
42994,85477,55325
42995,85477,55326
42996,85477,55327
42997,85477,55328
42998,85477,55329
42999,85477,55330
43000,85477,55331
43001,85477,55332
43002,85477,55333
43003,85477,55334
43004,85477,55335
43005,85477,55336
43006,85477,55337
43007,85477,55338
43008,85477,55339
43009,85477,55340
43010,85477,55341
43011,85477,55342
43012,85477,55343
43013,85477,55344
43014,85477,55345
43015,85477,55346
43016,85477,55347
43017,85477,55348
43018,85477,55349
43019,85477,55350
43020,85477,55351
43021,85477,55352
43022,85477,55353
43023,85477,55354
43024,85477,55355
43025,85477,55356
43026,85477,55357
43027,85477,55358
43028,85477,55359
43029,85477,55360
43030,85477,55361
43031,85477,55362
43032,85477,55363
43033,85477,55364
43034,85477,55365
43035,85477,55366
43036,85477,55367
43037,85477,55368
43038,85477,55369
43039,85477,55370
43040,85477,55371
43041,85477,55372
43042,85477,55373
43043,85477,55374
43044,85477,55375
43045,85477,55376
43046,85477,55377
43047,85477,55378
43048,85477,55379
43049,85477,55380
43050,85477,55381
43051,85477,55382
43052,85477,55383
43053,85477,55384
43054,85477,55385
43055,85477,55386
43056,85477,55387
43057,85477,55388
43058,85477,55389
43059,85477,55390
43060,85477,55391
43061,85477,55392
43062,85477,55393
43063,85477,55394
43064,85477,55395
43065,85477,55396
43066,85477,55397
43067,85477,55398
43068,85477,55399
43069,85477,55400
43070,85477,55401
43071,85477,55402
43072,85477,55403
43073,85477,55404
43074,85477,55405
43075,85477,55406
43076,85477,55407
43077,85477,55408
43078,85477,55409
43079,85477,55410
43080,85477,55411
43081,85477,55412
43082,85477,55413
43083,85477,55414
43084,85477,55415
43085,85477,55416
43086,85477,55417
43087,85477,55418
43088,85477,55419
43089,85477,55420
43090,85477,55421
43091,85477,55422
43092,85477,55423
43093,85477,55424
43094,85477,55425
43095,85477,55426
43096,85477,55427
43097,85477,55428
43098,85477,55429
43099,85477,55430
43100,85477,55431
43101,85477,55432
43102,85477,55433
43103,85477,55434
43104,85477,55435
43105,85477,55436
43106,85477,55437
43107,85477,55438
43108,85477,55439
43109,85477,55440
43110,85477,55441
43111,85477,55442
43112,85477,55443
43113,85477,55444
43114,85477,55445
43115,85477,55446
43116,85477,55447
43117,85477,55448
43118,85477,55449
43119,85477,55450
43120,85477,55451
43121,85477,55452
43122,85477,55453
43123,85477,55454
43124,85477,55455
43125,85477,55456
43126,85477,55457
43127,85477,55458
43128,85477,55459
43129,85477,55460
43130,85477,55461
43131,85477,55462
43132,85477,55463
43133,85477,55464
43134,85477,55465
43135,85477,55466
43136,85477,55467
43137,85477,55468
43138,85477,55469
43139,85477,55470
43140,85477,55471
43141,85477,55472
43142,85477,55473
43143,85477,55474
43144,85477,55475
43145,85477,55476
43146,85477,55477
43147,85477,55478
43148,85477,55479
43149,85477,55480
43150,85477,55481
43151,85477,55482
43152,85477,55483
43153,85477,55484
43154,85477,55485
43155,85477,55486
43156,85477,55487
43157,85477,55488
43158,85477,55489
43159,85477,55490
43160,85477,55491
43161,85477,55492
43162,85477,55493
43163,85477,55494
43164,85477,55495
43165,85477,55496
43166,85477,55497
43167,85477,55498
43168,85477,55499
43169,85477,55500
43170,85477,55501
43171,85477,55502
43172,85477,55503
43173,85477,55504
43174,85477,55505
43175,85477,55506
43176,85477,55507
43177,85477,55508
43178,85477,55509
43179,85477,55510
43180,85477,55511
43181,85477,55512
43182,85477,55513
43183,85477,55514
43184,85477,55515
43185,85477,55516
43186,85477,55517
43187,85477,55518
43188,85477,55519
43189,85477,55520
43190,85477,55521
43191,85477,55522
43192,85478,55320
43193,85478,55321
43194,85478,55322
43195,85478,55323
43196,85478,55324
43197,85478,55325
43198,85478,55326
43199,85478,55327
43200,85478,55328
43201,85478,55329
43202,85478,55330
43203,85478,55331
43204,85478,55332
43205,85478,55333
43206,85478,55334
43207,85478,55335
43208,85478,55336
43209,85478,55337
43210,85478,55338
43211,85478,55339
43212,85478,55340
43213,85478,55341
43214,85478,55342
43215,85478,55343
43216,85478,55344
43217,85478,55345
43218,85478,55346
43219,85478,55347
43220,85478,55348
43221,85478,55349
43222,85478,55350
43223,85478,55351
43224,85478,55352
43225,85478,55353
43226,85478,55354
43227,85478,55355
43228,85478,55356
43229,85478,55357
43230,85478,55358
43231,85478,55359
43232,85478,55360
43233,85478,55361
43234,85478,55362
43235,85478,55363
43236,85478,55364
43237,85478,55365
43238,85478,55366
43239,85478,55367
43240,85478,55368
43241,85478,55369
43242,85478,55370
43243,85478,55371
43244,85478,55372
43245,85478,55373
43246,85478,55374
43247,85478,55375
43248,85478,55376
43249,85478,55377
43250,85478,55378
43251,85478,55379
43252,85478,55380
43253,85478,55381
43254,85478,55382
43255,85478,55383
43256,85478,55384
43257,85478,55385
43258,85478,55386
43259,85478,55387
43260,85478,55388
43261,85478,55389
43262,85478,55390
43263,85478,55391
43264,85478,55392
43265,85478,55393
43266,85478,55394
43267,85478,55395
43268,85478,55396
43269,85478,55397
43270,85478,55398
43271,85478,55399
43272,85478,55400
43273,85478,55401
43274,85478,55402
43275,85478,55403
43276,85478,55404
43277,85478,55405
43278,85478,55406
43279,85478,55407
43280,85478,55408
43281,85478,55409
43282,85478,55410
43283,85478,55411
43284,85478,55412
43285,85478,55413
43286,85478,55414
43287,85478,55415
43288,85478,55416
43289,85478,55417
43290,85478,55418
43291,85478,55419
43292,85478,55420
43293,85478,55421
43294,85478,55422
43295,85478,55423
43296,85478,55424
43297,85478,55425
43298,85478,55426
43299,85478,55427
43300,85478,55428
43301,85478,55429
43302,85478,55430
43303,85478,55431
43304,85478,55432
43305,85478,55433
43306,85478,55434
43307,85478,55435
43308,85478,55436
43309,85478,55437
43310,85478,55438
43311,85478,55439
43312,85478,55440
43313,85478,55441
43314,85478,55442
43315,85478,55443
43316,85478,55444
43317,85478,55445
43318,85478,55446
43319,85478,55447
43320,85478,55448
43321,85478,55449
43322,85478,55450
43323,85478,55451
43324,85478,55452
43325,85478,55453
43326,85478,55454
43327,85478,55455
43328,85478,55456
43329,85478,55457
43330,85478,55458
43331,85478,55459
43332,85478,55460
43333,85478,55461
43334,85478,55462
43335,85478,55463
43336,85478,55464
43337,85478,55465
43338,85478,55466
43339,85478,55467
43340,85478,55468
43341,85478,55469
43342,85478,55470
43343,85478,55471
43344,85478,55472
43345,85478,55473
43346,85478,55474
43347,85478,55475
43348,85478,55476
43349,85478,55477
43350,85478,55478
43351,85478,55479
43352,85478,55480
43353,85478,55481
43354,85478,55482
43355,85478,55483
43356,85478,55484
43357,85478,55485
43358,85478,55486
43359,85478,55487
43360,85478,55488
43361,85478,55489
43362,85478,55490
43363,85478,55491
43364,85478,55492
43365,85478,55493
43366,85478,55494
43367,85478,55495
43368,85478,55496
43369,85478,55497
43370,85478,55498
43371,85478,55499
43372,85478,55500
43373,85478,55501
43374,85478,55502
43375,85478,55503
43376,85478,55504
43377,85478,55505
43378,85478,55506
43379,85478,55507
43380,85478,55508
43381,85478,55509
43382,85478,55510
43383,85478,55511
43384,85478,55512
43385,85478,55513
43386,85478,55514
43387,85478,55515
43388,85478,55516
43389,85478,55517
43390,85478,55518
43391,85478,55519
43392,85478,55520
43393,85478,55521
43394,85478,55522
43395,85479,55320
43396,85479,55321
43397,85479,55322
43398,85479,55323
43399,85479,55324
43400,85479,55325
43401,85479,55326
43402,85479,55327
43403,85479,55328
43404,85479,55329
43405,85479,55330
43406,85479,55331
43407,85479,55332
43408,85479,55333
43409,85479,55334
43410,85479,55335
43411,85479,55336
43412,85479,55337
43413,85479,55338
43414,85479,55339
43415,85479,55340
43416,85479,55341
43417,85479,55342
43418,85479,55343
43419,85479,55344
43420,85479,55345
43421,85479,55346
43422,85479,55347
43423,85479,55348
43424,85479,55349
43425,85479,55350
43426,85479,55351
43427,85479,55352
43428,85479,55353
43429,85479,55354
43430,85479,55355
43431,85479,55356
43432,85479,55357
43433,85479,55358
43434,85479,55359
43435,85479,55360
43436,85479,55361
43437,85479,55362
43438,85479,55363
43439,85479,55364
43440,85479,55365
43441,85479,55366
43442,85479,55367
43443,85479,55368
43444,85479,55369
43445,85479,55370
43446,85479,55371
43447,85479,55372
43448,85479,55373
43449,85479,55374
43450,85479,55375
43451,85479,55376
43452,85479,55377
43453,85479,55378
43454,85479,55379
43455,85479,55380
43456,85479,55381
43457,85479,55382
43458,85479,55383
43459,85479,55384
43460,85479,55385
43461,85479,55386
43462,85479,55387
43463,85479,55388
43464,85479,55389
43465,85479,55390
43466,85479,55391
43467,85479,55392
43468,85479,55393
43469,85479,55394
43470,85479,55395
43471,85479,55396
43472,85479,55397
43473,85479,55398
43474,85479,55399
43475,85479,55400
43476,85479,55401
43477,85479,55402
43478,85479,55403
43479,85479,55404
43480,85479,55405
43481,85479,55406
43482,85479,55407
43483,85479,55408
43484,85479,55409
43485,85479,55410
43486,85479,55411
43487,85479,55412
43488,85479,55413
43489,85479,55414
43490,85479,55415
43491,85479,55416
43492,85479,55417
43493,85479,55418
43494,85479,55419
43495,85479,55420
43496,85479,55421
43497,85479,55422
43498,85479,55423
43499,85479,55424
43500,85479,55425
43501,85479,55426
43502,85479,55427
43503,85479,55428
43504,85479,55429
43505,85479,55430
43506,85479,55431
43507,85479,55432
43508,85479,55433
43509,85479,55434
43510,85479,55435
43511,85479,55436
43512,85479,55437
43513,85479,55438
43514,85479,55439
43515,85479,55440
43516,85479,55441
43517,85479,55442
43518,85479,55443
43519,85479,55444
43520,85479,55445
43521,85479,55446
43522,85479,55447
43523,85479,55448
43524,85479,55449
43525,85479,55450
43526,85479,55451
43527,85479,55452
43528,85479,55453
43529,85479,55454
43530,85479,55455
43531,85479,55456
43532,85479,55457
43533,85479,55458
43534,85479,55459
43535,85479,55460
43536,85479,55461
43537,85479,55462
43538,85479,55463
43539,85479,55464
43540,85479,55465
43541,85479,55466
43542,85479,55467
43543,85479,55468
43544,85479,55469
43545,85479,55470
43546,85479,55471
43547,85479,55472
43548,85479,55473
43549,85479,55474
43550,85479,55475
43551,85479,55476
43552,85479,55477
43553,85479,55478
43554,85479,55479
43555,85479,55480
43556,85479,55481
43557,85479,55482
43558,85479,55483
43559,85479,55484
43560,85479,55485
43561,85479,55486
43562,85479,55487
43563,85479,55488
43564,85479,55489
43565,85479,55490
43566,85479,55491
43567,85479,55492
43568,85479,55493
43569,85479,55494
43570,85479,55495
43571,85479,55496
43572,85479,55497
43573,85479,55498
43574,85479,55499
43575,85479,55500
43576,85479,55501
43577,85479,55502
43578,85479,55503
43579,85479,55504
43580,85479,55505
43581,85479,55506
43582,85479,55507
43583,85479,55508
43584,85479,55509
43585,85479,55510
43586,85479,55511
43587,85479,55512
43588,85479,55513
43589,85479,55514
43590,85479,55515
43591,85479,55516
43592,85479,55517
43593,85479,55518
43594,85479,55519
43595,85479,55520
43596,85479,55521
43597,85479,55522
43598,85479,55523
43599,85480,55320
43600,85480,55321
43601,85480,55322
43602,85480,55323
43603,85480,55324
43604,85480,55325
43605,85480,55326
43606,85480,55327
43607,85480,55328
43608,85480,55329
43609,85480,55330
43610,85480,55331
43611,85480,55332
43612,85480,55333
43613,85480,55334
43614,85480,55335
43615,85480,55336
43616,85480,55337
43617,85480,55338
43618,85480,55339
43619,85480,55340
43620,85480,55341
43621,85480,55342
43622,85480,55343
43623,85480,55344
43624,85480,55345
43625,85480,55346
43626,85480,55347
43627,85480,55348
43628,85480,55349
43629,85480,55350
43630,85480,55351
43631,85480,55352
43632,85480,55353
43633,85480,55354
43634,85480,55355
43635,85480,55356
43636,85480,55357
43637,85480,55358
43638,85480,55359
43639,85480,55360
43640,85480,55361
43641,85480,55362
43642,85480,55363
43643,85480,55364
43644,85480,55365
43645,85480,55366
43646,85480,55367
43647,85480,55368
43648,85480,55369
43649,85480,55370
43650,85480,55371
43651,85480,55372
43652,85480,55373
43653,85480,55374
43654,85480,55375
43655,85480,55376
43656,85480,55377
43657,85480,55378
43658,85480,55379
43659,85480,55380
43660,85480,55381
43661,85480,55382
43662,85480,55383
43663,85480,55384
43664,85480,55385
43665,85480,55386
43666,85480,55387
43667,85480,55388
43668,85480,55389
43669,85480,55390
43670,85480,55391
43671,85480,55392
43672,85480,55393
43673,85480,55394
43674,85480,55395
43675,85480,55396
43676,85480,55397
43677,85480,55398
43678,85480,55399
43679,85480,55400
43680,85480,55401
43681,85480,55402
43682,85480,55403
43683,85480,55404
43684,85480,55405
43685,85480,55406
43686,85480,55407
43687,85480,55408
43688,85480,55409
43689,85480,55410
43690,85480,55411
43691,85480,55412
43692,85480,55413
43693,85480,55414
43694,85480,55415
43695,85480,55416
43696,85480,55417
43697,85480,55418
43698,85480,55419
43699,85480,55420
43700,85480,55421
43701,85480,55422
43702,85480,55423
43703,85480,55424
43704,85480,55425
43705,85480,55426
43706,85480,55427
43707,85480,55428
43708,85480,55429
43709,85480,55430
43710,85480,55431
43711,85480,55432
43712,85480,55433
43713,85480,55434
43714,85480,55435
43715,85480,55436
43716,85480,55437
43717,85480,55438
43718,85480,55439
43719,85480,55440
43720,85480,55441
43721,85480,55442
43722,85480,55443
43723,85480,55444
43724,85480,55445
43725,85480,55446
43726,85480,55447
43727,85480,55448
43728,85480,55449
43729,85480,55450
43730,85480,55451
43731,85480,55452
43732,85480,55453
43733,85480,55454
43734,85480,55455
43735,85480,55456
43736,85480,55457
43737,85480,55458
43738,85480,55459
43739,85480,55460
43740,85480,55461
43741,85480,55462
43742,85480,55463
43743,85480,55464
43744,85480,55465
43745,85480,55466
43746,85480,55467
43747,85480,55468
43748,85480,55469
43749,85480,55470
43750,85480,55471
43751,85480,55472
43752,85480,55473
43753,85480,55474
43754,85480,55475
43755,85480,55476
43756,85480,55477
43757,85480,55478
43758,85480,55479
43759,85480,55480
43760,85480,55481
43761,85480,55482
43762,85480,55483
43763,85480,55484
43764,85480,55485
43765,85480,55486
43766,85480,55487
43767,85480,55488
43768,85480,55489
43769,85480,55490
43770,85480,55491
43771,85480,55492
43772,85480,55493
43773,85480,55494
43774,85480,55495
43775,85480,55496
43776,85480,55497
43777,85480,55498
43778,85480,55499
43779,85480,55500
43780,85480,55501
43781,85480,55502
43782,85480,55503
43783,85480,55504
43784,85480,55505
43785,85480,55506
43786,85480,55507
43787,85480,55508
43788,85480,55509
43789,85480,55510
43790,85480,55511
43791,85480,55512
43792,85480,55513
43793,85480,55514
43794,85480,55515
43795,85480,55516
43796,85480,55517
43797,85480,55518
43798,85480,55519
43799,85480,55520
43800,85480,55521
43801,85480,55522
43802,85480,55523
43803,85481,55320
43804,85481,55321
43805,85481,55322
43806,85481,55323
43807,85481,55324
43808,85481,55325
43809,85481,55326
43810,85481,55327
43811,85481,55328
43812,85481,55329
43813,85481,55330
43814,85481,55331
43815,85481,55332
43816,85481,55333
43817,85481,55334
43818,85481,55335
43819,85481,55336
43820,85481,55337
43821,85481,55338
43822,85481,55339
43823,85481,55340
43824,85481,55341
43825,85481,55342
43826,85481,55343
43827,85481,55344
43828,85481,55345
43829,85481,55346
43830,85481,55347
43831,85481,55348
43832,85481,55349
43833,85481,55350
43834,85481,55351
43835,85481,55352
43836,85481,55353
43837,85481,55354
43838,85481,55355
43839,85481,55356
43840,85481,55357
43841,85481,55358
43842,85481,55359
43843,85481,55360
43844,85481,55361
43845,85481,55362
43846,85481,55363
43847,85481,55364
43848,85481,55365
43849,85481,55366
43850,85481,55367
43851,85481,55368
43852,85481,55369
43853,85481,55370
43854,85481,55371
43855,85481,55372
43856,85481,55373
43857,85481,55374
43858,85481,55375
43859,85481,55376
43860,85481,55377
43861,85481,55378
43862,85481,55379
43863,85481,55380
43864,85481,55381
43865,85481,55382
43866,85481,55383
43867,85481,55384
43868,85481,55385
43869,85481,55386
43870,85481,55387
43871,85481,55388
43872,85481,55389
43873,85481,55390
43874,85481,55391
43875,85481,55392
43876,85481,55393
43877,85481,55394
43878,85481,55395
43879,85481,55396
43880,85481,55397
43881,85481,55398
43882,85481,55399
43883,85481,55400
43884,85481,55401
43885,85481,55402
43886,85481,55403
43887,85481,55404
43888,85481,55405
43889,85481,55406
43890,85481,55407
43891,85481,55408
43892,85481,55409
43893,85481,55410
43894,85481,55411
43895,85481,55412
43896,85481,55413
43897,85481,55414
43898,85481,55415
43899,85481,55416
43900,85481,55417
43901,85481,55418
43902,85481,55419
43903,85481,55420
43904,85481,55421
43905,85481,55422
43906,85481,55423
43907,85481,55424
43908,85481,55425
43909,85481,55426
43910,85481,55427
43911,85481,55428
43912,85481,55429
43913,85481,55430
43914,85481,55431
43915,85481,55432
43916,85481,55433
43917,85481,55434
43918,85481,55435
43919,85481,55436
43920,85481,55437
43921,85481,55438
43922,85481,55439
43923,85481,55440
43924,85481,55441
43925,85481,55442
43926,85481,55443
43927,85481,55444
43928,85481,55445
43929,85481,55446
43930,85481,55447
43931,85481,55448
43932,85481,55449
43933,85481,55450
43934,85481,55451
43935,85481,55452
43936,85481,55453
43937,85481,55454
43938,85481,55455
43939,85481,55456
43940,85481,55457
43941,85481,55458
43942,85481,55459
43943,85481,55460
43944,85481,55461
43945,85481,55462
43946,85481,55463
43947,85481,55464
43948,85481,55465
43949,85481,55466
43950,85481,55467
43951,85481,55468
43952,85481,55469
43953,85481,55470
43954,85481,55471
43955,85481,55472
43956,85481,55473
43957,85481,55474
43958,85481,55475
43959,85481,55476
43960,85481,55477
43961,85481,55478
43962,85481,55479
43963,85481,55480
43964,85481,55481
43965,85481,55482
43966,85481,55483
43967,85481,55484
43968,85481,55485
43969,85481,55486
43970,85481,55487
43971,85481,55488
43972,85481,55489
43973,85481,55490
43974,85481,55491
43975,85481,55492
43976,85481,55493
43977,85481,55494
43978,85481,55495
43979,85481,55496
43980,85481,55497
43981,85481,55498
43982,85481,55499
43983,85481,55500
43984,85481,55501
43985,85481,55502
43986,85481,55503
43987,85481,55504
43988,85481,55505
43989,85481,55506
43990,85481,55507
43991,85481,55508
43992,85481,55509
43993,85481,55510
43994,85481,55511
43995,85481,55512
43996,85481,55513
43997,85481,55514
43998,85481,55515
43999,85481,55516
44000,85481,55517
44001,85481,55518
44002,85481,55519
44003,85481,55520
44004,85481,55521
44005,85481,55522
44006,85481,55523
44007,85482,55320
44008,85482,55321
44009,85482,55322
44010,85482,55323
44011,85482,55324
44012,85482,55325
44013,85482,55326
44014,85482,55327
44015,85482,55328
44016,85482,55329
44017,85482,55330
44018,85482,55331
44019,85482,55332
44020,85482,55333
44021,85482,55334
44022,85482,55335
44023,85482,55336
44024,85482,55337
44025,85482,55338
44026,85482,55339
44027,85482,55340
44028,85482,55341
44029,85482,55342
44030,85482,55343
44031,85482,55344
44032,85482,55345
44033,85482,55346
44034,85482,55347
44035,85482,55348
44036,85482,55349
44037,85482,55350
44038,85482,55351
44039,85482,55352
44040,85482,55353
44041,85482,55354
44042,85482,55355
44043,85482,55356
44044,85482,55357
44045,85482,55358
44046,85482,55359
44047,85482,55360
44048,85482,55361
44049,85482,55362
44050,85482,55363
44051,85482,55364
44052,85482,55365
44053,85482,55366
44054,85482,55367
44055,85482,55368
44056,85482,55369
44057,85482,55370
44058,85482,55371
44059,85482,55372
44060,85482,55373
44061,85482,55374
44062,85482,55375
44063,85482,55376
44064,85482,55377
44065,85482,55378
44066,85482,55379
44067,85482,55380
44068,85482,55381
44069,85482,55382
44070,85482,55383
44071,85482,55384
44072,85482,55385
44073,85482,55386
44074,85482,55387
44075,85482,55388
44076,85482,55389
44077,85482,55390
44078,85482,55391
44079,85482,55392
44080,85482,55393
44081,85482,55394
44082,85482,55395
44083,85482,55396
44084,85482,55397
44085,85482,55398
44086,85482,55399
44087,85482,55400
44088,85482,55401
44089,85482,55402
44090,85482,55403
44091,85482,55404
44092,85482,55405
44093,85482,55406
44094,85482,55407
44095,85482,55408
44096,85482,55409
44097,85482,55410
44098,85482,55411
44099,85482,55412
44100,85482,55413
44101,85482,55414
44102,85482,55415
44103,85482,55416
44104,85482,55417
44105,85482,55418
44106,85482,55419
44107,85482,55420
44108,85482,55421
44109,85482,55422
44110,85482,55423
44111,85482,55424
44112,85482,55425
44113,85482,55426
44114,85482,55427
44115,85482,55428
44116,85482,55429
44117,85482,55430
44118,85482,55431
44119,85482,55432
44120,85482,55433
44121,85482,55434
44122,85482,55435
44123,85482,55436
44124,85482,55437
44125,85482,55438
44126,85482,55439
44127,85482,55440
44128,85482,55441
44129,85482,55442
44130,85482,55443
44131,85482,55444
44132,85482,55445
44133,85482,55446
44134,85482,55447
44135,85482,55448
44136,85482,55449
44137,85482,55450
44138,85482,55451
44139,85482,55452
44140,85482,55453
44141,85482,55454
44142,85482,55455
44143,85482,55456
44144,85482,55457
44145,85482,55458
44146,85482,55459
44147,85482,55460
44148,85482,55461
44149,85482,55462
44150,85482,55463
44151,85482,55464
44152,85482,55465
44153,85482,55466
44154,85482,55467
44155,85482,55468
44156,85482,55469
44157,85482,55470
44158,85482,55471
44159,85482,55472
44160,85482,55473
44161,85482,55474
44162,85482,55475
44163,85482,55476
44164,85482,55477
44165,85482,55478
44166,85482,55479
44167,85482,55480
44168,85482,55481
44169,85482,55482
44170,85482,55483
44171,85482,55484
44172,85482,55485
44173,85482,55486
44174,85482,55487
44175,85482,55488
44176,85482,55489
44177,85482,55490
44178,85482,55491
44179,85482,55492
44180,85482,55493
44181,85482,55494
44182,85482,55495
44183,85482,55496
44184,85482,55497
44185,85482,55498
44186,85482,55499
44187,85482,55500
44188,85482,55501
44189,85482,55502
44190,85482,55503
44191,85482,55504
44192,85482,55505
44193,85482,55506
44194,85482,55507
44195,85482,55508
44196,85482,55509
44197,85482,55510
44198,85482,55511
44199,85482,55512
44200,85482,55513
44201,85482,55514
44202,85482,55515
44203,85482,55516
44204,85482,55517
44205,85482,55518
44206,85482,55519
44207,85482,55520
44208,85482,55521
44209,85482,55522
44210,85482,55523
44211,85482,55524
44212,85483,55320
44213,85483,55321
44214,85483,55322
44215,85483,55323
44216,85483,55324
44217,85483,55325
44218,85483,55326
44219,85483,55327
44220,85483,55328
44221,85483,55329
44222,85483,55330
44223,85483,55331
44224,85483,55332
44225,85483,55333
44226,85483,55334
44227,85483,55335
44228,85483,55336
44229,85483,55337
44230,85483,55338
44231,85483,55339
44232,85483,55340
44233,85483,55341
44234,85483,55342
44235,85483,55343
44236,85483,55344
44237,85483,55345
44238,85483,55346
44239,85483,55347
44240,85483,55348
44241,85483,55349
44242,85483,55350
44243,85483,55351
44244,85483,55352
44245,85483,55353
44246,85483,55354
44247,85483,55355
44248,85483,55356
44249,85483,55357
44250,85483,55358
44251,85483,55359
44252,85483,55360
44253,85483,55361
44254,85483,55362
44255,85483,55363
44256,85483,55364
44257,85483,55365
44258,85483,55366
44259,85483,55367
44260,85483,55368
44261,85483,55369
44262,85483,55370
44263,85483,55371
44264,85483,55372
44265,85483,55373
44266,85483,55374
44267,85483,55375
44268,85483,55376
44269,85483,55377
44270,85483,55378
44271,85483,55379
44272,85483,55380
44273,85483,55381
44274,85483,55382
44275,85483,55383
44276,85483,55384
44277,85483,55385
44278,85483,55386
44279,85483,55387
44280,85483,55388
44281,85483,55389
44282,85483,55390
44283,85483,55391
44284,85483,55392
44285,85483,55393
44286,85483,55394
44287,85483,55395
44288,85483,55396
44289,85483,55397
44290,85483,55398
44291,85483,55399
44292,85483,55400
44293,85483,55401
44294,85483,55402
44295,85483,55403
44296,85483,55404
44297,85483,55405
44298,85483,55406
44299,85483,55407
44300,85483,55408
44301,85483,55409
44302,85483,55410
44303,85483,55411
44304,85483,55412
44305,85483,55413
44306,85483,55414
44307,85483,55415
44308,85483,55416
44309,85483,55417
44310,85483,55418
44311,85483,55419
44312,85483,55420
44313,85483,55421
44314,85483,55422
44315,85483,55423
44316,85483,55424
44317,85483,55425
44318,85483,55426
44319,85483,55427
44320,85483,55428
44321,85483,55429
44322,85483,55430
44323,85483,55431
44324,85483,55432
44325,85483,55433
44326,85483,55434
44327,85483,55435
44328,85483,55436
44329,85483,55437
44330,85483,55438
44331,85483,55439
44332,85483,55440
44333,85483,55441
44334,85483,55442
44335,85483,55443
44336,85483,55444
44337,85483,55445
44338,85483,55446
44339,85483,55447
44340,85483,55448
44341,85483,55449
44342,85483,55450
44343,85483,55451
44344,85483,55452
44345,85483,55453
44346,85483,55454
44347,85483,55455
44348,85483,55456
44349,85483,55457
44350,85483,55458
44351,85483,55459
44352,85483,55460
44353,85483,55461
44354,85483,55462
44355,85483,55463
44356,85483,55464
44357,85483,55465
44358,85483,55466
44359,85483,55467
44360,85483,55468
44361,85483,55469
44362,85483,55470
44363,85483,55471
44364,85483,55472
44365,85483,55473
44366,85483,55474
44367,85483,55475
44368,85483,55476
44369,85483,55477
44370,85483,55478
44371,85483,55479
44372,85483,55480
44373,85483,55481
44374,85483,55482
44375,85483,55483
44376,85483,55484
44377,85483,55485
44378,85483,55486
44379,85483,55487
44380,85483,55488
44381,85483,55489
44382,85483,55490
44383,85483,55491
44384,85483,55492
44385,85483,55493
44386,85483,55494
44387,85483,55495
44388,85483,55496
44389,85483,55497
44390,85483,55498
44391,85483,55499
44392,85483,55500
44393,85483,55501
44394,85483,55502
44395,85483,55503
44396,85483,55504
44397,85483,55505
44398,85483,55506
44399,85483,55507
44400,85483,55508
44401,85483,55509
44402,85483,55510
44403,85483,55511
44404,85483,55512
44405,85483,55513
44406,85483,55514
44407,85483,55515
44408,85483,55516
44409,85483,55517
44410,85483,55518
44411,85483,55519
44412,85483,55520
44413,85483,55521
44414,85483,55522
44415,85483,55523
44416,85483,55524
44417,85483,55525
44418,85484,55320
44419,85484,55321
44420,85484,55322
44421,85484,55323
44422,85484,55324
44423,85484,55325
44424,85484,55326
44425,85484,55327
44426,85484,55328
44427,85484,55329
44428,85484,55330
44429,85484,55331
44430,85484,55332
44431,85484,55333
44432,85484,55334
44433,85484,55335
44434,85484,55336
44435,85484,55337
44436,85484,55338
44437,85484,55339
44438,85484,55340
44439,85484,55341
44440,85484,55342
44441,85484,55343
44442,85484,55344
44443,85484,55345
44444,85484,55346
44445,85484,55347
44446,85484,55348
44447,85484,55349
44448,85484,55350
44449,85484,55351
44450,85484,55352
44451,85484,55353
44452,85484,55354
44453,85484,55355
44454,85484,55356
44455,85484,55357
44456,85484,55358
44457,85484,55359
44458,85484,55360
44459,85484,55361
44460,85484,55362
44461,85484,55363
44462,85484,55364
44463,85484,55365
44464,85484,55366
44465,85484,55367
44466,85484,55368
44467,85484,55369
44468,85484,55370
44469,85484,55371
44470,85484,55372
44471,85484,55373
44472,85484,55374
44473,85484,55375
44474,85484,55376
44475,85484,55377
44476,85484,55378
44477,85484,55379
44478,85484,55380
44479,85484,55381
44480,85484,55382
44481,85484,55383
44482,85484,55384
44483,85484,55385
44484,85484,55386
44485,85484,55387
44486,85484,55388
44487,85484,55389
44488,85484,55390
44489,85484,55391
44490,85484,55392
44491,85484,55393
44492,85484,55394
44493,85484,55395
44494,85484,55396
44495,85484,55397
44496,85484,55398
44497,85484,55399
44498,85484,55400
44499,85484,55401
44500,85484,55402
44501,85484,55403
44502,85484,55404
44503,85484,55405
44504,85484,55406
44505,85484,55407
44506,85484,55408
44507,85484,55409
44508,85484,55410
44509,85484,55411
44510,85484,55412
44511,85484,55413
44512,85484,55414
44513,85484,55415
44514,85484,55416
44515,85484,55417
44516,85484,55418
44517,85484,55419
44518,85484,55420
44519,85484,55421
44520,85484,55422
44521,85484,55423
44522,85484,55424
44523,85484,55425
44524,85484,55426
44525,85484,55427
44526,85484,55428
44527,85484,55429
44528,85484,55430
44529,85484,55431
44530,85484,55432
44531,85484,55433
44532,85484,55434
44533,85484,55435
44534,85484,55436
44535,85484,55437
44536,85484,55438
44537,85484,55439
44538,85484,55440
44539,85484,55441
44540,85484,55442
44541,85484,55443
44542,85484,55444
44543,85484,55445
44544,85484,55446
44545,85484,55447
44546,85484,55448
44547,85484,55449
44548,85484,55450
44549,85484,55451
44550,85484,55452
44551,85484,55453
44552,85484,55454
44553,85484,55455
44554,85484,55456
44555,85484,55457
44556,85484,55458
44557,85484,55459
44558,85484,55460
44559,85484,55461
44560,85484,55462
44561,85484,55463
44562,85484,55464
44563,85484,55465
44564,85484,55466
44565,85484,55467
44566,85484,55468
44567,85484,55469
44568,85484,55470
44569,85484,55471
44570,85484,55472
44571,85484,55473
44572,85484,55474
44573,85484,55475
44574,85484,55476
44575,85484,55477
44576,85484,55478
44577,85484,55479
44578,85484,55480
44579,85484,55481
44580,85484,55482
44581,85484,55483
44582,85484,55484
44583,85484,55485
44584,85484,55486
44585,85484,55487
44586,85484,55488
44587,85484,55489
44588,85484,55490
44589,85484,55491
44590,85484,55492
44591,85484,55493
44592,85484,55494
44593,85484,55495
44594,85484,55496
44595,85484,55497
44596,85484,55498
44597,85484,55499
44598,85484,55500
44599,85484,55501
44600,85484,55502
44601,85484,55503
44602,85484,55504
44603,85484,55505
44604,85484,55506
44605,85484,55507
44606,85484,55508
44607,85484,55509
44608,85484,55510
44609,85484,55511
44610,85484,55512
44611,85484,55513
44612,85484,55514
44613,85484,55515
44614,85484,55516
44615,85484,55517
44616,85484,55518
44617,85484,55519
44618,85484,55520
44619,85484,55521
44620,85484,55522
44621,85484,55523
44622,85484,55524
44623,85484,55525
44624,85485,55320
44625,85485,55321
44626,85485,55322
44627,85485,55323
44628,85485,55324
44629,85485,55325
44630,85485,55326
44631,85485,55327
44632,85485,55328
44633,85485,55329
44634,85485,55330
44635,85485,55331
44636,85485,55332
44637,85485,55333
44638,85485,55334
44639,85485,55335
44640,85485,55336
44641,85485,55337
44642,85485,55338
44643,85485,55339
44644,85485,55340
44645,85485,55341
44646,85485,55342
44647,85485,55343
44648,85485,55344
44649,85485,55345
44650,85485,55346
44651,85485,55347
44652,85485,55348
44653,85485,55349
44654,85485,55350
44655,85485,55351
44656,85485,55352
44657,85485,55353
44658,85485,55354
44659,85485,55355
44660,85485,55356
44661,85485,55357
44662,85485,55358
44663,85485,55359
44664,85485,55360
44665,85485,55361
44666,85485,55362
44667,85485,55363
44668,85485,55364
44669,85485,55365
44670,85485,55366
44671,85485,55367
44672,85485,55368
44673,85485,55369
44674,85485,55370
44675,85485,55371
44676,85485,55372
44677,85485,55373
44678,85485,55374
44679,85485,55375
44680,85485,55376
44681,85485,55377
44682,85485,55378
44683,85485,55379
44684,85485,55380
44685,85485,55381
44686,85485,55382
44687,85485,55383
44688,85485,55384
44689,85485,55385
44690,85485,55386
44691,85485,55387
44692,85485,55388
44693,85485,55389
44694,85485,55390
44695,85485,55391
44696,85485,55392
44697,85485,55393
44698,85485,55394
44699,85485,55395
44700,85485,55396
44701,85485,55397
44702,85485,55398
44703,85485,55399
44704,85485,55400
44705,85485,55401
44706,85485,55402
44707,85485,55403
44708,85485,55404
44709,85485,55405
44710,85485,55406
44711,85485,55407
44712,85485,55408
44713,85485,55409
44714,85485,55410
44715,85485,55411
44716,85485,55412
44717,85485,55413
44718,85485,55414
44719,85485,55415
44720,85485,55416
44721,85485,55417
44722,85485,55418
44723,85485,55419
44724,85485,55420
44725,85485,55421
44726,85485,55422
44727,85485,55423
44728,85485,55424
44729,85485,55425
44730,85485,55426
44731,85485,55427
44732,85485,55428
44733,85485,55429
44734,85485,55430
44735,85485,55431
44736,85485,55432
44737,85485,55433
44738,85485,55434
44739,85485,55435
44740,85485,55436
44741,85485,55437
44742,85485,55438
44743,85485,55439
44744,85485,55440
44745,85485,55441
44746,85485,55442
44747,85485,55443
44748,85485,55444
44749,85485,55445
44750,85485,55446
44751,85485,55447
44752,85485,55448
44753,85485,55449
44754,85485,55450
44755,85485,55451
44756,85485,55452
44757,85485,55453
44758,85485,55454
44759,85485,55455
44760,85485,55456
44761,85485,55457
44762,85485,55458
44763,85485,55459
44764,85485,55460
44765,85485,55461
44766,85485,55462
44767,85485,55463
44768,85485,55464
44769,85485,55465
44770,85485,55466
44771,85485,55467
44772,85485,55468
44773,85485,55469
44774,85485,55470
44775,85485,55471
44776,85485,55472
44777,85485,55473
44778,85485,55474
44779,85485,55475
44780,85485,55476
44781,85485,55477
44782,85485,55478
44783,85485,55479
44784,85485,55480
44785,85485,55481
44786,85485,55482
44787,85485,55483
44788,85485,55484
44789,85485,55485
44790,85485,55486
44791,85485,55487
44792,85485,55488
44793,85485,55489
44794,85485,55490
44795,85485,55491
44796,85485,55492
44797,85485,55493
44798,85485,55494
44799,85485,55495
44800,85485,55496
44801,85485,55497
44802,85485,55498
44803,85485,55499
44804,85485,55500
44805,85485,55501
44806,85485,55502
44807,85485,55503
44808,85485,55504
44809,85485,55505
44810,85485,55506
44811,85485,55507
44812,85485,55508
44813,85485,55509
44814,85485,55510
44815,85485,55511
44816,85485,55512
44817,85485,55513
44818,85485,55514
44819,85485,55515
44820,85485,55516
44821,85485,55517
44822,85485,55518
44823,85485,55519
44824,85485,55520
44825,85485,55521
44826,85485,55522
44827,85485,55523
44828,85485,55524
44829,85485,55525
44830,85486,55320
44831,85486,55321
44832,85486,55322
44833,85486,55323
44834,85486,55324
44835,85486,55325
44836,85486,55326
44837,85486,55327
44838,85486,55328
44839,85486,55329
44840,85486,55330
44841,85486,55331
44842,85486,55332
44843,85486,55333
44844,85486,55334
44845,85486,55335
44846,85486,55336
44847,85486,55337
44848,85486,55338
44849,85486,55339
44850,85486,55340
44851,85486,55341
44852,85486,55342
44853,85486,55343
44854,85486,55344
44855,85486,55345
44856,85486,55346
44857,85486,55347
44858,85486,55348
44859,85486,55349
44860,85486,55350
44861,85486,55351
44862,85486,55352
44863,85486,55353
44864,85486,55354
44865,85486,55355
44866,85486,55356
44867,85486,55357
44868,85486,55358
44869,85486,55359
44870,85486,55360
44871,85486,55361
44872,85486,55362
44873,85486,55363
44874,85486,55364
44875,85486,55365
44876,85486,55366
44877,85486,55367
44878,85486,55368
44879,85486,55369
44880,85486,55370
44881,85486,55371
44882,85486,55372
44883,85486,55373
44884,85486,55374
44885,85486,55375
44886,85486,55376
44887,85486,55377
44888,85486,55378
44889,85486,55379
44890,85486,55380
44891,85486,55381
44892,85486,55382
44893,85486,55383
44894,85486,55384
44895,85486,55385
44896,85486,55386
44897,85486,55387
44898,85486,55388
44899,85486,55389
44900,85486,55390
44901,85486,55391
44902,85486,55392
44903,85486,55393
44904,85486,55394
44905,85486,55395
44906,85486,55396
44907,85486,55397
44908,85486,55398
44909,85486,55399
44910,85486,55400
44911,85486,55401
44912,85486,55402
44913,85486,55403
44914,85486,55404
44915,85486,55405
44916,85486,55406
44917,85486,55407
44918,85486,55408
44919,85486,55409
44920,85486,55410
44921,85486,55411
44922,85486,55412
44923,85486,55413
44924,85486,55414
44925,85486,55415
44926,85486,55416
44927,85486,55417
44928,85486,55418
44929,85486,55419
44930,85486,55420
44931,85486,55421
44932,85486,55422
44933,85486,55423
44934,85486,55424
44935,85486,55425
44936,85486,55426
44937,85486,55427
44938,85486,55428
44939,85486,55429
44940,85486,55430
44941,85486,55431
44942,85486,55432
44943,85486,55433
44944,85486,55434
44945,85486,55435
44946,85486,55436
44947,85486,55437
44948,85486,55438
44949,85486,55439
44950,85486,55440
44951,85486,55441
44952,85486,55442
44953,85486,55443
44954,85486,55444
44955,85486,55445
44956,85486,55446
44957,85486,55447
44958,85486,55448
44959,85486,55449
44960,85486,55450
44961,85486,55451
44962,85486,55452
44963,85486,55453
44964,85486,55454
44965,85486,55455
44966,85486,55456
44967,85486,55457
44968,85486,55458
44969,85486,55459
44970,85486,55460
44971,85486,55461
44972,85486,55462
44973,85486,55463
44974,85486,55464
44975,85486,55465
44976,85486,55466
44977,85486,55467
44978,85486,55468
44979,85486,55469
44980,85486,55470
44981,85486,55471
44982,85486,55472
44983,85486,55473
44984,85486,55474
44985,85486,55475
44986,85486,55476
44987,85486,55477
44988,85486,55478
44989,85486,55479
44990,85486,55480
44991,85486,55481
44992,85486,55482
44993,85486,55483
44994,85486,55484
44995,85486,55485
44996,85486,55486
44997,85486,55487
44998,85486,55488
44999,85486,55489
45000,85486,55490
45001,85486,55491
45002,85486,55492
45003,85486,55493
45004,85486,55494
45005,85486,55495
45006,85486,55496
45007,85486,55497
45008,85486,55498
45009,85486,55499
45010,85486,55500
45011,85486,55501
45012,85486,55502
45013,85486,55503
45014,85486,55504
45015,85486,55505
45016,85486,55506
45017,85486,55507
45018,85486,55508
45019,85486,55509
45020,85486,55510
45021,85486,55511
45022,85486,55512
45023,85486,55513
45024,85486,55514
45025,85486,55515
45026,85486,55516
45027,85486,55517
45028,85486,55518
45029,85486,55519
45030,85486,55520
45031,85486,55521
45032,85486,55522
45033,85486,55523
45034,85486,55524
45035,85486,55525
45036,85487,55320
45037,85487,55321
45038,85487,55322
45039,85487,55323
45040,85487,55324
45041,85487,55325
45042,85487,55326
45043,85487,55327
45044,85487,55328
45045,85487,55329
45046,85487,55330
45047,85487,55331
45048,85487,55332
45049,85487,55333
45050,85487,55334
45051,85487,55335
45052,85487,55336
45053,85487,55337
45054,85487,55338
45055,85487,55339
45056,85487,55340
45057,85487,55341
45058,85487,55342
45059,85487,55343
45060,85487,55344
45061,85487,55345
45062,85487,55346
45063,85487,55347
45064,85487,55348
45065,85487,55349
45066,85487,55350
45067,85487,55351
45068,85487,55352
45069,85487,55353
45070,85487,55354
45071,85487,55355
45072,85487,55356
45073,85487,55357
45074,85487,55358
45075,85487,55359
45076,85487,55360
45077,85487,55361
45078,85487,55362
45079,85487,55363
45080,85487,55364
45081,85487,55365
45082,85487,55366
45083,85487,55367
45084,85487,55368
45085,85487,55369
45086,85487,55370
45087,85487,55371
45088,85487,55372
45089,85487,55373
45090,85487,55374
45091,85487,55375
45092,85487,55376
45093,85487,55377
45094,85487,55378
45095,85487,55379
45096,85487,55380
45097,85487,55381
45098,85487,55382
45099,85487,55383
45100,85487,55384
45101,85487,55385
45102,85487,55386
45103,85487,55387
45104,85487,55388
45105,85487,55389
45106,85487,55390
45107,85487,55391
45108,85487,55392
45109,85487,55393
45110,85487,55394
45111,85487,55395
45112,85487,55396
45113,85487,55397
45114,85487,55398
45115,85487,55399
45116,85487,55400
45117,85487,55401
45118,85487,55402
45119,85487,55403
45120,85487,55404
45121,85487,55405
45122,85487,55406
45123,85487,55407
45124,85487,55408
45125,85487,55409
45126,85487,55410
45127,85487,55411
45128,85487,55412
45129,85487,55413
45130,85487,55414
45131,85487,55415
45132,85487,55416
45133,85487,55417
45134,85487,55418
45135,85487,55419
45136,85487,55420
45137,85487,55421
45138,85487,55422
45139,85487,55423
45140,85487,55424
45141,85487,55425
45142,85487,55426
45143,85487,55427
45144,85487,55428
45145,85487,55429
45146,85487,55430
45147,85487,55431
45148,85487,55432
45149,85487,55433
45150,85487,55434
45151,85487,55435
45152,85487,55436
45153,85487,55437
45154,85487,55438
45155,85487,55439
45156,85487,55440
45157,85487,55441
45158,85487,55442
45159,85487,55443
45160,85487,55444
45161,85487,55445
45162,85487,55446
45163,85487,55447
45164,85487,55448
45165,85487,55449
45166,85487,55450
45167,85487,55451
45168,85487,55452
45169,85487,55453
45170,85487,55454
45171,85487,55455
45172,85487,55456
45173,85487,55457
45174,85487,55458
45175,85487,55459
45176,85487,55460
45177,85487,55461
45178,85487,55462
45179,85487,55463
45180,85487,55464
45181,85487,55465
45182,85487,55466
45183,85487,55467
45184,85487,55468
45185,85487,55469
45186,85487,55470
45187,85487,55471
45188,85487,55472
45189,85487,55473
45190,85487,55474
45191,85487,55475
45192,85487,55476
45193,85487,55477
45194,85487,55478
45195,85487,55479
45196,85487,55480
45197,85487,55481
45198,85487,55482
45199,85487,55483
45200,85487,55484
45201,85487,55485
45202,85487,55486
45203,85487,55487
45204,85487,55488
45205,85487,55489
45206,85487,55490
45207,85487,55491
45208,85487,55492
45209,85487,55493
45210,85487,55494
45211,85487,55495
45212,85487,55496
45213,85487,55497
45214,85487,55498
45215,85487,55499
45216,85487,55500
45217,85487,55501
45218,85487,55502
45219,85487,55503
45220,85487,55504
45221,85487,55505
45222,85487,55506
45223,85487,55507
45224,85487,55508
45225,85487,55509
45226,85487,55510
45227,85487,55511
45228,85487,55512
45229,85487,55513
45230,85487,55514
45231,85487,55515
45232,85487,55516
45233,85487,55517
45234,85487,55518
45235,85487,55519
45236,85487,55520
45237,85487,55521
45238,85487,55522
45239,85487,55523
45240,85487,55524
45241,85488,55320
45242,85488,55321
45243,85488,55322
45244,85488,55323
45245,85488,55324
45246,85488,55325
45247,85488,55326
45248,85488,55327
45249,85488,55328
45250,85488,55329
45251,85488,55330
45252,85488,55331
45253,85488,55332
45254,85488,55333
45255,85488,55334
45256,85488,55335
45257,85488,55336
45258,85488,55337
45259,85488,55338
45260,85488,55339
45261,85488,55340
45262,85488,55341
45263,85488,55342
45264,85488,55343
45265,85488,55344
45266,85488,55345
45267,85488,55346
45268,85488,55347
45269,85488,55348
45270,85488,55349
45271,85488,55350
45272,85488,55351
45273,85488,55352
45274,85488,55353
45275,85488,55354
45276,85488,55355
45277,85488,55356
45278,85488,55357
45279,85488,55358
45280,85488,55359
45281,85488,55360
45282,85488,55361
45283,85488,55362
45284,85488,55363
45285,85488,55364
45286,85488,55365
45287,85488,55366
45288,85488,55367
45289,85488,55368
45290,85488,55369
45291,85488,55370
45292,85488,55371
45293,85488,55372
45294,85488,55373
45295,85488,55374
45296,85488,55375
45297,85488,55376
45298,85488,55377
45299,85488,55378
45300,85488,55379
45301,85488,55380
45302,85488,55381
45303,85488,55382
45304,85488,55383
45305,85488,55384
45306,85488,55385
45307,85488,55386
45308,85488,55387
45309,85488,55388
45310,85488,55389
45311,85488,55390
45312,85488,55391
45313,85488,55392
45314,85488,55393
45315,85488,55394
45316,85488,55395
45317,85488,55396
45318,85488,55397
45319,85488,55398
45320,85488,55399
45321,85488,55400
45322,85488,55401
45323,85488,55402
45324,85488,55403
45325,85488,55404
45326,85488,55405
45327,85488,55406
45328,85488,55407
45329,85488,55408
45330,85488,55409
45331,85488,55410
45332,85488,55411
45333,85488,55412
45334,85488,55413
45335,85488,55414
45336,85488,55415
45337,85488,55416
45338,85488,55417
45339,85488,55418
45340,85488,55419
45341,85488,55420
45342,85488,55421
45343,85488,55422
45344,85488,55423
45345,85488,55424
45346,85488,55425
45347,85488,55426
45348,85488,55427
45349,85488,55428
45350,85488,55429
45351,85488,55430
45352,85488,55431
45353,85488,55432
45354,85488,55433
45355,85488,55434
45356,85488,55435
45357,85488,55436
45358,85488,55437
45359,85488,55438
45360,85488,55439
45361,85488,55440
45362,85488,55441
45363,85488,55442
45364,85488,55443
45365,85488,55444
45366,85488,55445
45367,85488,55446
45368,85488,55447
45369,85488,55448
45370,85488,55449
45371,85488,55450
45372,85488,55451
45373,85488,55452
45374,85488,55453
45375,85488,55454
45376,85488,55455
45377,85488,55456
45378,85488,55457
45379,85488,55458
45380,85488,55459
45381,85488,55460
45382,85488,55461
45383,85488,55462
45384,85488,55463
45385,85488,55464
45386,85488,55465
45387,85488,55466
45388,85488,55467
45389,85488,55468
45390,85488,55469
45391,85488,55470
45392,85488,55471
45393,85488,55472
45394,85488,55473
45395,85488,55474
45396,85488,55475
45397,85488,55476
45398,85488,55477
45399,85488,55478
45400,85488,55479
45401,85488,55480
45402,85488,55481
45403,85488,55482
45404,85488,55483
45405,85488,55484
45406,85488,55485
45407,85488,55486
45408,85488,55487
45409,85488,55488
45410,85488,55489
45411,85488,55490
45412,85488,55491
45413,85488,55492
45414,85488,55493
45415,85488,55494
45416,85488,55495
45417,85488,55496
45418,85488,55497
45419,85488,55498
45420,85488,55499
45421,85488,55500
45422,85488,55501
45423,85488,55502
45424,85488,55503
45425,85488,55504
45426,85488,55505
45427,85488,55506
45428,85488,55507
45429,85488,55508
45430,85488,55509
45431,85488,55510
45432,85488,55511
45433,85488,55512
45434,85488,55513
45435,85488,55514
45436,85488,55515
45437,85488,55516
45438,85488,55517
45439,85488,55518
45440,85488,55519
45441,85488,55520
45442,85488,55521
45443,85488,55522
45444,85488,55523
45445,85489,55320
45446,85489,55321
45447,85489,55322
45448,85489,55323
45449,85489,55324
45450,85489,55325
45451,85489,55326
45452,85489,55327
45453,85489,55328
45454,85489,55329
45455,85489,55330
45456,85489,55331
45457,85489,55332
45458,85489,55333
45459,85489,55334
45460,85489,55335
45461,85489,55336
45462,85489,55337
45463,85489,55338
45464,85489,55339
45465,85489,55340
45466,85489,55341
45467,85489,55342
45468,85489,55343
45469,85489,55344
45470,85489,55345
45471,85489,55346
45472,85489,55347
45473,85489,55348
45474,85489,55349
45475,85489,55350
45476,85489,55351
45477,85489,55352
45478,85489,55353
45479,85489,55354
45480,85489,55355
45481,85489,55356
45482,85489,55357
45483,85489,55358
45484,85489,55359
45485,85489,55360
45486,85489,55361
45487,85489,55362
45488,85489,55363
45489,85489,55364
45490,85489,55365
45491,85489,55366
45492,85489,55367
45493,85489,55368
45494,85489,55369
45495,85489,55370
45496,85489,55371
45497,85489,55372
45498,85489,55373
45499,85489,55374
45500,85489,55375
45501,85489,55376
45502,85489,55377
45503,85489,55378
45504,85489,55379
45505,85489,55380
45506,85489,55381
45507,85489,55382
45508,85489,55383
45509,85489,55384
45510,85489,55385
45511,85489,55386
45512,85489,55387
45513,85489,55388
45514,85489,55389
45515,85489,55390
45516,85489,55391
45517,85489,55392
45518,85489,55393
45519,85489,55394
45520,85489,55395
45521,85489,55396
45522,85489,55397
45523,85489,55398
45524,85489,55399
45525,85489,55400
45526,85489,55401
45527,85489,55402
45528,85489,55403
45529,85489,55404
45530,85489,55405
45531,85489,55406
45532,85489,55407
45533,85489,55408
45534,85489,55409
45535,85489,55410
45536,85489,55411
45537,85489,55412
45538,85489,55413
45539,85489,55414
45540,85489,55415
45541,85489,55416
45542,85489,55417
45543,85489,55418
45544,85489,55419
45545,85489,55420
45546,85489,55421
45547,85489,55422
45548,85489,55423
45549,85489,55424
45550,85489,55425
45551,85489,55426
45552,85489,55427
45553,85489,55428
45554,85489,55429
45555,85489,55430
45556,85489,55431
45557,85489,55432
45558,85489,55433
45559,85489,55434
45560,85489,55435
45561,85489,55436
45562,85489,55437
45563,85489,55438
45564,85489,55439
45565,85489,55440
45566,85489,55441
45567,85489,55442
45568,85489,55443
45569,85489,55444
45570,85489,55445
45571,85489,55446
45572,85489,55447
45573,85489,55448
45574,85489,55449
45575,85489,55450
45576,85489,55451
45577,85489,55452
45578,85489,55453
45579,85489,55454
45580,85489,55455
45581,85489,55456
45582,85489,55457
45583,85489,55458
45584,85489,55459
45585,85489,55460
45586,85489,55461
45587,85489,55462
45588,85489,55463
45589,85489,55464
45590,85489,55465
45591,85489,55466
45592,85489,55467
45593,85489,55468
45594,85489,55469
45595,85489,55470
45596,85489,55471
45597,85489,55472
45598,85489,55473
45599,85489,55474
45600,85489,55475
45601,85489,55476
45602,85489,55477
45603,85489,55478
45604,85489,55479
45605,85489,55480
45606,85489,55481
45607,85489,55482
45608,85489,55483
45609,85489,55484
45610,85489,55485
45611,85489,55486
45612,85489,55487
45613,85489,55488
45614,85489,55489
45615,85489,55490
45616,85489,55491
45617,85489,55492
45618,85489,55493
45619,85489,55494
45620,85489,55495
45621,85489,55496
45622,85489,55497
45623,85489,55498
45624,85489,55499
45625,85489,55500
45626,85489,55501
45627,85489,55502
45628,85489,55503
45629,85489,55504
45630,85489,55505
45631,85489,55506
45632,85489,55507
45633,85489,55508
45634,85489,55509
45635,85489,55510
45636,85489,55511
45637,85489,55512
45638,85489,55513
45639,85489,55514
45640,85489,55515
45641,85489,55516
45642,85489,55517
45643,85489,55518
45644,85489,55519
45645,85489,55520
45646,85490,55320
45647,85490,55321
45648,85490,55322
45649,85490,55323
45650,85490,55324
45651,85490,55325
45652,85490,55326
45653,85490,55327
45654,85490,55328
45655,85490,55329
45656,85490,55330
45657,85490,55331
45658,85490,55332
45659,85490,55333
45660,85490,55334
45661,85490,55335
45662,85490,55336
45663,85490,55337
45664,85490,55338
45665,85490,55339
45666,85490,55340
45667,85490,55341
45668,85490,55342
45669,85490,55343
45670,85490,55344
45671,85490,55345
45672,85490,55346
45673,85490,55347
45674,85490,55348
45675,85490,55349
45676,85490,55350
45677,85490,55351
45678,85490,55352
45679,85490,55353
45680,85490,55354
45681,85490,55355
45682,85490,55356
45683,85490,55357
45684,85490,55358
45685,85490,55359
45686,85490,55360
45687,85490,55361
45688,85490,55362
45689,85490,55363
45690,85490,55364
45691,85490,55365
45692,85490,55366
45693,85490,55367
45694,85490,55368
45695,85490,55369
45696,85490,55370
45697,85490,55371
45698,85490,55372
45699,85490,55373
45700,85490,55374
45701,85490,55375
45702,85490,55376
45703,85490,55377
45704,85490,55378
45705,85490,55379
45706,85490,55380
45707,85490,55381
45708,85490,55382
45709,85490,55383
45710,85490,55384
45711,85490,55385
45712,85490,55386
45713,85490,55387
45714,85490,55388
45715,85490,55389
45716,85490,55390
45717,85490,55391
45718,85490,55392
45719,85490,55393
45720,85490,55394
45721,85490,55395
45722,85490,55396
45723,85490,55397
45724,85490,55398
45725,85490,55399
45726,85490,55400
45727,85490,55401
45728,85490,55402
45729,85490,55403
45730,85490,55404
45731,85490,55405
45732,85490,55406
45733,85490,55407
45734,85490,55408
45735,85490,55409
45736,85490,55410
45737,85490,55411
45738,85490,55412
45739,85490,55413
45740,85490,55414
45741,85490,55415
45742,85490,55416
45743,85490,55417
45744,85490,55418
45745,85490,55419
45746,85490,55420
45747,85490,55421
45748,85490,55422
45749,85490,55423
45750,85490,55424
45751,85490,55425
45752,85490,55426
45753,85490,55427
45754,85490,55428
45755,85490,55429
45756,85490,55430
45757,85490,55431
45758,85490,55432
45759,85490,55433
45760,85490,55434
45761,85490,55435
45762,85490,55436
45763,85490,55437
45764,85490,55438
45765,85490,55439
45766,85490,55440
45767,85490,55441
45768,85490,55442
45769,85490,55443
45770,85490,55444
45771,85490,55445
45772,85490,55446
45773,85490,55447
45774,85490,55448
45775,85490,55449
45776,85490,55450
45777,85490,55451
45778,85490,55452
45779,85490,55453
45780,85490,55454
45781,85490,55455
45782,85490,55456
45783,85490,55457
45784,85490,55458
45785,85490,55459
45786,85490,55460
45787,85490,55461
45788,85490,55462
45789,85490,55463
45790,85490,55464
45791,85490,55465
45792,85490,55466
45793,85490,55467
45794,85490,55468
45795,85490,55469
45796,85490,55470
45797,85490,55471
45798,85490,55472
45799,85490,55473
45800,85490,55474
45801,85490,55475
45802,85490,55476
45803,85490,55477
45804,85490,55478
45805,85490,55479
45806,85490,55480
45807,85490,55481
45808,85490,55482
45809,85490,55483
45810,85490,55484
45811,85490,55485
45812,85490,55486
45813,85490,55487
45814,85490,55488
45815,85490,55489
45816,85490,55490
45817,85490,55491
45818,85490,55492
45819,85490,55493
45820,85490,55494
45821,85490,55495
45822,85490,55496
45823,85490,55497
45824,85490,55498
45825,85490,55499
45826,85490,55500
45827,85490,55501
45828,85490,55502
45829,85490,55503
45830,85490,55504
45831,85490,55505
45832,85490,55506
45833,85490,55507
45834,85490,55508
45835,85490,55509
45836,85490,55510
45837,85490,55511
45838,85490,55512
45839,85490,55513
45840,85490,55514
45841,85490,55515
45842,85490,55516
45843,85490,55517
45844,85490,55518
45845,85490,55519
45846,85491,55320
45847,85491,55321
45848,85491,55322
45849,85491,55323
45850,85491,55324
45851,85491,55325
45852,85491,55326
45853,85491,55327
45854,85491,55328
45855,85491,55329
45856,85491,55330
45857,85491,55331
45858,85491,55332
45859,85491,55333
45860,85491,55334
45861,85491,55335
45862,85491,55336
45863,85491,55337
45864,85491,55338
45865,85491,55339
45866,85491,55340
45867,85491,55341
45868,85491,55342
45869,85491,55343
45870,85491,55344
45871,85491,55345
45872,85491,55346
45873,85491,55347
45874,85491,55348
45875,85491,55349
45876,85491,55350
45877,85491,55351
45878,85491,55352
45879,85491,55353
45880,85491,55354
45881,85491,55355
45882,85491,55356
45883,85491,55357
45884,85491,55358
45885,85491,55359
45886,85491,55360
45887,85491,55361
45888,85491,55362
45889,85491,55363
45890,85491,55364
45891,85491,55365
45892,85491,55366
45893,85491,55367
45894,85491,55368
45895,85491,55369
45896,85491,55370
45897,85491,55371
45898,85491,55372
45899,85491,55373
45900,85491,55374
45901,85491,55375
45902,85491,55376
45903,85491,55377
45904,85491,55378
45905,85491,55379
45906,85491,55380
45907,85491,55381
45908,85491,55382
45909,85491,55383
45910,85491,55384
45911,85491,55385
45912,85491,55386
45913,85491,55387
45914,85491,55388
45915,85491,55389
45916,85491,55390
45917,85491,55391
45918,85491,55392
45919,85491,55393
45920,85491,55394
45921,85491,55395
45922,85491,55396
45923,85491,55397
45924,85491,55398
45925,85491,55399
45926,85491,55400
45927,85491,55401
45928,85491,55402
45929,85491,55403
45930,85491,55404
45931,85491,55405
45932,85491,55406
45933,85491,55407
45934,85491,55408
45935,85491,55409
45936,85491,55410
45937,85491,55411
45938,85491,55412
45939,85491,55413
45940,85491,55414
45941,85491,55415
45942,85491,55416
45943,85491,55417
45944,85491,55418
45945,85491,55419
45946,85491,55420
45947,85491,55421
45948,85491,55422
45949,85491,55423
45950,85491,55424
45951,85491,55425
45952,85491,55426
45953,85491,55427
45954,85491,55428
45955,85491,55429
45956,85491,55430
45957,85491,55431
45958,85491,55432
45959,85491,55433
45960,85491,55434
45961,85491,55435
45962,85491,55436
45963,85491,55437
45964,85491,55438
45965,85491,55439
45966,85491,55440
45967,85491,55441
45968,85491,55442
45969,85491,55443
45970,85491,55444
45971,85491,55445
45972,85491,55446
45973,85491,55447
45974,85491,55448
45975,85491,55449
45976,85491,55450
45977,85491,55451
45978,85491,55452
45979,85491,55453
45980,85491,55454
45981,85491,55455
45982,85491,55456
45983,85491,55457
45984,85491,55458
45985,85491,55459
45986,85491,55460
45987,85491,55461
45988,85491,55462
45989,85491,55463
45990,85491,55464
45991,85491,55465
45992,85491,55466
45993,85491,55467
45994,85491,55468
45995,85491,55469
45996,85491,55470
45997,85491,55471
45998,85491,55472
45999,85491,55473
46000,85491,55474
46001,85491,55475
46002,85491,55476
46003,85491,55477
46004,85491,55478
46005,85491,55479
46006,85491,55480
46007,85491,55481
46008,85491,55482
46009,85491,55483
46010,85491,55484
46011,85491,55485
46012,85491,55486
46013,85491,55487
46014,85491,55488
46015,85491,55489
46016,85491,55490
46017,85491,55491
46018,85491,55492
46019,85491,55493
46020,85491,55494
46021,85491,55495
46022,85491,55496
46023,85491,55497
46024,85491,55498
46025,85491,55499
46026,85491,55500
46027,85491,55501
46028,85491,55502
46029,85491,55503
46030,85491,55504
46031,85491,55505
46032,85491,55506
46033,85491,55507
46034,85491,55508
46035,85491,55509
46036,85491,55510
46037,85491,55511
46038,85491,55512
46039,85491,55513
46040,85491,55514
46041,85491,55515
46042,85491,55516
46043,85491,55517
46044,85492,55320
46045,85492,55321
46046,85492,55322
46047,85492,55323
46048,85492,55324
46049,85492,55325
46050,85492,55326
46051,85492,55327
46052,85492,55328
46053,85492,55329
46054,85492,55330
46055,85492,55331
46056,85492,55332
46057,85492,55333
46058,85492,55334
46059,85492,55335
46060,85492,55336
46061,85492,55337
46062,85492,55338
46063,85492,55339
46064,85492,55340
46065,85492,55341
46066,85492,55342
46067,85492,55343
46068,85492,55344
46069,85492,55345
46070,85492,55346
46071,85492,55347
46072,85492,55348
46073,85492,55349
46074,85492,55350
46075,85492,55351
46076,85492,55352
46077,85492,55353
46078,85492,55354
46079,85492,55355
46080,85492,55356
46081,85492,55357
46082,85492,55358
46083,85492,55359
46084,85492,55360
46085,85492,55361
46086,85492,55362
46087,85492,55363
46088,85492,55364
46089,85492,55365
46090,85492,55366
46091,85492,55367
46092,85492,55368
46093,85492,55369
46094,85492,55370
46095,85492,55371
46096,85492,55372
46097,85492,55373
46098,85492,55374
46099,85492,55375
46100,85492,55376
46101,85492,55377
46102,85492,55378
46103,85492,55379
46104,85492,55380
46105,85492,55381
46106,85492,55382
46107,85492,55383
46108,85492,55384
46109,85492,55385
46110,85492,55386
46111,85492,55387
46112,85492,55388
46113,85492,55389
46114,85492,55390
46115,85492,55391
46116,85492,55392
46117,85492,55393
46118,85492,55394
46119,85492,55395
46120,85492,55396
46121,85492,55397
46122,85492,55398
46123,85492,55399
46124,85492,55400
46125,85492,55401
46126,85492,55402
46127,85492,55403
46128,85492,55404
46129,85492,55405
46130,85492,55406
46131,85492,55407
46132,85492,55408
46133,85492,55409
46134,85492,55410
46135,85492,55411
46136,85492,55412
46137,85492,55413
46138,85492,55414
46139,85492,55415
46140,85492,55416
46141,85492,55417
46142,85492,55418
46143,85492,55419
46144,85492,55420
46145,85492,55421
46146,85492,55422
46147,85492,55423
46148,85492,55424
46149,85492,55425
46150,85492,55426
46151,85492,55427
46152,85492,55428
46153,85492,55429
46154,85492,55430
46155,85492,55431
46156,85492,55432
46157,85492,55433
46158,85492,55434
46159,85492,55435
46160,85492,55436
46161,85492,55437
46162,85492,55438
46163,85492,55439
46164,85492,55440
46165,85492,55441
46166,85492,55442
46167,85492,55443
46168,85492,55444
46169,85492,55445
46170,85492,55446
46171,85492,55447
46172,85492,55448
46173,85492,55449
46174,85492,55450
46175,85492,55451
46176,85492,55452
46177,85492,55453
46178,85492,55454
46179,85492,55455
46180,85492,55456
46181,85492,55457
46182,85492,55458
46183,85492,55459
46184,85492,55460
46185,85492,55461
46186,85492,55462
46187,85492,55463
46188,85492,55464
46189,85492,55465
46190,85492,55466
46191,85492,55467
46192,85492,55468
46193,85492,55469
46194,85492,55470
46195,85492,55471
46196,85492,55472
46197,85492,55473
46198,85492,55474
46199,85492,55475
46200,85492,55476
46201,85492,55477
46202,85492,55478
46203,85492,55479
46204,85492,55480
46205,85492,55481
46206,85492,55482
46207,85492,55483
46208,85492,55484
46209,85492,55485
46210,85492,55486
46211,85492,55487
46212,85492,55488
46213,85492,55489
46214,85492,55490
46215,85492,55491
46216,85492,55492
46217,85492,55493
46218,85492,55494
46219,85492,55495
46220,85492,55496
46221,85492,55497
46222,85492,55498
46223,85492,55499
46224,85492,55500
46225,85492,55501
46226,85492,55502
46227,85492,55503
46228,85492,55504
46229,85492,55505
46230,85492,55506
46231,85492,55507
46232,85492,55508
46233,85492,55509
46234,85492,55510
46235,85492,55511
46236,85492,55512
46237,85492,55513
46238,85492,55514
46239,85492,55515
46240,85492,55516
46241,85493,55320
46242,85493,55321
46243,85493,55322
46244,85493,55323
46245,85493,55324
46246,85493,55325
46247,85493,55326
46248,85493,55327
46249,85493,55328
46250,85493,55329
46251,85493,55330
46252,85493,55331
46253,85493,55332
46254,85493,55333
46255,85493,55334
46256,85493,55335
46257,85493,55336
46258,85493,55337
46259,85493,55338
46260,85493,55339
46261,85493,55340
46262,85493,55341
46263,85493,55342
46264,85493,55343
46265,85493,55344
46266,85493,55345
46267,85493,55346
46268,85493,55347
46269,85493,55348
46270,85493,55349
46271,85493,55350
46272,85493,55351
46273,85493,55352
46274,85493,55353
46275,85493,55354
46276,85493,55355
46277,85493,55356
46278,85493,55357
46279,85493,55358
46280,85493,55359
46281,85493,55360
46282,85493,55361
46283,85493,55362
46284,85493,55363
46285,85493,55364
46286,85493,55365
46287,85493,55366
46288,85493,55367
46289,85493,55368
46290,85493,55369
46291,85493,55370
46292,85493,55371
46293,85493,55372
46294,85493,55373
46295,85493,55374
46296,85493,55375
46297,85493,55376
46298,85493,55377
46299,85493,55378
46300,85493,55379
46301,85493,55380
46302,85493,55381
46303,85493,55382
46304,85493,55383
46305,85493,55384
46306,85493,55385
46307,85493,55386
46308,85493,55387
46309,85493,55388
46310,85493,55389
46311,85493,55390
46312,85493,55391
46313,85493,55392
46314,85493,55393
46315,85493,55394
46316,85493,55395
46317,85493,55396
46318,85493,55397
46319,85493,55398
46320,85493,55399
46321,85493,55400
46322,85493,55401
46323,85493,55402
46324,85493,55403
46325,85493,55404
46326,85493,55405
46327,85493,55406
46328,85493,55407
46329,85493,55408
46330,85493,55409
46331,85493,55410
46332,85493,55411
46333,85493,55412
46334,85493,55413
46335,85493,55414
46336,85493,55415
46337,85493,55416
46338,85493,55417
46339,85493,55418
46340,85493,55419
46341,85493,55420
46342,85493,55421
46343,85493,55422
46344,85493,55423
46345,85493,55424
46346,85493,55425
46347,85493,55426
46348,85493,55427
46349,85493,55428
46350,85493,55429
46351,85493,55430
46352,85493,55431
46353,85493,55432
46354,85493,55433
46355,85493,55434
46356,85493,55435
46357,85493,55436
46358,85493,55437
46359,85493,55438
46360,85493,55439
46361,85493,55440
46362,85493,55441
46363,85493,55442
46364,85493,55443
46365,85493,55444
46366,85493,55445
46367,85493,55446
46368,85493,55447
46369,85493,55448
46370,85493,55449
46371,85493,55450
46372,85493,55451
46373,85493,55452
46374,85493,55453
46375,85493,55454
46376,85493,55455
46377,85493,55456
46378,85493,55457
46379,85493,55458
46380,85493,55459
46381,85493,55460
46382,85493,55461
46383,85493,55462
46384,85493,55463
46385,85493,55464
46386,85493,55465
46387,85493,55466
46388,85493,55467
46389,85493,55468
46390,85493,55469
46391,85493,55470
46392,85493,55471
46393,85493,55472
46394,85493,55473
46395,85493,55474
46396,85493,55475
46397,85493,55476
46398,85493,55477
46399,85493,55478
46400,85493,55479
46401,85493,55480
46402,85493,55481
46403,85493,55482
46404,85493,55483
46405,85493,55484
46406,85493,55485
46407,85493,55486
46408,85493,55487
46409,85493,55488
46410,85493,55489
46411,85493,55490
46412,85493,55491
46413,85493,55492
46414,85493,55493
46415,85493,55494
46416,85493,55495
46417,85493,55496
46418,85493,55497
46419,85493,55498
46420,85493,55499
46421,85493,55500
46422,85493,55501
46423,85493,55502
46424,85493,55503
46425,85493,55504
46426,85493,55505
46427,85493,55506
46428,85493,55507
46429,85493,55508
46430,85493,55509
46431,85493,55510
46432,85493,55511
46433,85493,55512
46434,85493,55513
46435,85493,55514
46436,85493,55515
46437,85493,55516
46438,85494,55320
46439,85494,55321
46440,85494,55322
46441,85494,55323
46442,85494,55324
46443,85494,55325
46444,85494,55326
46445,85494,55327
46446,85494,55328
46447,85494,55329
46448,85494,55330
46449,85494,55331
46450,85494,55332
46451,85494,55333
46452,85494,55334
46453,85494,55335
46454,85494,55336
46455,85494,55337
46456,85494,55338
46457,85494,55339
46458,85494,55340
46459,85494,55341
46460,85494,55342
46461,85494,55343
46462,85494,55344
46463,85494,55345
46464,85494,55346
46465,85494,55347
46466,85494,55348
46467,85494,55349
46468,85494,55350
46469,85494,55351
46470,85494,55352
46471,85494,55353
46472,85494,55354
46473,85494,55355
46474,85494,55356
46475,85494,55357
46476,85494,55358
46477,85494,55359
46478,85494,55360
46479,85494,55361
46480,85494,55362
46481,85494,55363
46482,85494,55364
46483,85494,55365
46484,85494,55366
46485,85494,55367
46486,85494,55368
46487,85494,55369
46488,85494,55370
46489,85494,55371
46490,85494,55372
46491,85494,55373
46492,85494,55374
46493,85494,55375
46494,85494,55376
46495,85494,55377
46496,85494,55378
46497,85494,55379
46498,85494,55380
46499,85494,55381
46500,85494,55382
46501,85494,55383
46502,85494,55384
46503,85494,55385
46504,85494,55386
46505,85494,55387
46506,85494,55388
46507,85494,55389
46508,85494,55390
46509,85494,55391
46510,85494,55392
46511,85494,55393
46512,85494,55394
46513,85494,55395
46514,85494,55396
46515,85494,55397
46516,85494,55398
46517,85494,55399
46518,85494,55400
46519,85494,55401
46520,85494,55402
46521,85494,55403
46522,85494,55404
46523,85494,55405
46524,85494,55406
46525,85494,55407
46526,85494,55408
46527,85494,55409
46528,85494,55410
46529,85494,55411
46530,85494,55412
46531,85494,55413
46532,85494,55414
46533,85494,55415
46534,85494,55416
46535,85494,55417
46536,85494,55418
46537,85494,55419
46538,85494,55420
46539,85494,55421
46540,85494,55422
46541,85494,55423
46542,85494,55424
46543,85494,55425
46544,85494,55426
46545,85494,55427
46546,85494,55428
46547,85494,55429
46548,85494,55430
46549,85494,55431
46550,85494,55432
46551,85494,55433
46552,85494,55434
46553,85494,55435
46554,85494,55436
46555,85494,55437
46556,85494,55438
46557,85494,55439
46558,85494,55440
46559,85494,55441
46560,85494,55442
46561,85494,55443
46562,85494,55444
46563,85494,55445
46564,85494,55446
46565,85494,55447
46566,85494,55448
46567,85494,55449
46568,85494,55450
46569,85494,55451
46570,85494,55452
46571,85494,55453
46572,85494,55454
46573,85494,55455
46574,85494,55456
46575,85494,55457
46576,85494,55458
46577,85494,55459
46578,85494,55460
46579,85494,55461
46580,85494,55462
46581,85494,55463
46582,85494,55464
46583,85494,55465
46584,85494,55466
46585,85494,55467
46586,85494,55468
46587,85494,55469
46588,85494,55470
46589,85494,55471
46590,85494,55472
46591,85494,55473
46592,85494,55474
46593,85494,55475
46594,85494,55476
46595,85494,55477
46596,85494,55478
46597,85494,55479
46598,85494,55480
46599,85494,55481
46600,85494,55482
46601,85494,55483
46602,85494,55484
46603,85494,55485
46604,85494,55486
46605,85494,55487
46606,85494,55488
46607,85494,55489
46608,85494,55490
46609,85494,55491
46610,85494,55492
46611,85494,55493
46612,85494,55494
46613,85494,55495
46614,85494,55496
46615,85494,55497
46616,85494,55498
46617,85494,55499
46618,85494,55500
46619,85494,55501
46620,85494,55502
46621,85494,55503
46622,85494,55504
46623,85494,55505
46624,85494,55506
46625,85494,55507
46626,85494,55508
46627,85494,55509
46628,85494,55510
46629,85494,55511
46630,85494,55512
46631,85494,55513
46632,85494,55514
46633,85494,55515
46634,85495,55320
46635,85495,55321
46636,85495,55322
46637,85495,55323
46638,85495,55324
46639,85495,55325
46640,85495,55326
46641,85495,55327
46642,85495,55328
46643,85495,55329
46644,85495,55330
46645,85495,55331
46646,85495,55332
46647,85495,55333
46648,85495,55334
46649,85495,55335
46650,85495,55336
46651,85495,55337
46652,85495,55338
46653,85495,55339
46654,85495,55340
46655,85495,55341
46656,85495,55342
46657,85495,55343
46658,85495,55344
46659,85495,55345
46660,85495,55346
46661,85495,55347
46662,85495,55348
46663,85495,55349
46664,85495,55350
46665,85495,55351
46666,85495,55352
46667,85495,55353
46668,85495,55354
46669,85495,55355
46670,85495,55356
46671,85495,55357
46672,85495,55358
46673,85495,55359
46674,85495,55360
46675,85495,55361
46676,85495,55362
46677,85495,55363
46678,85495,55364
46679,85495,55365
46680,85495,55366
46681,85495,55367
46682,85495,55368
46683,85495,55369
46684,85495,55370
46685,85495,55371
46686,85495,55372
46687,85495,55373
46688,85495,55374
46689,85495,55375
46690,85495,55376
46691,85495,55377
46692,85495,55378
46693,85495,55379
46694,85495,55380
46695,85495,55381
46696,85495,55382
46697,85495,55383
46698,85495,55384
46699,85495,55385
46700,85495,55386
46701,85495,55387
46702,85495,55388
46703,85495,55389
46704,85495,55390
46705,85495,55391
46706,85495,55392
46707,85495,55393
46708,85495,55394
46709,85495,55395
46710,85495,55396
46711,85495,55397
46712,85495,55398
46713,85495,55399
46714,85495,55400
46715,85495,55401
46716,85495,55402
46717,85495,55403
46718,85495,55404
46719,85495,55405
46720,85495,55406
46721,85495,55407
46722,85495,55408
46723,85495,55409
46724,85495,55410
46725,85495,55411
46726,85495,55412
46727,85495,55413
46728,85495,55414
46729,85495,55415
46730,85495,55416
46731,85495,55417
46732,85495,55418
46733,85495,55419
46734,85495,55420
46735,85495,55421
46736,85495,55422
46737,85495,55423
46738,85495,55424
46739,85495,55425
46740,85495,55426
46741,85495,55427
46742,85495,55428
46743,85495,55429
46744,85495,55430
46745,85495,55431
46746,85495,55432
46747,85495,55433
46748,85495,55434
46749,85495,55435
46750,85495,55436
46751,85495,55437
46752,85495,55438
46753,85495,55439
46754,85495,55440
46755,85495,55441
46756,85495,55442
46757,85495,55443
46758,85495,55444
46759,85495,55445
46760,85495,55446
46761,85495,55447
46762,85495,55448
46763,85495,55449
46764,85495,55450
46765,85495,55451
46766,85495,55452
46767,85495,55453
46768,85495,55454
46769,85495,55455
46770,85495,55456
46771,85495,55457
46772,85495,55458
46773,85495,55459
46774,85495,55460
46775,85495,55461
46776,85495,55462
46777,85495,55463
46778,85495,55464
46779,85495,55465
46780,85495,55466
46781,85495,55467
46782,85495,55468
46783,85495,55469
46784,85495,55470
46785,85495,55471
46786,85495,55472
46787,85495,55473
46788,85495,55474
46789,85495,55475
46790,85495,55476
46791,85495,55477
46792,85495,55478
46793,85495,55479
46794,85495,55480
46795,85495,55481
46796,85495,55482
46797,85495,55483
46798,85495,55484
46799,85495,55485
46800,85495,55486
46801,85495,55487
46802,85495,55488
46803,85495,55489
46804,85495,55490
46805,85495,55491
46806,85495,55492
46807,85495,55493
46808,85495,55494
46809,85495,55495
46810,85495,55496
46811,85495,55497
46812,85495,55498
46813,85495,55499
46814,85495,55500
46815,85495,55501
46816,85495,55502
46817,85495,55503
46818,85495,55504
46819,85495,55505
46820,85495,55506
46821,85495,55507
46822,85495,55508
46823,85495,55509
46824,85495,55510
46825,85495,55511
46826,85495,55512
46827,85495,55513
46828,85495,55514
46829,85495,55515
46830,85496,55320
46831,85496,55321
46832,85496,55322
46833,85496,55323
46834,85496,55324
46835,85496,55325
46836,85496,55326
46837,85496,55327
46838,85496,55328
46839,85496,55329
46840,85496,55330
46841,85496,55331
46842,85496,55332
46843,85496,55333
46844,85496,55334
46845,85496,55335
46846,85496,55336
46847,85496,55337
46848,85496,55338
46849,85496,55339
46850,85496,55340
46851,85496,55341
46852,85496,55342
46853,85496,55343
46854,85496,55344
46855,85496,55345
46856,85496,55346
46857,85496,55347
46858,85496,55348
46859,85496,55349
46860,85496,55350
46861,85496,55351
46862,85496,55352
46863,85496,55353
46864,85496,55354
46865,85496,55355
46866,85496,55356
46867,85496,55357
46868,85496,55358
46869,85496,55359
46870,85496,55360
46871,85496,55361
46872,85496,55362
46873,85496,55363
46874,85496,55364
46875,85496,55365
46876,85496,55366
46877,85496,55367
46878,85496,55368
46879,85496,55369
46880,85496,55370
46881,85496,55371
46882,85496,55372
46883,85496,55373
46884,85496,55374
46885,85496,55375
46886,85496,55376
46887,85496,55377
46888,85496,55378
46889,85496,55379
46890,85496,55380
46891,85496,55381
46892,85496,55382
46893,85496,55383
46894,85496,55384
46895,85496,55385
46896,85496,55386
46897,85496,55387
46898,85496,55388
46899,85496,55389
46900,85496,55390
46901,85496,55391
46902,85496,55392
46903,85496,55393
46904,85496,55394
46905,85496,55395
46906,85496,55396
46907,85496,55397
46908,85496,55398
46909,85496,55399
46910,85496,55400
46911,85496,55401
46912,85496,55402
46913,85496,55403
46914,85496,55404
46915,85496,55405
46916,85496,55406
46917,85496,55407
46918,85496,55408
46919,85496,55409
46920,85496,55410
46921,85496,55411
46922,85496,55412
46923,85496,55413
46924,85496,55414
46925,85496,55415
46926,85496,55416
46927,85496,55417
46928,85496,55418
46929,85496,55419
46930,85496,55420
46931,85496,55421
46932,85496,55422
46933,85496,55423
46934,85496,55424
46935,85496,55425
46936,85496,55426
46937,85496,55427
46938,85496,55428
46939,85496,55429
46940,85496,55430
46941,85496,55431
46942,85496,55432
46943,85496,55433
46944,85496,55434
46945,85496,55435
46946,85496,55436
46947,85496,55437
46948,85496,55438
46949,85496,55439
46950,85496,55440
46951,85496,55441
46952,85496,55442
46953,85496,55443
46954,85496,55444
46955,85496,55445
46956,85496,55446
46957,85496,55447
46958,85496,55448
46959,85496,55449
46960,85496,55450
46961,85496,55451
46962,85496,55452
46963,85496,55453
46964,85496,55454
46965,85496,55455
46966,85496,55456
46967,85496,55457
46968,85496,55458
46969,85496,55459
46970,85496,55460
46971,85496,55461
46972,85496,55462
46973,85496,55463
46974,85496,55464
46975,85496,55465
46976,85496,55466
46977,85496,55467
46978,85496,55468
46979,85496,55469
46980,85496,55470
46981,85496,55471
46982,85496,55472
46983,85496,55473
46984,85496,55474
46985,85496,55475
46986,85496,55476
46987,85496,55477
46988,85496,55478
46989,85496,55479
46990,85496,55480
46991,85496,55481
46992,85496,55482
46993,85496,55483
46994,85496,55484
46995,85496,55485
46996,85496,55486
46997,85496,55487
46998,85496,55488
46999,85496,55489
47000,85496,55490
47001,85496,55491
47002,85496,55492
47003,85496,55493
47004,85496,55494
47005,85496,55495
47006,85496,55496
47007,85496,55497
47008,85496,55498
47009,85496,55499
47010,85496,55500
47011,85496,55501
47012,85496,55502
47013,85496,55503
47014,85496,55504
47015,85496,55505
47016,85496,55506
47017,85496,55507
47018,85496,55508
47019,85496,55509
47020,85496,55510
47021,85496,55511
47022,85496,55512
47023,85496,55513
47024,85496,55514
47025,85496,55515
47026,85497,55320
47027,85497,55321
47028,85497,55322
47029,85497,55323
47030,85497,55324
47031,85497,55325
47032,85497,55326
47033,85497,55327
47034,85497,55328
47035,85497,55329
47036,85497,55330
47037,85497,55331
47038,85497,55332
47039,85497,55333
47040,85497,55334
47041,85497,55335
47042,85497,55336
47043,85497,55337
47044,85497,55338
47045,85497,55339
47046,85497,55340
47047,85497,55341
47048,85497,55342
47049,85497,55343
47050,85497,55344
47051,85497,55345
47052,85497,55346
47053,85497,55347
47054,85497,55348
47055,85497,55349
47056,85497,55350
47057,85497,55351
47058,85497,55352
47059,85497,55353
47060,85497,55354
47061,85497,55355
47062,85497,55356
47063,85497,55357
47064,85497,55358
47065,85497,55359
47066,85497,55360
47067,85497,55361
47068,85497,55362
47069,85497,55363
47070,85497,55364
47071,85497,55365
47072,85497,55366
47073,85497,55367
47074,85497,55368
47075,85497,55369
47076,85497,55370
47077,85497,55371
47078,85497,55372
47079,85497,55373
47080,85497,55374
47081,85497,55375
47082,85497,55376
47083,85497,55377
47084,85497,55378
47085,85497,55379
47086,85497,55380
47087,85497,55381
47088,85497,55382
47089,85497,55383
47090,85497,55384
47091,85497,55385
47092,85497,55386
47093,85497,55387
47094,85497,55388
47095,85497,55389
47096,85497,55390
47097,85497,55391
47098,85497,55392
47099,85497,55393
47100,85497,55394
47101,85497,55395
47102,85497,55396
47103,85497,55397
47104,85497,55398
47105,85497,55399
47106,85497,55400
47107,85497,55401
47108,85497,55402
47109,85497,55403
47110,85497,55404
47111,85497,55405
47112,85497,55406
47113,85497,55407
47114,85497,55408
47115,85497,55409
47116,85497,55410
47117,85497,55411
47118,85497,55412
47119,85497,55413
47120,85497,55414
47121,85497,55415
47122,85497,55416
47123,85497,55417
47124,85497,55418
47125,85497,55419
47126,85497,55420
47127,85497,55421
47128,85497,55422
47129,85497,55423
47130,85497,55424
47131,85497,55425
47132,85497,55426
47133,85497,55427
47134,85497,55428
47135,85497,55429
47136,85497,55430
47137,85497,55431
47138,85497,55432
47139,85497,55433
47140,85497,55434
47141,85497,55435
47142,85497,55436
47143,85497,55437
47144,85497,55438
47145,85497,55439
47146,85497,55440
47147,85497,55441
47148,85497,55442
47149,85497,55443
47150,85497,55444
47151,85497,55445
47152,85497,55446
47153,85497,55447
47154,85497,55448
47155,85497,55449
47156,85497,55450
47157,85497,55451
47158,85497,55452
47159,85497,55453
47160,85497,55454
47161,85497,55455
47162,85497,55456
47163,85497,55457
47164,85497,55458
47165,85497,55459
47166,85497,55460
47167,85497,55461
47168,85497,55462
47169,85497,55463
47170,85497,55464
47171,85497,55465
47172,85497,55466
47173,85497,55467
47174,85497,55468
47175,85497,55469
47176,85497,55470
47177,85497,55471
47178,85497,55472
47179,85497,55473
47180,85497,55474
47181,85497,55475
47182,85497,55476
47183,85497,55477
47184,85497,55478
47185,85497,55479
47186,85497,55480
47187,85497,55481
47188,85497,55482
47189,85497,55483
47190,85497,55484
47191,85497,55485
47192,85497,55486
47193,85497,55487
47194,85497,55488
47195,85497,55489
47196,85497,55490
47197,85497,55491
47198,85497,55492
47199,85497,55493
47200,85497,55494
47201,85497,55495
47202,85497,55496
47203,85497,55497
47204,85497,55498
47205,85497,55499
47206,85497,55500
47207,85497,55501
47208,85497,55502
47209,85497,55503
47210,85497,55504
47211,85497,55505
47212,85497,55506
47213,85497,55507
47214,85497,55508
47215,85497,55509
47216,85497,55510
47217,85497,55511
47218,85497,55512
47219,85497,55513
47220,85497,55514
47221,85497,55515
47222,85498,55320
47223,85498,55321
47224,85498,55322
47225,85498,55323
47226,85498,55324
47227,85498,55325
47228,85498,55326
47229,85498,55327
47230,85498,55328
47231,85498,55329
47232,85498,55330
47233,85498,55331
47234,85498,55332
47235,85498,55333
47236,85498,55334
47237,85498,55335
47238,85498,55336
47239,85498,55337
47240,85498,55338
47241,85498,55339
47242,85498,55340
47243,85498,55341
47244,85498,55342
47245,85498,55343
47246,85498,55344
47247,85498,55345
47248,85498,55346
47249,85498,55347
47250,85498,55348
47251,85498,55349
47252,85498,55350
47253,85498,55351
47254,85498,55352
47255,85498,55353
47256,85498,55354
47257,85498,55355
47258,85498,55356
47259,85498,55357
47260,85498,55358
47261,85498,55359
47262,85498,55360
47263,85498,55361
47264,85498,55362
47265,85498,55363
47266,85498,55364
47267,85498,55365
47268,85498,55366
47269,85498,55367
47270,85498,55368
47271,85498,55369
47272,85498,55370
47273,85498,55371
47274,85498,55372
47275,85498,55373
47276,85498,55374
47277,85498,55375
47278,85498,55376
47279,85498,55377
47280,85498,55378
47281,85498,55379
47282,85498,55380
47283,85498,55381
47284,85498,55382
47285,85498,55383
47286,85498,55384
47287,85498,55385
47288,85498,55386
47289,85498,55387
47290,85498,55388
47291,85498,55389
47292,85498,55390
47293,85498,55391
47294,85498,55392
47295,85498,55393
47296,85498,55394
47297,85498,55395
47298,85498,55396
47299,85498,55397
47300,85498,55398
47301,85498,55399
47302,85498,55400
47303,85498,55401
47304,85498,55402
47305,85498,55403
47306,85498,55404
47307,85498,55405
47308,85498,55406
47309,85498,55407
47310,85498,55408
47311,85498,55409
47312,85498,55410
47313,85498,55411
47314,85498,55412
47315,85498,55413
47316,85498,55414
47317,85498,55415
47318,85498,55416
47319,85498,55417
47320,85498,55418
47321,85498,55419
47322,85498,55420
47323,85498,55421
47324,85498,55422
47325,85498,55423
47326,85498,55424
47327,85498,55425
47328,85498,55426
47329,85498,55427
47330,85498,55428
47331,85498,55429
47332,85498,55430
47333,85498,55431
47334,85498,55432
47335,85498,55433
47336,85498,55434
47337,85498,55435
47338,85498,55436
47339,85498,55437
47340,85498,55438
47341,85498,55439
47342,85498,55440
47343,85498,55441
47344,85498,55442
47345,85498,55443
47346,85498,55444
47347,85498,55445
47348,85498,55446
47349,85498,55447
47350,85498,55448
47351,85498,55449
47352,85498,55450
47353,85498,55451
47354,85498,55452
47355,85498,55453
47356,85498,55454
47357,85498,55455
47358,85498,55456
47359,85498,55457
47360,85498,55458
47361,85498,55459
47362,85498,55460
47363,85498,55461
47364,85498,55462
47365,85498,55463
47366,85498,55464
47367,85498,55465
47368,85498,55466
47369,85498,55467
47370,85498,55468
47371,85498,55469
47372,85498,55470
47373,85498,55471
47374,85498,55472
47375,85498,55473
47376,85498,55474
47377,85498,55475
47378,85498,55476
47379,85498,55477
47380,85498,55478
47381,85498,55479
47382,85498,55480
47383,85498,55481
47384,85498,55482
47385,85498,55483
47386,85498,55484
47387,85498,55485
47388,85498,55486
47389,85498,55487
47390,85498,55488
47391,85498,55489
47392,85498,55490
47393,85498,55491
47394,85498,55492
47395,85498,55493
47396,85498,55494
47397,85498,55495
47398,85498,55496
47399,85498,55497
47400,85498,55498
47401,85498,55499
47402,85498,55500
47403,85498,55501
47404,85498,55502
47405,85498,55503
47406,85498,55504
47407,85498,55505
47408,85498,55506
47409,85498,55507
47410,85498,55508
47411,85498,55509
47412,85498,55510
47413,85498,55511
47414,85498,55512
47415,85498,55513
47416,85498,55514
47417,85499,55320
47418,85499,55321
47419,85499,55322
47420,85499,55323
47421,85499,55324
47422,85499,55325
47423,85499,55326
47424,85499,55327
47425,85499,55328
47426,85499,55329
47427,85499,55330
47428,85499,55331
47429,85499,55332
47430,85499,55333
47431,85499,55334
47432,85499,55335
47433,85499,55336
47434,85499,55337
47435,85499,55338
47436,85499,55339
47437,85499,55340
47438,85499,55341
47439,85499,55342
47440,85499,55343
47441,85499,55344
47442,85499,55345
47443,85499,55346
47444,85499,55347
47445,85499,55348
47446,85499,55349
47447,85499,55350
47448,85499,55351
47449,85499,55352
47450,85499,55353
47451,85499,55354
47452,85499,55355
47453,85499,55356
47454,85499,55357
47455,85499,55358
47456,85499,55359
47457,85499,55360
47458,85499,55361
47459,85499,55362
47460,85499,55363
47461,85499,55364
47462,85499,55365
47463,85499,55366
47464,85499,55367
47465,85499,55368
47466,85499,55369
47467,85499,55370
47468,85499,55371
47469,85499,55372
47470,85499,55373
47471,85499,55374
47472,85499,55375
47473,85499,55376
47474,85499,55377
47475,85499,55378
47476,85499,55379
47477,85499,55380
47478,85499,55381
47479,85499,55382
47480,85499,55383
47481,85499,55384
47482,85499,55385
47483,85499,55386
47484,85499,55387
47485,85499,55388
47486,85499,55389
47487,85499,55390
47488,85499,55391
47489,85499,55392
47490,85499,55393
47491,85499,55394
47492,85499,55395
47493,85499,55396
47494,85499,55397
47495,85499,55398
47496,85499,55399
47497,85499,55400
47498,85499,55401
47499,85499,55402
47500,85499,55403
47501,85499,55404
47502,85499,55405
47503,85499,55406
47504,85499,55407
47505,85499,55408
47506,85499,55409
47507,85499,55410
47508,85499,55411
47509,85499,55412
47510,85499,55413
47511,85499,55414
47512,85499,55415
47513,85499,55416
47514,85499,55417
47515,85499,55418
47516,85499,55419
47517,85499,55420
47518,85499,55421
47519,85499,55422
47520,85499,55423
47521,85499,55424
47522,85499,55425
47523,85499,55426
47524,85499,55427
47525,85499,55428
47526,85499,55429
47527,85499,55430
47528,85499,55431
47529,85499,55432
47530,85499,55433
47531,85499,55434
47532,85499,55435
47533,85499,55436
47534,85499,55437
47535,85499,55438
47536,85499,55439
47537,85499,55440
47538,85499,55441
47539,85499,55442
47540,85499,55443
47541,85499,55444
47542,85499,55445
47543,85499,55446
47544,85499,55447
47545,85499,55448
47546,85499,55449
47547,85499,55450
47548,85499,55451
47549,85499,55452
47550,85499,55453
47551,85499,55454
47552,85499,55455
47553,85499,55456
47554,85499,55457
47555,85499,55458
47556,85499,55459
47557,85499,55460
47558,85499,55461
47559,85499,55462
47560,85499,55463
47561,85499,55464
47562,85499,55465
47563,85499,55466
47564,85499,55467
47565,85499,55468
47566,85499,55469
47567,85499,55470
47568,85499,55471
47569,85499,55472
47570,85499,55473
47571,85499,55474
47572,85499,55475
47573,85499,55476
47574,85499,55477
47575,85499,55478
47576,85499,55479
47577,85499,55480
47578,85499,55481
47579,85499,55482
47580,85499,55483
47581,85499,55484
47582,85499,55485
47583,85499,55486
47584,85499,55487
47585,85499,55488
47586,85499,55489
47587,85499,55490
47588,85499,55491
47589,85499,55492
47590,85499,55493
47591,85499,55494
47592,85499,55495
47593,85499,55496
47594,85499,55497
47595,85499,55498
47596,85499,55499
47597,85499,55500
47598,85499,55501
47599,85499,55502
47600,85499,55503
47601,85499,55504
47602,85499,55505
47603,85499,55506
47604,85499,55507
47605,85499,55508
47606,85499,55509
47607,85499,55510
47608,85499,55511
47609,85499,55512
47610,85499,55513
47611,85499,55514
47612,85499,55515
47613,85500,55320
47614,85500,55321
47615,85500,55322
47616,85500,55323
47617,85500,55324
47618,85500,55325
47619,85500,55326
47620,85500,55327
47621,85500,55328
47622,85500,55329
47623,85500,55330
47624,85500,55331
47625,85500,55332
47626,85500,55333
47627,85500,55334
47628,85500,55335
47629,85500,55336
47630,85500,55337
47631,85500,55338
47632,85500,55339
47633,85500,55340
47634,85500,55341
47635,85500,55342
47636,85500,55343
47637,85500,55344
47638,85500,55345
47639,85500,55346
47640,85500,55347
47641,85500,55348
47642,85500,55349
47643,85500,55350
47644,85500,55351
47645,85500,55352
47646,85500,55353
47647,85500,55354
47648,85500,55355
47649,85500,55356
47650,85500,55357
47651,85500,55358
47652,85500,55359
47653,85500,55360
47654,85500,55361
47655,85500,55362
47656,85500,55363
47657,85500,55364
47658,85500,55365
47659,85500,55366
47660,85500,55367
47661,85500,55368
47662,85500,55369
47663,85500,55370
47664,85500,55371
47665,85500,55372
47666,85500,55373
47667,85500,55374
47668,85500,55375
47669,85500,55376
47670,85500,55377
47671,85500,55378
47672,85500,55379
47673,85500,55380
47674,85500,55381
47675,85500,55382
47676,85500,55383
47677,85500,55384
47678,85500,55385
47679,85500,55386
47680,85500,55387
47681,85500,55388
47682,85500,55389
47683,85500,55390
47684,85500,55391
47685,85500,55392
47686,85500,55393
47687,85500,55394
47688,85500,55395
47689,85500,55396
47690,85500,55397
47691,85500,55398
47692,85500,55399
47693,85500,55400
47694,85500,55401
47695,85500,55402
47696,85500,55403
47697,85500,55404
47698,85500,55405
47699,85500,55406
47700,85500,55407
47701,85500,55408
47702,85500,55409
47703,85500,55410
47704,85500,55411
47705,85500,55412
47706,85500,55413
47707,85500,55414
47708,85500,55415
47709,85500,55416
47710,85500,55417
47711,85500,55418
47712,85500,55419
47713,85500,55420
47714,85500,55421
47715,85500,55422
47716,85500,55423
47717,85500,55424
47718,85500,55425
47719,85500,55426
47720,85500,55427
47721,85500,55428
47722,85500,55429
47723,85500,55430
47724,85500,55431
47725,85500,55432
47726,85500,55433
47727,85500,55434
47728,85500,55435
47729,85500,55436
47730,85500,55437
47731,85500,55438
47732,85500,55439
47733,85500,55440
47734,85500,55441
47735,85500,55442
47736,85500,55443
47737,85500,55444
47738,85500,55445
47739,85500,55446
47740,85500,55447
47741,85500,55448
47742,85500,55449
47743,85500,55450
47744,85500,55451
47745,85500,55452
47746,85500,55453
47747,85500,55454
47748,85500,55455
47749,85500,55456
47750,85500,55457
47751,85500,55458
47752,85500,55459
47753,85500,55460
47754,85500,55461
47755,85500,55462
47756,85500,55463
47757,85500,55464
47758,85500,55465
47759,85500,55466
47760,85500,55467
47761,85500,55468
47762,85500,55469
47763,85500,55470
47764,85500,55471
47765,85500,55472
47766,85500,55473
47767,85500,55474
47768,85500,55475
47769,85500,55476
47770,85500,55477
47771,85500,55478
47772,85500,55479
47773,85500,55480
47774,85500,55481
47775,85500,55482
47776,85500,55483
47777,85500,55484
47778,85500,55485
47779,85500,55486
47780,85500,55487
47781,85500,55488
47782,85500,55489
47783,85500,55490
47784,85500,55491
47785,85500,55492
47786,85500,55493
47787,85500,55494
47788,85500,55495
47789,85500,55496
47790,85500,55497
47791,85500,55498
47792,85500,55499
47793,85500,55500
47794,85500,55501
47795,85500,55502
47796,85500,55503
47797,85500,55504
47798,85500,55505
47799,85500,55506
47800,85500,55507
47801,85500,55508
47802,85500,55509
47803,85500,55510
47804,85500,55511
47805,85500,55512
47806,85500,55513
47807,85500,55514
47808,85500,55515
47809,85501,55320
47810,85501,55321
47811,85501,55322
47812,85501,55323
47813,85501,55324
47814,85501,55325
47815,85501,55326
47816,85501,55327
47817,85501,55328
47818,85501,55329
47819,85501,55330
47820,85501,55331
47821,85501,55332
47822,85501,55333
47823,85501,55334
47824,85501,55335
47825,85501,55336
47826,85501,55337
47827,85501,55338
47828,85501,55339
47829,85501,55340
47830,85501,55341
47831,85501,55342
47832,85501,55343
47833,85501,55344
47834,85501,55345
47835,85501,55346
47836,85501,55347
47837,85501,55348
47838,85501,55349
47839,85501,55350
47840,85501,55351
47841,85501,55352
47842,85501,55353
47843,85501,55354
47844,85501,55355
47845,85501,55356
47846,85501,55357
47847,85501,55358
47848,85501,55359
47849,85501,55360
47850,85501,55361
47851,85501,55362
47852,85501,55363
47853,85501,55364
47854,85501,55365
47855,85501,55366
47856,85501,55367
47857,85501,55368
47858,85501,55369
47859,85501,55370
47860,85501,55371
47861,85501,55372
47862,85501,55373
47863,85501,55374
47864,85501,55375
47865,85501,55376
47866,85501,55377
47867,85501,55378
47868,85501,55379
47869,85501,55380
47870,85501,55381
47871,85501,55382
47872,85501,55383
47873,85501,55384
47874,85501,55385
47875,85501,55386
47876,85501,55387
47877,85501,55388
47878,85501,55389
47879,85501,55390
47880,85501,55391
47881,85501,55392
47882,85501,55393
47883,85501,55394
47884,85501,55395
47885,85501,55396
47886,85501,55397
47887,85501,55398
47888,85501,55399
47889,85501,55400
47890,85501,55401
47891,85501,55402
47892,85501,55403
47893,85501,55404
47894,85501,55405
47895,85501,55406
47896,85501,55407
47897,85501,55408
47898,85501,55409
47899,85501,55410
47900,85501,55411
47901,85501,55412
47902,85501,55413
47903,85501,55414
47904,85501,55415
47905,85501,55416
47906,85501,55417
47907,85501,55418
47908,85501,55419
47909,85501,55420
47910,85501,55421
47911,85501,55422
47912,85501,55423
47913,85501,55424
47914,85501,55425
47915,85501,55426
47916,85501,55427
47917,85501,55428
47918,85501,55429
47919,85501,55430
47920,85501,55431
47921,85501,55432
47922,85501,55433
47923,85501,55434
47924,85501,55435
47925,85501,55436
47926,85501,55437
47927,85501,55438
47928,85501,55439
47929,85501,55440
47930,85501,55441
47931,85501,55442
47932,85501,55443
47933,85501,55444
47934,85501,55445
47935,85501,55446
47936,85501,55447
47937,85501,55448
47938,85501,55449
47939,85501,55450
47940,85501,55451
47941,85501,55452
47942,85501,55453
47943,85501,55454
47944,85501,55455
47945,85501,55456
47946,85501,55457
47947,85501,55458
47948,85501,55459
47949,85501,55460
47950,85501,55461
47951,85501,55462
47952,85501,55463
47953,85501,55464
47954,85501,55465
47955,85501,55466
47956,85501,55467
47957,85501,55468
47958,85501,55469
47959,85501,55470
47960,85501,55471
47961,85501,55472
47962,85501,55473
47963,85501,55474
47964,85501,55475
47965,85501,55476
47966,85501,55477
47967,85501,55478
47968,85501,55479
47969,85501,55480
47970,85501,55481
47971,85501,55482
47972,85501,55483
47973,85501,55484
47974,85501,55485
47975,85501,55486
47976,85501,55487
47977,85501,55488
47978,85501,55489
47979,85501,55490
47980,85501,55491
47981,85501,55492
47982,85501,55493
47983,85501,55494
47984,85501,55495
47985,85501,55496
47986,85501,55497
47987,85501,55498
47988,85501,55499
47989,85501,55500
47990,85501,55501
47991,85501,55502
47992,85501,55503
47993,85501,55504
47994,85501,55505
47995,85501,55506
47996,85501,55507
47997,85501,55508
47998,85501,55509
47999,85501,55510
48000,85501,55511
48001,85501,55512
48002,85501,55513
48003,85501,55514
48004,85501,55515
48005,85502,55320
48006,85502,55321
48007,85502,55322
48008,85502,55323
48009,85502,55324
48010,85502,55325
48011,85502,55326
48012,85502,55327
48013,85502,55328
48014,85502,55329
48015,85502,55330
48016,85502,55331
48017,85502,55332
48018,85502,55333
48019,85502,55334
48020,85502,55335
48021,85502,55336
48022,85502,55337
48023,85502,55338
48024,85502,55339
48025,85502,55340
48026,85502,55341
48027,85502,55342
48028,85502,55343
48029,85502,55344
48030,85502,55345
48031,85502,55346
48032,85502,55347
48033,85502,55348
48034,85502,55349
48035,85502,55350
48036,85502,55351
48037,85502,55352
48038,85502,55353
48039,85502,55354
48040,85502,55355
48041,85502,55356
48042,85502,55357
48043,85502,55358
48044,85502,55359
48045,85502,55360
48046,85502,55361
48047,85502,55362
48048,85502,55363
48049,85502,55364
48050,85502,55365
48051,85502,55366
48052,85502,55367
48053,85502,55368
48054,85502,55369
48055,85502,55370
48056,85502,55371
48057,85502,55372
48058,85502,55373
48059,85502,55374
48060,85502,55375
48061,85502,55376
48062,85502,55377
48063,85502,55378
48064,85502,55379
48065,85502,55380
48066,85502,55381
48067,85502,55382
48068,85502,55383
48069,85502,55384
48070,85502,55385
48071,85502,55386
48072,85502,55387
48073,85502,55388
48074,85502,55389
48075,85502,55390
48076,85502,55391
48077,85502,55392
48078,85502,55393
48079,85502,55394
48080,85502,55395
48081,85502,55396
48082,85502,55397
48083,85502,55398
48084,85502,55399
48085,85502,55400
48086,85502,55401
48087,85502,55402
48088,85502,55403
48089,85502,55404
48090,85502,55405
48091,85502,55406
48092,85502,55407
48093,85502,55408
48094,85502,55409
48095,85502,55410
48096,85502,55411
48097,85502,55412
48098,85502,55413
48099,85502,55414
48100,85502,55415
48101,85502,55416
48102,85502,55417
48103,85502,55418
48104,85502,55419
48105,85502,55420
48106,85502,55421
48107,85502,55422
48108,85502,55423
48109,85502,55424
48110,85502,55425
48111,85502,55426
48112,85502,55427
48113,85502,55428
48114,85502,55429
48115,85502,55430
48116,85502,55431
48117,85502,55432
48118,85502,55433
48119,85502,55434
48120,85502,55435
48121,85502,55436
48122,85502,55437
48123,85502,55438
48124,85502,55439
48125,85502,55440
48126,85502,55441
48127,85502,55442
48128,85502,55443
48129,85502,55444
48130,85502,55445
48131,85502,55446
48132,85502,55447
48133,85502,55448
48134,85502,55449
48135,85502,55450
48136,85502,55451
48137,85502,55452
48138,85502,55453
48139,85502,55454
48140,85502,55455
48141,85502,55456
48142,85502,55457
48143,85502,55458
48144,85502,55459
48145,85502,55460
48146,85502,55461
48147,85502,55462
48148,85502,55463
48149,85502,55464
48150,85502,55465
48151,85502,55466
48152,85502,55467
48153,85502,55468
48154,85502,55469
48155,85502,55470
48156,85502,55471
48157,85502,55472
48158,85502,55473
48159,85502,55474
48160,85502,55475
48161,85502,55476
48162,85502,55477
48163,85502,55478
48164,85502,55479
48165,85502,55480
48166,85502,55481
48167,85502,55482
48168,85502,55483
48169,85502,55484
48170,85502,55485
48171,85502,55486
48172,85502,55487
48173,85502,55488
48174,85502,55489
48175,85502,55490
48176,85502,55491
48177,85502,55492
48178,85502,55493
48179,85502,55494
48180,85502,55495
48181,85502,55496
48182,85502,55497
48183,85502,55498
48184,85502,55499
48185,85502,55500
48186,85502,55501
48187,85502,55502
48188,85502,55503
48189,85502,55504
48190,85502,55505
48191,85502,55506
48192,85502,55507
48193,85502,55508
48194,85502,55509
48195,85502,55510
48196,85502,55511
48197,85502,55512
48198,85502,55513
48199,85502,55514
48200,85502,55515
48201,85502,55516
48202,85503,55320
48203,85503,55321
48204,85503,55322
48205,85503,55323
48206,85503,55324
48207,85503,55325
48208,85503,55326
48209,85503,55327
48210,85503,55328
48211,85503,55329
48212,85503,55330
48213,85503,55331
48214,85503,55332
48215,85503,55333
48216,85503,55334
48217,85503,55335
48218,85503,55336
48219,85503,55337
48220,85503,55338
48221,85503,55339
48222,85503,55340
48223,85503,55341
48224,85503,55342
48225,85503,55343
48226,85503,55344
48227,85503,55345
48228,85503,55346
48229,85503,55347
48230,85503,55348
48231,85503,55349
48232,85503,55350
48233,85503,55351
48234,85503,55352
48235,85503,55353
48236,85503,55354
48237,85503,55355
48238,85503,55356
48239,85503,55357
48240,85503,55358
48241,85503,55359
48242,85503,55360
48243,85503,55361
48244,85503,55362
48245,85503,55363
48246,85503,55364
48247,85503,55365
48248,85503,55366
48249,85503,55367
48250,85503,55368
48251,85503,55369
48252,85503,55370
48253,85503,55371
48254,85503,55372
48255,85503,55373
48256,85503,55374
48257,85503,55375
48258,85503,55376
48259,85503,55377
48260,85503,55378
48261,85503,55379
48262,85503,55380
48263,85503,55381
48264,85503,55382
48265,85503,55383
48266,85503,55384
48267,85503,55385
48268,85503,55386
48269,85503,55387
48270,85503,55388
48271,85503,55389
48272,85503,55390
48273,85503,55391
48274,85503,55392
48275,85503,55393
48276,85503,55394
48277,85503,55395
48278,85503,55396
48279,85503,55397
48280,85503,55398
48281,85503,55399
48282,85503,55400
48283,85503,55401
48284,85503,55402
48285,85503,55403
48286,85503,55404
48287,85503,55405
48288,85503,55406
48289,85503,55407
48290,85503,55408
48291,85503,55409
48292,85503,55410
48293,85503,55411
48294,85503,55412
48295,85503,55413
48296,85503,55414
48297,85503,55415
48298,85503,55416
48299,85503,55417
48300,85503,55418
48301,85503,55419
48302,85503,55420
48303,85503,55421
48304,85503,55422
48305,85503,55423
48306,85503,55424
48307,85503,55425
48308,85503,55426
48309,85503,55427
48310,85503,55428
48311,85503,55429
48312,85503,55430
48313,85503,55431
48314,85503,55432
48315,85503,55433
48316,85503,55434
48317,85503,55435
48318,85503,55436
48319,85503,55437
48320,85503,55438
48321,85503,55439
48322,85503,55440
48323,85503,55441
48324,85503,55442
48325,85503,55443
48326,85503,55444
48327,85503,55445
48328,85503,55446
48329,85503,55447
48330,85503,55448
48331,85503,55449
48332,85503,55450
48333,85503,55451
48334,85503,55452
48335,85503,55453
48336,85503,55454
48337,85503,55455
48338,85503,55456
48339,85503,55457
48340,85503,55458
48341,85503,55459
48342,85503,55460
48343,85503,55461
48344,85503,55462
48345,85503,55463
48346,85503,55464
48347,85503,55465
48348,85503,55466
48349,85503,55467
48350,85503,55468
48351,85503,55469
48352,85503,55470
48353,85503,55471
48354,85503,55472
48355,85503,55473
48356,85503,55474
48357,85503,55475
48358,85503,55476
48359,85503,55477
48360,85503,55478
48361,85503,55479
48362,85503,55480
48363,85503,55481
48364,85503,55482
48365,85503,55483
48366,85503,55484
48367,85503,55485
48368,85503,55486
48369,85503,55487
48370,85503,55488
48371,85503,55489
48372,85503,55490
48373,85503,55491
48374,85503,55492
48375,85503,55493
48376,85503,55494
48377,85503,55495
48378,85503,55496
48379,85503,55497
48380,85503,55498
48381,85503,55499
48382,85503,55500
48383,85503,55501
48384,85503,55502
48385,85503,55503
48386,85503,55504
48387,85503,55505
48388,85503,55506
48389,85503,55507
48390,85503,55508
48391,85503,55509
48392,85503,55510
48393,85503,55511
48394,85503,55512
48395,85503,55513
48396,85503,55514
48397,85503,55515
48398,85503,55516
48399,85504,55320
48400,85504,55321
48401,85504,55322
48402,85504,55323
48403,85504,55324
48404,85504,55325
48405,85504,55326
48406,85504,55327
48407,85504,55328
48408,85504,55329
48409,85504,55330
48410,85504,55331
48411,85504,55332
48412,85504,55333
48413,85504,55334
48414,85504,55335
48415,85504,55336
48416,85504,55337
48417,85504,55338
48418,85504,55339
48419,85504,55340
48420,85504,55341
48421,85504,55342
48422,85504,55343
48423,85504,55344
48424,85504,55345
48425,85504,55346
48426,85504,55347
48427,85504,55348
48428,85504,55349
48429,85504,55350
48430,85504,55351
48431,85504,55352
48432,85504,55353
48433,85504,55354
48434,85504,55355
48435,85504,55356
48436,85504,55357
48437,85504,55358
48438,85504,55359
48439,85504,55360
48440,85504,55361
48441,85504,55362
48442,85504,55363
48443,85504,55364
48444,85504,55365
48445,85504,55366
48446,85504,55367
48447,85504,55368
48448,85504,55369
48449,85504,55370
48450,85504,55371
48451,85504,55372
48452,85504,55373
48453,85504,55374
48454,85504,55375
48455,85504,55376
48456,85504,55377
48457,85504,55378
48458,85504,55379
48459,85504,55380
48460,85504,55381
48461,85504,55382
48462,85504,55383
48463,85504,55384
48464,85504,55385
48465,85504,55386
48466,85504,55387
48467,85504,55388
48468,85504,55389
48469,85504,55390
48470,85504,55391
48471,85504,55392
48472,85504,55393
48473,85504,55394
48474,85504,55395
48475,85504,55396
48476,85504,55397
48477,85504,55398
48478,85504,55399
48479,85504,55400
48480,85504,55401
48481,85504,55402
48482,85504,55403
48483,85504,55404
48484,85504,55405
48485,85504,55406
48486,85504,55407
48487,85504,55408
48488,85504,55409
48489,85504,55410
48490,85504,55411
48491,85504,55412
48492,85504,55413
48493,85504,55414
48494,85504,55415
48495,85504,55416
48496,85504,55417
48497,85504,55418
48498,85504,55419
48499,85504,55420
48500,85504,55421
48501,85504,55422
48502,85504,55423
48503,85504,55424
48504,85504,55425
48505,85504,55426
48506,85504,55427
48507,85504,55428
48508,85504,55429
48509,85504,55430
48510,85504,55431
48511,85504,55432
48512,85504,55433
48513,85504,55434
48514,85504,55435
48515,85504,55436
48516,85504,55437
48517,85504,55438
48518,85504,55439
48519,85504,55440
48520,85504,55441
48521,85504,55442
48522,85504,55443
48523,85504,55444
48524,85504,55445
48525,85504,55446
48526,85504,55447
48527,85504,55448
48528,85504,55449
48529,85504,55450
48530,85504,55451
48531,85504,55452
48532,85504,55453
48533,85504,55454
48534,85504,55455
48535,85504,55456
48536,85504,55457
48537,85504,55458
48538,85504,55459
48539,85504,55460
48540,85504,55461
48541,85504,55462
48542,85504,55463
48543,85504,55464
48544,85504,55465
48545,85504,55466
48546,85504,55467
48547,85504,55468
48548,85504,55469
48549,85504,55470
48550,85504,55471
48551,85504,55472
48552,85504,55473
48553,85504,55474
48554,85504,55475
48555,85504,55476
48556,85504,55477
48557,85504,55478
48558,85504,55479
48559,85504,55480
48560,85504,55481
48561,85504,55482
48562,85504,55483
48563,85504,55484
48564,85504,55485
48565,85504,55486
48566,85504,55487
48567,85504,55488
48568,85504,55489
48569,85504,55490
48570,85504,55491
48571,85504,55492
48572,85504,55493
48573,85504,55494
48574,85504,55495
48575,85504,55496
48576,85504,55497
48577,85504,55498
48578,85504,55499
48579,85504,55500
48580,85504,55501
48581,85504,55502
48582,85504,55503
48583,85504,55504
48584,85504,55505
48585,85504,55506
48586,85504,55507
48587,85504,55508
48588,85504,55509
48589,85504,55510
48590,85504,55511
48591,85504,55512
48592,85504,55513
48593,85504,55514
48594,85504,55515
48595,85504,55516
48596,85505,55320
48597,85505,55321
48598,85505,55322
48599,85505,55323
48600,85505,55324
48601,85505,55325
48602,85505,55326
48603,85505,55327
48604,85505,55328
48605,85505,55329
48606,85505,55330
48607,85505,55331
48608,85505,55332
48609,85505,55333
48610,85505,55334
48611,85505,55335
48612,85505,55336
48613,85505,55337
48614,85505,55338
48615,85505,55339
48616,85505,55340
48617,85505,55341
48618,85505,55342
48619,85505,55343
48620,85505,55344
48621,85505,55345
48622,85505,55346
48623,85505,55347
48624,85505,55348
48625,85505,55349
48626,85505,55350
48627,85505,55351
48628,85505,55352
48629,85505,55353
48630,85505,55354
48631,85505,55355
48632,85505,55356
48633,85505,55357
48634,85505,55358
48635,85505,55359
48636,85505,55360
48637,85505,55361
48638,85505,55362
48639,85505,55363
48640,85505,55364
48641,85505,55365
48642,85505,55366
48643,85505,55367
48644,85505,55368
48645,85505,55369
48646,85505,55370
48647,85505,55371
48648,85505,55372
48649,85505,55373
48650,85505,55374
48651,85505,55375
48652,85505,55376
48653,85505,55377
48654,85505,55378
48655,85505,55379
48656,85505,55380
48657,85505,55381
48658,85505,55382
48659,85505,55383
48660,85505,55384
48661,85505,55385
48662,85505,55386
48663,85505,55387
48664,85505,55388
48665,85505,55389
48666,85505,55390
48667,85505,55391
48668,85505,55392
48669,85505,55393
48670,85505,55394
48671,85505,55395
48672,85505,55396
48673,85505,55397
48674,85505,55398
48675,85505,55399
48676,85505,55400
48677,85505,55401
48678,85505,55402
48679,85505,55403
48680,85505,55404
48681,85505,55405
48682,85505,55406
48683,85505,55407
48684,85505,55408
48685,85505,55409
48686,85505,55410
48687,85505,55411
48688,85505,55412
48689,85505,55413
48690,85505,55414
48691,85505,55415
48692,85505,55416
48693,85505,55417
48694,85505,55418
48695,85505,55419
48696,85505,55420
48697,85505,55421
48698,85505,55422
48699,85505,55423
48700,85505,55424
48701,85505,55425
48702,85505,55426
48703,85505,55427
48704,85505,55428
48705,85505,55429
48706,85505,55430
48707,85505,55431
48708,85505,55432
48709,85505,55433
48710,85505,55434
48711,85505,55435
48712,85505,55436
48713,85505,55437
48714,85505,55438
48715,85505,55439
48716,85505,55440
48717,85505,55441
48718,85505,55442
48719,85505,55443
48720,85505,55444
48721,85505,55445
48722,85505,55446
48723,85505,55447
48724,85505,55448
48725,85505,55449
48726,85505,55450
48727,85505,55451
48728,85505,55452
48729,85505,55453
48730,85505,55454
48731,85505,55455
48732,85505,55456
48733,85505,55457
48734,85505,55458
48735,85505,55459
48736,85505,55460
48737,85505,55461
48738,85505,55462
48739,85505,55463
48740,85505,55464
48741,85505,55465
48742,85505,55466
48743,85505,55467
48744,85505,55468
48745,85505,55469
48746,85505,55470
48747,85505,55471
48748,85505,55472
48749,85505,55473
48750,85505,55474
48751,85505,55475
48752,85505,55476
48753,85505,55477
48754,85505,55478
48755,85505,55479
48756,85505,55480
48757,85505,55481
48758,85505,55482
48759,85505,55483
48760,85505,55484
48761,85505,55485
48762,85505,55486
48763,85505,55487
48764,85505,55488
48765,85505,55489
48766,85505,55490
48767,85505,55491
48768,85505,55492
48769,85505,55493
48770,85505,55494
48771,85505,55495
48772,85505,55496
48773,85505,55497
48774,85505,55498
48775,85505,55499
48776,85505,55500
48777,85505,55501
48778,85505,55502
48779,85505,55503
48780,85505,55504
48781,85505,55505
48782,85505,55506
48783,85505,55507
48784,85505,55508
48785,85505,55509
48786,85505,55510
48787,85505,55511
48788,85505,55512
48789,85505,55513
48790,85505,55514
48791,85505,55515
48792,85505,55516
48793,85506,55320
48794,85506,55321
48795,85506,55322
48796,85506,55323
48797,85506,55324
48798,85506,55325
48799,85506,55326
48800,85506,55327
48801,85506,55328
48802,85506,55329
48803,85506,55330
48804,85506,55331
48805,85506,55332
48806,85506,55333
48807,85506,55334
48808,85506,55335
48809,85506,55336
48810,85506,55337
48811,85506,55338
48812,85506,55339
48813,85506,55340
48814,85506,55341
48815,85506,55342
48816,85506,55343
48817,85506,55344
48818,85506,55345
48819,85506,55346
48820,85506,55347
48821,85506,55348
48822,85506,55349
48823,85506,55350
48824,85506,55351
48825,85506,55352
48826,85506,55353
48827,85506,55354
48828,85506,55355
48829,85506,55356
48830,85506,55357
48831,85506,55358
48832,85506,55359
48833,85506,55360
48834,85506,55361
48835,85506,55362
48836,85506,55363
48837,85506,55364
48838,85506,55365
48839,85506,55366
48840,85506,55367
48841,85506,55368
48842,85506,55369
48843,85506,55370
48844,85506,55371
48845,85506,55372
48846,85506,55373
48847,85506,55374
48848,85506,55375
48849,85506,55376
48850,85506,55377
48851,85506,55378
48852,85506,55379
48853,85506,55380
48854,85506,55381
48855,85506,55382
48856,85506,55383
48857,85506,55384
48858,85506,55385
48859,85506,55386
48860,85506,55387
48861,85506,55388
48862,85506,55389
48863,85506,55390
48864,85506,55391
48865,85506,55392
48866,85506,55393
48867,85506,55394
48868,85506,55395
48869,85506,55396
48870,85506,55397
48871,85506,55398
48872,85506,55399
48873,85506,55400
48874,85506,55401
48875,85506,55402
48876,85506,55403
48877,85506,55404
48878,85506,55405
48879,85506,55406
48880,85506,55407
48881,85506,55408
48882,85506,55409
48883,85506,55410
48884,85506,55411
48885,85506,55412
48886,85506,55413
48887,85506,55414
48888,85506,55415
48889,85506,55416
48890,85506,55417
48891,85506,55418
48892,85506,55419
48893,85506,55420
48894,85506,55421
48895,85506,55422
48896,85506,55423
48897,85506,55424
48898,85506,55425
48899,85506,55426
48900,85506,55427
48901,85506,55428
48902,85506,55429
48903,85506,55430
48904,85506,55431
48905,85506,55432
48906,85506,55433
48907,85506,55434
48908,85506,55435
48909,85506,55436
48910,85506,55437
48911,85506,55438
48912,85506,55439
48913,85506,55440
48914,85506,55441
48915,85506,55442
48916,85506,55443
48917,85506,55444
48918,85506,55445
48919,85506,55446
48920,85506,55447
48921,85506,55448
48922,85506,55449
48923,85506,55450
48924,85506,55451
48925,85506,55452
48926,85506,55453
48927,85506,55454
48928,85506,55455
48929,85506,55456
48930,85506,55457
48931,85506,55458
48932,85506,55459
48933,85506,55460
48934,85506,55461
48935,85506,55462
48936,85506,55463
48937,85506,55464
48938,85506,55465
48939,85506,55466
48940,85506,55467
48941,85506,55468
48942,85506,55469
48943,85506,55470
48944,85506,55471
48945,85506,55472
48946,85506,55473
48947,85506,55474
48948,85506,55475
48949,85506,55476
48950,85506,55477
48951,85506,55478
48952,85506,55479
48953,85506,55480
48954,85506,55481
48955,85506,55482
48956,85506,55483
48957,85506,55484
48958,85506,55485
48959,85506,55486
48960,85506,55487
48961,85506,55488
48962,85506,55489
48963,85506,55490
48964,85506,55491
48965,85506,55492
48966,85506,55493
48967,85506,55494
48968,85506,55495
48969,85506,55496
48970,85506,55497
48971,85506,55498
48972,85506,55499
48973,85506,55500
48974,85506,55501
48975,85506,55502
48976,85506,55503
48977,85506,55504
48978,85506,55505
48979,85506,55506
48980,85506,55507
48981,85506,55508
48982,85506,55509
48983,85506,55510
48984,85506,55511
48985,85506,55512
48986,85506,55513
48987,85506,55514
48988,85506,55515
48989,85507,55320
48990,85507,55321
48991,85507,55322
48992,85507,55323
48993,85507,55324
48994,85507,55325
48995,85507,55326
48996,85507,55327
48997,85507,55328
48998,85507,55329
48999,85507,55330
49000,85507,55331
49001,85507,55332
49002,85507,55333
49003,85507,55334
49004,85507,55335
49005,85507,55336
49006,85507,55337
49007,85507,55338
49008,85507,55339
49009,85507,55340
49010,85507,55341
49011,85507,55342
49012,85507,55343
49013,85507,55344
49014,85507,55345
49015,85507,55346
49016,85507,55347
49017,85507,55348
49018,85507,55349
49019,85507,55350
49020,85507,55351
49021,85507,55352
49022,85507,55353
49023,85507,55354
49024,85507,55355
49025,85507,55356
49026,85507,55357
49027,85507,55358
49028,85507,55359
49029,85507,55360
49030,85507,55361
49031,85507,55362
49032,85507,55363
49033,85507,55364
49034,85507,55365
49035,85507,55366
49036,85507,55367
49037,85507,55368
49038,85507,55369
49039,85507,55370
49040,85507,55371
49041,85507,55372
49042,85507,55373
49043,85507,55374
49044,85507,55375
49045,85507,55376
49046,85507,55377
49047,85507,55378
49048,85507,55379
49049,85507,55380
49050,85507,55381
49051,85507,55382
49052,85507,55383
49053,85507,55384
49054,85507,55385
49055,85507,55386
49056,85507,55387
49057,85507,55388
49058,85507,55389
49059,85507,55390
49060,85507,55391
49061,85507,55392
49062,85507,55393
49063,85507,55394
49064,85507,55395
49065,85507,55396
49066,85507,55397
49067,85507,55398
49068,85507,55399
49069,85507,55400
49070,85507,55401
49071,85507,55402
49072,85507,55403
49073,85507,55404
49074,85507,55405
49075,85507,55406
49076,85507,55407
49077,85507,55408
49078,85507,55409
49079,85507,55410
49080,85507,55411
49081,85507,55412
49082,85507,55413
49083,85507,55414
49084,85507,55415
49085,85507,55416
49086,85507,55417
49087,85507,55418
49088,85507,55419
49089,85507,55420
49090,85507,55421
49091,85507,55422
49092,85507,55423
49093,85507,55424
49094,85507,55425
49095,85507,55426
49096,85507,55427
49097,85507,55428
49098,85507,55429
49099,85507,55430
49100,85507,55431
49101,85507,55432
49102,85507,55433
49103,85507,55434
49104,85507,55435
49105,85507,55436
49106,85507,55437
49107,85507,55438
49108,85507,55439
49109,85507,55440
49110,85507,55441
49111,85507,55442
49112,85507,55443
49113,85507,55444
49114,85507,55445
49115,85507,55446
49116,85507,55447
49117,85507,55448
49118,85507,55449
49119,85507,55450
49120,85507,55451
49121,85507,55452
49122,85507,55453
49123,85507,55454
49124,85507,55455
49125,85507,55456
49126,85507,55457
49127,85507,55458
49128,85507,55459
49129,85507,55460
49130,85507,55461
49131,85507,55462
49132,85507,55463
49133,85507,55464
49134,85507,55465
49135,85507,55466
49136,85507,55467
49137,85507,55468
49138,85507,55469
49139,85507,55470
49140,85507,55471
49141,85507,55472
49142,85507,55473
49143,85507,55474
49144,85507,55475
49145,85507,55476
49146,85507,55477
49147,85507,55478
49148,85507,55479
49149,85507,55480
49150,85507,55481
49151,85507,55482
49152,85507,55483
49153,85507,55484
49154,85507,55485
49155,85507,55486
49156,85507,55487
49157,85507,55488
49158,85507,55489
49159,85507,55490
49160,85507,55491
49161,85507,55492
49162,85507,55493
49163,85507,55494
49164,85507,55495
49165,85507,55496
49166,85507,55497
49167,85507,55498
49168,85507,55499
49169,85507,55500
49170,85507,55501
49171,85507,55502
49172,85507,55503
49173,85507,55504
49174,85507,55505
49175,85507,55506
49176,85507,55507
49177,85507,55508
49178,85507,55509
49179,85507,55510
49180,85507,55511
49181,85507,55512
49182,85507,55513
49183,85507,55514
49184,85508,55320
49185,85508,55321
49186,85508,55322
49187,85508,55323
49188,85508,55324
49189,85508,55325
49190,85508,55326
49191,85508,55327
49192,85508,55328
49193,85508,55329
49194,85508,55330
49195,85508,55331
49196,85508,55332
49197,85508,55333
49198,85508,55334
49199,85508,55335
49200,85508,55336
49201,85508,55337
49202,85508,55338
49203,85508,55339
49204,85508,55340
49205,85508,55341
49206,85508,55342
49207,85508,55343
49208,85508,55344
49209,85508,55345
49210,85508,55346
49211,85508,55347
49212,85508,55348
49213,85508,55349
49214,85508,55350
49215,85508,55351
49216,85508,55352
49217,85508,55353
49218,85508,55354
49219,85508,55355
49220,85508,55356
49221,85508,55357
49222,85508,55358
49223,85508,55359
49224,85508,55360
49225,85508,55361
49226,85508,55362
49227,85508,55363
49228,85508,55364
49229,85508,55365
49230,85508,55366
49231,85508,55367
49232,85508,55368
49233,85508,55369
49234,85508,55370
49235,85508,55371
49236,85508,55372
49237,85508,55373
49238,85508,55374
49239,85508,55375
49240,85508,55376
49241,85508,55377
49242,85508,55378
49243,85508,55379
49244,85508,55380
49245,85508,55381
49246,85508,55382
49247,85508,55383
49248,85508,55384
49249,85508,55385
49250,85508,55386
49251,85508,55387
49252,85508,55388
49253,85508,55389
49254,85508,55390
49255,85508,55391
49256,85508,55392
49257,85508,55393
49258,85508,55394
49259,85508,55395
49260,85508,55396
49261,85508,55397
49262,85508,55398
49263,85508,55399
49264,85508,55400
49265,85508,55401
49266,85508,55402
49267,85508,55403
49268,85508,55404
49269,85508,55405
49270,85508,55406
49271,85508,55407
49272,85508,55408
49273,85508,55409
49274,85508,55410
49275,85508,55411
49276,85508,55412
49277,85508,55413
49278,85508,55414
49279,85508,55415
49280,85508,55416
49281,85508,55417
49282,85508,55418
49283,85508,55419
49284,85508,55420
49285,85508,55421
49286,85508,55422
49287,85508,55423
49288,85508,55424
49289,85508,55425
49290,85508,55426
49291,85508,55427
49292,85508,55428
49293,85508,55429
49294,85508,55430
49295,85508,55431
49296,85508,55432
49297,85508,55433
49298,85508,55434
49299,85508,55435
49300,85508,55436
49301,85508,55437
49302,85508,55438
49303,85508,55439
49304,85508,55440
49305,85508,55441
49306,85508,55442
49307,85508,55443
49308,85508,55444
49309,85508,55445
49310,85508,55446
49311,85508,55447
49312,85508,55448
49313,85508,55449
49314,85508,55450
49315,85508,55451
49316,85508,55452
49317,85508,55453
49318,85508,55454
49319,85508,55455
49320,85508,55456
49321,85508,55457
49322,85508,55458
49323,85508,55459
49324,85508,55460
49325,85508,55461
49326,85508,55462
49327,85508,55463
49328,85508,55464
49329,85508,55465
49330,85508,55466
49331,85508,55467
49332,85508,55468
49333,85508,55469
49334,85508,55470
49335,85508,55471
49336,85508,55472
49337,85508,55473
49338,85508,55474
49339,85508,55475
49340,85508,55476
49341,85508,55477
49342,85508,55478
49343,85508,55479
49344,85508,55480
49345,85508,55481
49346,85508,55482
49347,85508,55483
49348,85508,55484
49349,85508,55485
49350,85508,55486
49351,85508,55487
49352,85508,55488
49353,85508,55489
49354,85508,55490
49355,85508,55491
49356,85508,55492
49357,85508,55493
49358,85508,55494
49359,85508,55495
49360,85508,55496
49361,85508,55497
49362,85508,55498
49363,85508,55499
49364,85508,55500
49365,85508,55501
49366,85508,55502
49367,85508,55503
49368,85508,55504
49369,85508,55505
49370,85508,55506
49371,85508,55507
49372,85508,55508
49373,85508,55509
49374,85508,55510
49375,85508,55511
49376,85508,55512
49377,85509,55320
49378,85509,55321
49379,85509,55322
49380,85509,55323
49381,85509,55324
49382,85509,55325
49383,85509,55326
49384,85509,55327
49385,85509,55328
49386,85509,55329
49387,85509,55330
49388,85509,55331
49389,85509,55332
49390,85509,55333
49391,85509,55334
49392,85509,55335
49393,85509,55336
49394,85509,55337
49395,85509,55338
49396,85509,55339
49397,85509,55340
49398,85509,55341
49399,85509,55342
49400,85509,55343
49401,85509,55344
49402,85509,55345
49403,85509,55346
49404,85509,55347
49405,85509,55348
49406,85509,55349
49407,85509,55350
49408,85509,55351
49409,85509,55352
49410,85509,55353
49411,85509,55354
49412,85509,55355
49413,85509,55356
49414,85509,55357
49415,85509,55358
49416,85509,55359
49417,85509,55360
49418,85509,55361
49419,85509,55362
49420,85509,55363
49421,85509,55364
49422,85509,55365
49423,85509,55366
49424,85509,55367
49425,85509,55368
49426,85509,55369
49427,85509,55370
49428,85509,55371
49429,85509,55372
49430,85509,55373
49431,85509,55374
49432,85509,55375
49433,85509,55376
49434,85509,55377
49435,85509,55378
49436,85509,55379
49437,85509,55380
49438,85509,55381
49439,85509,55382
49440,85509,55383
49441,85509,55384
49442,85509,55385
49443,85509,55386
49444,85509,55387
49445,85509,55388
49446,85509,55389
49447,85509,55390
49448,85509,55391
49449,85509,55392
49450,85509,55393
49451,85509,55394
49452,85509,55395
49453,85509,55396
49454,85509,55397
49455,85509,55398
49456,85509,55399
49457,85509,55400
49458,85509,55401
49459,85509,55402
49460,85509,55403
49461,85509,55404
49462,85509,55405
49463,85509,55406
49464,85509,55407
49465,85509,55408
49466,85509,55409
49467,85509,55410
49468,85509,55411
49469,85509,55412
49470,85509,55413
49471,85509,55414
49472,85509,55415
49473,85509,55416
49474,85509,55417
49475,85509,55418
49476,85509,55419
49477,85509,55420
49478,85509,55421
49479,85509,55422
49480,85509,55423
49481,85509,55424
49482,85509,55425
49483,85509,55426
49484,85509,55427
49485,85509,55428
49486,85509,55429
49487,85509,55430
49488,85509,55431
49489,85509,55432
49490,85509,55433
49491,85509,55434
49492,85509,55435
49493,85509,55436
49494,85509,55437
49495,85509,55438
49496,85509,55439
49497,85509,55440
49498,85509,55441
49499,85509,55442
49500,85509,55443
49501,85509,55444
49502,85509,55445
49503,85509,55446
49504,85509,55447
49505,85509,55448
49506,85509,55449
49507,85509,55450
49508,85509,55451
49509,85509,55452
49510,85509,55453
49511,85509,55454
49512,85509,55455
49513,85509,55456
49514,85509,55457
49515,85509,55458
49516,85509,55459
49517,85509,55460
49518,85509,55461
49519,85509,55462
49520,85509,55463
49521,85509,55464
49522,85509,55465
49523,85509,55466
49524,85509,55467
49525,85509,55468
49526,85509,55469
49527,85509,55470
49528,85509,55471
49529,85509,55472
49530,85509,55473
49531,85509,55474
49532,85509,55475
49533,85509,55476
49534,85509,55477
49535,85509,55478
49536,85509,55479
49537,85509,55480
49538,85509,55481
49539,85509,55482
49540,85509,55483
49541,85509,55484
49542,85509,55485
49543,85509,55486
49544,85509,55487
49545,85509,55488
49546,85509,55489
49547,85509,55490
49548,85509,55491
49549,85509,55492
49550,85509,55493
49551,85509,55494
49552,85509,55495
49553,85509,55496
49554,85509,55497
49555,85509,55498
49556,85509,55499
49557,85509,55500
49558,85509,55501
49559,85509,55502
49560,85509,55503
49561,85509,55504
49562,85509,55505
49563,85509,55506
49564,85509,55507
49565,85509,55508
49566,85509,55509
49567,85509,55510
49568,85509,55511
49569,85510,55320
49570,85510,55321
49571,85510,55322
49572,85510,55323
49573,85510,55324
49574,85510,55325
49575,85510,55326
49576,85510,55327
49577,85510,55328
49578,85510,55329
49579,85510,55330
49580,85510,55331
49581,85510,55332
49582,85510,55333
49583,85510,55334
49584,85510,55335
49585,85510,55336
49586,85510,55337
49587,85510,55338
49588,85510,55339
49589,85510,55340
49590,85510,55341
49591,85510,55342
49592,85510,55343
49593,85510,55344
49594,85510,55345
49595,85510,55346
49596,85510,55347
49597,85510,55348
49598,85510,55349
49599,85510,55350
49600,85510,55351
49601,85510,55352
49602,85510,55353
49603,85510,55354
49604,85510,55355
49605,85510,55356
49606,85510,55357
49607,85510,55358
49608,85510,55359
49609,85510,55360
49610,85510,55361
49611,85510,55362
49612,85510,55363
49613,85510,55364
49614,85510,55365
49615,85510,55366
49616,85510,55367
49617,85510,55368
49618,85510,55369
49619,85510,55370
49620,85510,55371
49621,85510,55372
49622,85510,55373
49623,85510,55374
49624,85510,55375
49625,85510,55376
49626,85510,55377
49627,85510,55378
49628,85510,55379
49629,85510,55380
49630,85510,55381
49631,85510,55382
49632,85510,55383
49633,85510,55384
49634,85510,55385
49635,85510,55386
49636,85510,55387
49637,85510,55388
49638,85510,55389
49639,85510,55390
49640,85510,55391
49641,85510,55392
49642,85510,55393
49643,85510,55394
49644,85510,55395
49645,85510,55396
49646,85510,55397
49647,85510,55398
49648,85510,55399
49649,85510,55400
49650,85510,55401
49651,85510,55402
49652,85510,55403
49653,85510,55404
49654,85510,55405
49655,85510,55406
49656,85510,55407
49657,85510,55408
49658,85510,55409
49659,85510,55410
49660,85510,55411
49661,85510,55412
49662,85510,55413
49663,85510,55414
49664,85510,55415
49665,85510,55416
49666,85510,55417
49667,85510,55418
49668,85510,55419
49669,85510,55420
49670,85510,55421
49671,85510,55422
49672,85510,55423
49673,85510,55424
49674,85510,55425
49675,85510,55426
49676,85510,55427
49677,85510,55428
49678,85510,55429
49679,85510,55430
49680,85510,55431
49681,85510,55432
49682,85510,55433
49683,85510,55434
49684,85510,55435
49685,85510,55436
49686,85510,55437
49687,85510,55438
49688,85510,55439
49689,85510,55440
49690,85510,55441
49691,85510,55442
49692,85510,55443
49693,85510,55444
49694,85510,55445
49695,85510,55446
49696,85510,55447
49697,85510,55448
49698,85510,55449
49699,85510,55450
49700,85510,55451
49701,85510,55452
49702,85510,55453
49703,85510,55454
49704,85510,55455
49705,85510,55456
49706,85510,55457
49707,85510,55458
49708,85510,55459
49709,85510,55460
49710,85510,55461
49711,85510,55462
49712,85510,55463
49713,85510,55464
49714,85510,55465
49715,85510,55466
49716,85510,55467
49717,85510,55468
49718,85510,55469
49719,85510,55470
49720,85510,55471
49721,85510,55472
49722,85510,55473
49723,85510,55474
49724,85510,55475
49725,85510,55476
49726,85510,55477
49727,85510,55478
49728,85510,55479
49729,85510,55480
49730,85510,55481
49731,85510,55482
49732,85510,55483
49733,85510,55484
49734,85510,55485
49735,85510,55486
49736,85510,55487
49737,85510,55488
49738,85510,55489
49739,85510,55490
49740,85510,55491
49741,85510,55492
49742,85510,55493
49743,85510,55494
49744,85510,55495
49745,85510,55496
49746,85510,55497
49747,85510,55498
49748,85510,55499
49749,85510,55500
49750,85510,55501
49751,85510,55502
49752,85510,55503
49753,85510,55504
49754,85510,55505
49755,85510,55506
49756,85510,55507
49757,85510,55508
49758,85510,55509
49759,85511,55320
49760,85511,55321
49761,85511,55322
49762,85511,55323
49763,85511,55324
49764,85511,55325
49765,85511,55326
49766,85511,55327
49767,85511,55328
49768,85511,55329
49769,85511,55330
49770,85511,55331
49771,85511,55332
49772,85511,55333
49773,85511,55334
49774,85511,55335
49775,85511,55336
49776,85511,55337
49777,85511,55338
49778,85511,55339
49779,85511,55340
49780,85511,55341
49781,85511,55342
49782,85511,55343
49783,85511,55344
49784,85511,55345
49785,85511,55346
49786,85511,55347
49787,85511,55348
49788,85511,55349
49789,85511,55350
49790,85511,55351
49791,85511,55352
49792,85511,55353
49793,85511,55354
49794,85511,55355
49795,85511,55356
49796,85511,55357
49797,85511,55358
49798,85511,55359
49799,85511,55360
49800,85511,55361
49801,85511,55362
49802,85511,55363
49803,85511,55364
49804,85511,55365
49805,85511,55366
49806,85511,55367
49807,85511,55368
49808,85511,55369
49809,85511,55370
49810,85511,55371
49811,85511,55372
49812,85511,55373
49813,85511,55374
49814,85511,55375
49815,85511,55376
49816,85511,55377
49817,85511,55378
49818,85511,55379
49819,85511,55380
49820,85511,55381
49821,85511,55382
49822,85511,55383
49823,85511,55384
49824,85511,55385
49825,85511,55386
49826,85511,55387
49827,85511,55388
49828,85511,55389
49829,85511,55390
49830,85511,55391
49831,85511,55392
49832,85511,55393
49833,85511,55394
49834,85511,55395
49835,85511,55396
49836,85511,55397
49837,85511,55398
49838,85511,55399
49839,85511,55400
49840,85511,55401
49841,85511,55402
49842,85511,55403
49843,85511,55404
49844,85511,55405
49845,85511,55406
49846,85511,55407
49847,85511,55408
49848,85511,55409
49849,85511,55410
49850,85511,55411
49851,85511,55412
49852,85511,55413
49853,85511,55414
49854,85511,55415
49855,85511,55416
49856,85511,55417
49857,85511,55418
49858,85511,55419
49859,85511,55420
49860,85511,55421
49861,85511,55422
49862,85511,55423
49863,85511,55424
49864,85511,55425
49865,85511,55426
49866,85511,55427
49867,85511,55428
49868,85511,55429
49869,85511,55430
49870,85511,55431
49871,85511,55432
49872,85511,55433
49873,85511,55434
49874,85511,55435
49875,85511,55436
49876,85511,55437
49877,85511,55438
49878,85511,55439
49879,85511,55440
49880,85511,55441
49881,85511,55442
49882,85511,55443
49883,85511,55444
49884,85511,55445
49885,85511,55446
49886,85511,55447
49887,85511,55448
49888,85511,55449
49889,85511,55450
49890,85511,55451
49891,85511,55452
49892,85511,55453
49893,85511,55454
49894,85511,55455
49895,85511,55456
49896,85511,55457
49897,85511,55458
49898,85511,55459
49899,85511,55460
49900,85511,55461
49901,85511,55462
49902,85511,55463
49903,85511,55464
49904,85511,55465
49905,85511,55466
49906,85511,55467
49907,85511,55468
49908,85511,55469
49909,85511,55470
49910,85511,55471
49911,85511,55472
49912,85511,55473
49913,85511,55474
49914,85511,55475
49915,85511,55476
49916,85511,55477
49917,85511,55478
49918,85511,55479
49919,85511,55480
49920,85511,55481
49921,85511,55482
49922,85511,55483
49923,85511,55484
49924,85511,55485
49925,85511,55486
49926,85511,55487
49927,85511,55488
49928,85511,55489
49929,85511,55490
49930,85511,55491
49931,85511,55492
49932,85511,55493
49933,85511,55494
49934,85511,55495
49935,85511,55496
49936,85511,55497
49937,85511,55498
49938,85511,55499
49939,85511,55500
49940,85511,55501
49941,85511,55502
49942,85511,55503
49943,85511,55504
49944,85511,55505
49945,85511,55506
49946,85511,55507
49947,85511,55508
49948,85511,55509
49949,85512,55320
49950,85512,55321
49951,85512,55322
49952,85512,55323
49953,85512,55324
49954,85512,55325
49955,85512,55326
49956,85512,55327
49957,85512,55328
49958,85512,55329
49959,85512,55330
49960,85512,55331
49961,85512,55332
49962,85512,55333
49963,85512,55334
49964,85512,55335
49965,85512,55336
49966,85512,55337
49967,85512,55338
49968,85512,55339
49969,85512,55340
49970,85512,55341
49971,85512,55342
49972,85512,55343
49973,85512,55344
49974,85512,55345
49975,85512,55346
49976,85512,55347
49977,85512,55348
49978,85512,55349
49979,85512,55350
49980,85512,55351
49981,85512,55352
49982,85512,55353
49983,85512,55354
49984,85512,55355
49985,85512,55356
49986,85512,55357
49987,85512,55358
49988,85512,55359
49989,85512,55360
49990,85512,55361
49991,85512,55362
49992,85512,55363
49993,85512,55364
49994,85512,55365
49995,85512,55366
49996,85512,55367
49997,85512,55368
49998,85512,55369
49999,85512,55370
50000,85512,55371
50001,85512,55372
50002,85512,55373
50003,85512,55374
50004,85512,55375
50005,85512,55376
50006,85512,55377
50007,85512,55378
50008,85512,55379
50009,85512,55380
50010,85512,55381
50011,85512,55382
50012,85512,55383
50013,85512,55384
50014,85512,55385
50015,85512,55386
50016,85512,55387
50017,85512,55388
50018,85512,55389
50019,85512,55390
50020,85512,55391
50021,85512,55392
50022,85512,55393
50023,85512,55394
50024,85512,55395
50025,85512,55396
50026,85512,55397
50027,85512,55398
50028,85512,55399
50029,85512,55400
50030,85512,55401
50031,85512,55402
50032,85512,55403
50033,85512,55404
50034,85512,55405
50035,85512,55406
50036,85512,55407
50037,85512,55408
50038,85512,55409
50039,85512,55410
50040,85512,55411
50041,85512,55412
50042,85512,55413
50043,85512,55414
50044,85512,55415
50045,85512,55416
50046,85512,55417
50047,85512,55418
50048,85512,55419
50049,85512,55420
50050,85512,55421
50051,85512,55422
50052,85512,55423
50053,85512,55424
50054,85512,55425
50055,85512,55426
50056,85512,55427
50057,85512,55428
50058,85512,55429
50059,85512,55430
50060,85512,55431
50061,85512,55432
50062,85512,55433
50063,85512,55434
50064,85512,55435
50065,85512,55436
50066,85512,55437
50067,85512,55438
50068,85512,55439
50069,85512,55440
50070,85512,55441
50071,85512,55442
50072,85512,55443
50073,85512,55444
50074,85512,55445
50075,85512,55446
50076,85512,55447
50077,85512,55448
50078,85512,55449
50079,85512,55450
50080,85512,55451
50081,85512,55452
50082,85512,55453
50083,85512,55454
50084,85512,55455
50085,85512,55456
50086,85512,55457
50087,85512,55458
50088,85512,55459
50089,85512,55460
50090,85512,55461
50091,85512,55462
50092,85512,55463
50093,85512,55464
50094,85512,55465
50095,85512,55466
50096,85512,55467
50097,85512,55468
50098,85512,55469
50099,85512,55470
50100,85512,55471
50101,85512,55472
50102,85512,55473
50103,85512,55474
50104,85512,55475
50105,85512,55476
50106,85512,55477
50107,85512,55478
50108,85512,55479
50109,85512,55480
50110,85512,55481
50111,85512,55482
50112,85512,55483
50113,85512,55484
50114,85512,55485
50115,85512,55486
50116,85512,55487
50117,85512,55488
50118,85512,55489
50119,85512,55490
50120,85512,55491
50121,85512,55492
50122,85512,55493
50123,85512,55494
50124,85512,55495
50125,85512,55496
50126,85512,55497
50127,85512,55498
50128,85512,55499
50129,85512,55500
50130,85512,55501
50131,85512,55502
50132,85512,55503
50133,85512,55504
50134,85512,55505
50135,85512,55506
50136,85512,55507
50137,85512,55508
50138,85513,55320
50139,85513,55321
50140,85513,55322
50141,85513,55323
50142,85513,55324
50143,85513,55325
50144,85513,55326
50145,85513,55327
50146,85513,55328
50147,85513,55329
50148,85513,55330
50149,85513,55331
50150,85513,55332
50151,85513,55333
50152,85513,55334
50153,85513,55335
50154,85513,55336
50155,85513,55337
50156,85513,55338
50157,85513,55339
50158,85513,55340
50159,85513,55341
50160,85513,55342
50161,85513,55343
50162,85513,55344
50163,85513,55345
50164,85513,55346
50165,85513,55347
50166,85513,55348
50167,85513,55349
50168,85513,55350
50169,85513,55351
50170,85513,55352
50171,85513,55353
50172,85513,55354
50173,85513,55355
50174,85513,55356
50175,85513,55357
50176,85513,55358
50177,85513,55359
50178,85513,55360
50179,85513,55361
50180,85513,55362
50181,85513,55363
50182,85513,55364
50183,85513,55365
50184,85513,55366
50185,85513,55367
50186,85513,55368
50187,85513,55369
50188,85513,55370
50189,85513,55371
50190,85513,55372
50191,85513,55373
50192,85513,55374
50193,85513,55375
50194,85513,55376
50195,85513,55377
50196,85513,55378
50197,85513,55379
50198,85513,55380
50199,85513,55381
50200,85513,55382
50201,85513,55383
50202,85513,55384
50203,85513,55385
50204,85513,55386
50205,85513,55387
50206,85513,55388
50207,85513,55389
50208,85513,55390
50209,85513,55391
50210,85513,55392
50211,85513,55393
50212,85513,55394
50213,85513,55395
50214,85513,55396
50215,85513,55397
50216,85513,55398
50217,85513,55399
50218,85513,55400
50219,85513,55401
50220,85513,55402
50221,85513,55403
50222,85513,55404
50223,85513,55405
50224,85513,55406
50225,85513,55407
50226,85513,55408
50227,85513,55409
50228,85513,55410
50229,85513,55411
50230,85513,55412
50231,85513,55413
50232,85513,55414
50233,85513,55415
50234,85513,55416
50235,85513,55417
50236,85513,55418
50237,85513,55419
50238,85513,55420
50239,85513,55421
50240,85513,55422
50241,85513,55423
50242,85513,55424
50243,85513,55425
50244,85513,55426
50245,85513,55427
50246,85513,55428
50247,85513,55429
50248,85513,55430
50249,85513,55431
50250,85513,55432
50251,85513,55433
50252,85513,55434
50253,85513,55435
50254,85513,55436
50255,85513,55437
50256,85513,55438
50257,85513,55439
50258,85513,55440
50259,85513,55441
50260,85513,55442
50261,85513,55443
50262,85513,55444
50263,85513,55445
50264,85513,55446
50265,85513,55447
50266,85513,55448
50267,85513,55449
50268,85513,55450
50269,85513,55451
50270,85513,55452
50271,85513,55453
50272,85513,55454
50273,85513,55455
50274,85513,55456
50275,85513,55457
50276,85513,55458
50277,85513,55459
50278,85513,55460
50279,85513,55461
50280,85513,55462
50281,85513,55463
50282,85513,55464
50283,85513,55465
50284,85513,55466
50285,85513,55467
50286,85513,55468
50287,85513,55469
50288,85513,55470
50289,85513,55471
50290,85513,55472
50291,85513,55473
50292,85513,55474
50293,85513,55475
50294,85513,55476
50295,85513,55477
50296,85513,55478
50297,85513,55479
50298,85513,55480
50299,85513,55481
50300,85513,55482
50301,85513,55483
50302,85513,55484
50303,85513,55485
50304,85513,55486
50305,85513,55487
50306,85513,55488
50307,85513,55489
50308,85513,55490
50309,85513,55491
50310,85513,55492
50311,85513,55493
50312,85513,55494
50313,85513,55495
50314,85513,55496
50315,85513,55497
50316,85513,55498
50317,85513,55499
50318,85513,55500
50319,85513,55501
50320,85513,55502
50321,85513,55503
50322,85513,55504
50323,85513,55505
50324,85513,55506
50325,85513,55507
50326,85514,55320
50327,85514,55321
50328,85514,55322
50329,85514,55323
50330,85514,55324
50331,85514,55325
50332,85514,55326
50333,85514,55327
50334,85514,55328
50335,85514,55329
50336,85514,55330
50337,85514,55331
50338,85514,55332
50339,85514,55333
50340,85514,55334
50341,85514,55335
50342,85514,55336
50343,85514,55337
50344,85514,55338
50345,85514,55339
50346,85514,55340
50347,85514,55341
50348,85514,55342
50349,85514,55343
50350,85514,55344
50351,85514,55345
50352,85514,55346
50353,85514,55347
50354,85514,55348
50355,85514,55349
50356,85514,55350
50357,85514,55351
50358,85514,55352
50359,85514,55353
50360,85514,55354
50361,85514,55355
50362,85514,55356
50363,85514,55357
50364,85514,55358
50365,85514,55359
50366,85514,55360
50367,85514,55361
50368,85514,55362
50369,85514,55363
50370,85514,55364
50371,85514,55365
50372,85514,55366
50373,85514,55367
50374,85514,55368
50375,85514,55369
50376,85514,55370
50377,85514,55371
50378,85514,55372
50379,85514,55373
50380,85514,55374
50381,85514,55375
50382,85514,55376
50383,85514,55377
50384,85514,55378
50385,85514,55379
50386,85514,55380
50387,85514,55381
50388,85514,55382
50389,85514,55383
50390,85514,55384
50391,85514,55385
50392,85514,55386
50393,85514,55387
50394,85514,55388
50395,85514,55389
50396,85514,55390
50397,85514,55391
50398,85514,55392
50399,85514,55393
50400,85514,55394
50401,85514,55395
50402,85514,55396
50403,85514,55397
50404,85514,55398
50405,85514,55399
50406,85514,55400
50407,85514,55401
50408,85514,55402
50409,85514,55403
50410,85514,55404
50411,85514,55405
50412,85514,55406
50413,85514,55407
50414,85514,55408
50415,85514,55409
50416,85514,55410
50417,85514,55411
50418,85514,55412
50419,85514,55413
50420,85514,55414
50421,85514,55415
50422,85514,55416
50423,85514,55417
50424,85514,55418
50425,85514,55419
50426,85514,55420
50427,85514,55421
50428,85514,55422
50429,85514,55423
50430,85514,55424
50431,85514,55425
50432,85514,55426
50433,85514,55427
50434,85514,55428
50435,85514,55429
50436,85514,55430
50437,85514,55431
50438,85514,55432
50439,85514,55433
50440,85514,55434
50441,85514,55435
50442,85514,55436
50443,85514,55437
50444,85514,55438
50445,85514,55439
50446,85514,55440
50447,85514,55441
50448,85514,55442
50449,85514,55443
50450,85514,55444
50451,85514,55445
50452,85514,55446
50453,85514,55447
50454,85514,55448
50455,85514,55449
50456,85514,55450
50457,85514,55451
50458,85514,55452
50459,85514,55453
50460,85514,55454
50461,85514,55455
50462,85514,55456
50463,85514,55457
50464,85514,55458
50465,85514,55459
50466,85514,55460
50467,85514,55461
50468,85514,55462
50469,85514,55463
50470,85514,55464
50471,85514,55465
50472,85514,55466
50473,85514,55467
50474,85514,55468
50475,85514,55469
50476,85514,55470
50477,85514,55471
50478,85514,55472
50479,85514,55473
50480,85514,55474
50481,85514,55475
50482,85514,55476
50483,85514,55477
50484,85514,55478
50485,85514,55479
50486,85514,55480
50487,85514,55481
50488,85514,55482
50489,85514,55483
50490,85514,55484
50491,85514,55485
50492,85514,55486
50493,85514,55487
50494,85514,55488
50495,85514,55489
50496,85514,55490
50497,85514,55491
50498,85514,55492
50499,85514,55493
50500,85514,55494
50501,85514,55495
50502,85514,55496
50503,85514,55497
50504,85514,55498
50505,85514,55499
50506,85514,55500
50507,85514,55501
50508,85514,55502
50509,85514,55503
50510,85514,55504
50511,85514,55505
50512,85514,55506
50513,85514,55507
50514,85515,55320
50515,85515,55321
50516,85515,55322
50517,85515,55323
50518,85515,55324
50519,85515,55325
50520,85515,55326
50521,85515,55327
50522,85515,55328
50523,85515,55329
50524,85515,55330
50525,85515,55331
50526,85515,55332
50527,85515,55333
50528,85515,55334
50529,85515,55335
50530,85515,55336
50531,85515,55337
50532,85515,55338
50533,85515,55339
50534,85515,55340
50535,85515,55341
50536,85515,55342
50537,85515,55343
50538,85515,55344
50539,85515,55345
50540,85515,55346
50541,85515,55347
50542,85515,55348
50543,85515,55349
50544,85515,55350
50545,85515,55351
50546,85515,55352
50547,85515,55353
50548,85515,55354
50549,85515,55355
50550,85515,55356
50551,85515,55357
50552,85515,55358
50553,85515,55359
50554,85515,55360
50555,85515,55361
50556,85515,55362
50557,85515,55363
50558,85515,55364
50559,85515,55365
50560,85515,55366
50561,85515,55367
50562,85515,55368
50563,85515,55369
50564,85515,55370
50565,85515,55371
50566,85515,55372
50567,85515,55373
50568,85515,55374
50569,85515,55375
50570,85515,55376
50571,85515,55377
50572,85515,55378
50573,85515,55379
50574,85515,55380
50575,85515,55381
50576,85515,55382
50577,85515,55383
50578,85515,55384
50579,85515,55385
50580,85515,55386
50581,85515,55387
50582,85515,55388
50583,85515,55389
50584,85515,55390
50585,85515,55391
50586,85515,55392
50587,85515,55393
50588,85515,55394
50589,85515,55395
50590,85515,55396
50591,85515,55397
50592,85515,55398
50593,85515,55399
50594,85515,55400
50595,85515,55401
50596,85515,55402
50597,85515,55403
50598,85515,55404
50599,85515,55405
50600,85515,55406
50601,85515,55407
50602,85515,55408
50603,85515,55409
50604,85515,55410
50605,85515,55411
50606,85515,55412
50607,85515,55413
50608,85515,55414
50609,85515,55415
50610,85515,55416
50611,85515,55417
50612,85515,55418
50613,85515,55419
50614,85515,55420
50615,85515,55421
50616,85515,55422
50617,85515,55423
50618,85515,55424
50619,85515,55425
50620,85515,55426
50621,85515,55427
50622,85515,55428
50623,85515,55429
50624,85515,55430
50625,85515,55431
50626,85515,55432
50627,85515,55433
50628,85515,55434
50629,85515,55435
50630,85515,55436
50631,85515,55437
50632,85515,55438
50633,85515,55439
50634,85515,55440
50635,85515,55441
50636,85515,55442
50637,85515,55443
50638,85515,55444
50639,85515,55445
50640,85515,55446
50641,85515,55447
50642,85515,55448
50643,85515,55449
50644,85515,55450
50645,85515,55451
50646,85515,55452
50647,85515,55453
50648,85515,55454
50649,85515,55455
50650,85515,55456
50651,85515,55457
50652,85515,55458
50653,85515,55459
50654,85515,55460
50655,85515,55461
50656,85515,55462
50657,85515,55463
50658,85515,55464
50659,85515,55465
50660,85515,55466
50661,85515,55467
50662,85515,55468
50663,85515,55469
50664,85515,55470
50665,85515,55471
50666,85515,55472
50667,85515,55473
50668,85515,55474
50669,85515,55475
50670,85515,55476
50671,85515,55477
50672,85515,55478
50673,85515,55479
50674,85515,55480
50675,85515,55481
50676,85515,55482
50677,85515,55483
50678,85515,55484
50679,85515,55485
50680,85515,55486
50681,85515,55487
50682,85515,55488
50683,85515,55489
50684,85515,55490
50685,85515,55491
50686,85515,55492
50687,85515,55493
50688,85515,55494
50689,85515,55495
50690,85515,55496
50691,85515,55497
50692,85515,55498
50693,85515,55499
50694,85515,55500
50695,85515,55501
50696,85515,55502
50697,85515,55503
50698,85515,55504
50699,85515,55505
50700,85515,55506
50701,85516,55320
50702,85516,55321
50703,85516,55322
50704,85516,55323
50705,85516,55324
50706,85516,55325
50707,85516,55326
50708,85516,55327
50709,85516,55328
50710,85516,55329
50711,85516,55330
50712,85516,55331
50713,85516,55332
50714,85516,55333
50715,85516,55334
50716,85516,55335
50717,85516,55336
50718,85516,55337
50719,85516,55338
50720,85516,55339
50721,85516,55340
50722,85516,55341
50723,85516,55342
50724,85516,55343
50725,85516,55344
50726,85516,55345
50727,85516,55346
50728,85516,55347
50729,85516,55348
50730,85516,55349
50731,85516,55350
50732,85516,55351
50733,85516,55352
50734,85516,55353
50735,85516,55354
50736,85516,55355
50737,85516,55356
50738,85516,55357
50739,85516,55358
50740,85516,55359
50741,85516,55360
50742,85516,55361
50743,85516,55362
50744,85516,55363
50745,85516,55364
50746,85516,55365
50747,85516,55366
50748,85516,55367
50749,85516,55368
50750,85516,55369
50751,85516,55370
50752,85516,55371
50753,85516,55372
50754,85516,55373
50755,85516,55374
50756,85516,55375
50757,85516,55376
50758,85516,55377
50759,85516,55378
50760,85516,55379
50761,85516,55380
50762,85516,55381
50763,85516,55382
50764,85516,55383
50765,85516,55384
50766,85516,55385
50767,85516,55386
50768,85516,55387
50769,85516,55388
50770,85516,55389
50771,85516,55390
50772,85516,55391
50773,85516,55392
50774,85516,55393
50775,85516,55394
50776,85516,55395
50777,85516,55396
50778,85516,55397
50779,85516,55398
50780,85516,55399
50781,85516,55400
50782,85516,55401
50783,85516,55402
50784,85516,55403
50785,85516,55404
50786,85516,55405
50787,85516,55406
50788,85516,55407
50789,85516,55408
50790,85516,55409
50791,85516,55410
50792,85516,55411
50793,85516,55412
50794,85516,55413
50795,85516,55414
50796,85516,55415
50797,85516,55416
50798,85516,55417
50799,85516,55418
50800,85516,55419
50801,85516,55420
50802,85516,55421
50803,85516,55422
50804,85516,55423
50805,85516,55424
50806,85516,55425
50807,85516,55426
50808,85516,55427
50809,85516,55428
50810,85516,55429
50811,85516,55430
50812,85516,55431
50813,85516,55432
50814,85516,55433
50815,85516,55434
50816,85516,55435
50817,85516,55436
50818,85516,55437
50819,85516,55438
50820,85516,55439
50821,85516,55440
50822,85516,55441
50823,85516,55442
50824,85516,55443
50825,85516,55444
50826,85516,55445
50827,85516,55446
50828,85516,55447
50829,85516,55448
50830,85516,55449
50831,85516,55450
50832,85516,55451
50833,85516,55452
50834,85516,55453
50835,85516,55454
50836,85516,55455
50837,85516,55456
50838,85516,55457
50839,85516,55458
50840,85516,55459
50841,85516,55460
50842,85516,55461
50843,85516,55462
50844,85516,55463
50845,85516,55464
50846,85516,55465
50847,85516,55466
50848,85516,55467
50849,85516,55468
50850,85516,55469
50851,85516,55470
50852,85516,55471
50853,85516,55472
50854,85516,55473
50855,85516,55474
50856,85516,55475
50857,85516,55476
50858,85516,55477
50859,85516,55478
50860,85516,55479
50861,85516,55480
50862,85516,55481
50863,85516,55482
50864,85516,55483
50865,85516,55484
50866,85516,55485
50867,85516,55486
50868,85516,55487
50869,85516,55488
50870,85516,55489
50871,85516,55490
50872,85516,55491
50873,85516,55492
50874,85516,55493
50875,85516,55494
50876,85516,55495
50877,85516,55496
50878,85516,55497
50879,85516,55498
50880,85516,55499
50881,85516,55500
50882,85516,55501
50883,85516,55502
50884,85516,55503
50885,85516,55504
50886,85516,55505
50887,85516,55506
50888,85517,55320
50889,85517,55321
50890,85517,55322
50891,85517,55323
50892,85517,55324
50893,85517,55325
50894,85517,55326
50895,85517,55327
50896,85517,55328
50897,85517,55329
50898,85517,55330
50899,85517,55331
50900,85517,55332
50901,85517,55333
50902,85517,55334
50903,85517,55335
50904,85517,55336
50905,85517,55337
50906,85517,55338
50907,85517,55339
50908,85517,55340
50909,85517,55341
50910,85517,55342
50911,85517,55343
50912,85517,55344
50913,85517,55345
50914,85517,55346
50915,85517,55347
50916,85517,55348
50917,85517,55349
50918,85517,55350
50919,85517,55351
50920,85517,55352
50921,85517,55353
50922,85517,55354
50923,85517,55355
50924,85517,55356
50925,85517,55357
50926,85517,55358
50927,85517,55359
50928,85517,55360
50929,85517,55361
50930,85517,55362
50931,85517,55363
50932,85517,55364
50933,85517,55365
50934,85517,55366
50935,85517,55367
50936,85517,55368
50937,85517,55369
50938,85517,55370
50939,85517,55371
50940,85517,55372
50941,85517,55373
50942,85517,55374
50943,85517,55375
50944,85517,55376
50945,85517,55377
50946,85517,55378
50947,85517,55379
50948,85517,55380
50949,85517,55381
50950,85517,55382
50951,85517,55383
50952,85517,55384
50953,85517,55385
50954,85517,55386
50955,85517,55387
50956,85517,55388
50957,85517,55389
50958,85517,55390
50959,85517,55391
50960,85517,55392
50961,85517,55393
50962,85517,55394
50963,85517,55395
50964,85517,55396
50965,85517,55397
50966,85517,55398
50967,85517,55399
50968,85517,55400
50969,85517,55401
50970,85517,55402
50971,85517,55403
50972,85517,55404
50973,85517,55405
50974,85517,55406
50975,85517,55407
50976,85517,55408
50977,85517,55409
50978,85517,55410
50979,85517,55411
50980,85517,55412
50981,85517,55413
50982,85517,55414
50983,85517,55415
50984,85517,55416
50985,85517,55417
50986,85517,55418
50987,85517,55419
50988,85517,55420
50989,85517,55421
50990,85517,55422
50991,85517,55423
50992,85517,55424
50993,85517,55425
50994,85517,55426
50995,85517,55427
50996,85517,55428
50997,85517,55429
50998,85517,55430
50999,85517,55431
51000,85517,55432
51001,85517,55433
51002,85517,55434
51003,85517,55435
51004,85517,55436
51005,85517,55437
51006,85517,55438
51007,85517,55439
51008,85517,55440
51009,85517,55441
51010,85517,55442
51011,85517,55443
51012,85517,55444
51013,85517,55445
51014,85517,55446
51015,85517,55447
51016,85517,55448
51017,85517,55449
51018,85517,55450
51019,85517,55451
51020,85517,55452
51021,85517,55453
51022,85517,55454
51023,85517,55455
51024,85517,55456
51025,85517,55457
51026,85517,55458
51027,85517,55459
51028,85517,55460
51029,85517,55461
51030,85517,55462
51031,85517,55463
51032,85517,55464
51033,85517,55465
51034,85517,55466
51035,85517,55467
51036,85517,55468
51037,85517,55469
51038,85517,55470
51039,85517,55471
51040,85517,55472
51041,85517,55473
51042,85517,55474
51043,85517,55475
51044,85517,55476
51045,85517,55477
51046,85517,55478
51047,85517,55479
51048,85517,55480
51049,85517,55481
51050,85517,55482
51051,85517,55483
51052,85517,55484
51053,85517,55485
51054,85517,55486
51055,85517,55487
51056,85517,55488
51057,85517,55489
51058,85517,55490
51059,85517,55491
51060,85517,55492
51061,85517,55493
51062,85517,55494
51063,85517,55495
51064,85517,55496
51065,85517,55497
51066,85517,55498
51067,85517,55499
51068,85517,55500
51069,85517,55501
51070,85517,55502
51071,85517,55503
51072,85517,55504
51073,85517,55505
51074,85518,55320
51075,85518,55321
51076,85518,55322
51077,85518,55323
51078,85518,55324
51079,85518,55325
51080,85518,55326
51081,85518,55327
51082,85518,55328
51083,85518,55329
51084,85518,55330
51085,85518,55331
51086,85518,55332
51087,85518,55333
51088,85518,55334
51089,85518,55335
51090,85518,55336
51091,85518,55337
51092,85518,55338
51093,85518,55339
51094,85518,55340
51095,85518,55341
51096,85518,55342
51097,85518,55343
51098,85518,55344
51099,85518,55345
51100,85518,55346
51101,85518,55347
51102,85518,55348
51103,85518,55349
51104,85518,55350
51105,85518,55351
51106,85518,55352
51107,85518,55353
51108,85518,55354
51109,85518,55355
51110,85518,55356
51111,85518,55357
51112,85518,55358
51113,85518,55359
51114,85518,55360
51115,85518,55361
51116,85518,55362
51117,85518,55363
51118,85518,55364
51119,85518,55365
51120,85518,55366
51121,85518,55367
51122,85518,55368
51123,85518,55369
51124,85518,55370
51125,85518,55371
51126,85518,55372
51127,85518,55373
51128,85518,55374
51129,85518,55375
51130,85518,55376
51131,85518,55377
51132,85518,55378
51133,85518,55379
51134,85518,55380
51135,85518,55381
51136,85518,55382
51137,85518,55383
51138,85518,55384
51139,85518,55385
51140,85518,55386
51141,85518,55387
51142,85518,55388
51143,85518,55389
51144,85518,55390
51145,85518,55391
51146,85518,55392
51147,85518,55393
51148,85518,55394
51149,85518,55395
51150,85518,55396
51151,85518,55397
51152,85518,55398
51153,85518,55399
51154,85518,55400
51155,85518,55401
51156,85518,55402
51157,85518,55403
51158,85518,55404
51159,85518,55405
51160,85518,55406
51161,85518,55407
51162,85518,55408
51163,85518,55409
51164,85518,55410
51165,85518,55411
51166,85518,55412
51167,85518,55413
51168,85518,55414
51169,85518,55415
51170,85518,55416
51171,85518,55417
51172,85518,55418
51173,85518,55419
51174,85518,55420
51175,85518,55421
51176,85518,55422
51177,85518,55423
51178,85518,55424
51179,85518,55425
51180,85518,55426
51181,85518,55427
51182,85518,55428
51183,85518,55429
51184,85518,55430
51185,85518,55431
51186,85518,55432
51187,85518,55433
51188,85518,55434
51189,85518,55435
51190,85518,55436
51191,85518,55437
51192,85518,55438
51193,85518,55439
51194,85518,55440
51195,85518,55441
51196,85518,55442
51197,85518,55443
51198,85518,55444
51199,85518,55445
51200,85518,55446
51201,85518,55447
51202,85518,55448
51203,85518,55449
51204,85518,55450
51205,85518,55451
51206,85518,55452
51207,85518,55453
51208,85518,55454
51209,85518,55455
51210,85518,55456
51211,85518,55457
51212,85518,55458
51213,85518,55459
51214,85518,55460
51215,85518,55461
51216,85518,55462
51217,85518,55463
51218,85518,55464
51219,85518,55465
51220,85518,55466
51221,85518,55467
51222,85518,55468
51223,85518,55469
51224,85518,55470
51225,85518,55471
51226,85518,55472
51227,85518,55473
51228,85518,55474
51229,85518,55475
51230,85518,55476
51231,85518,55477
51232,85518,55478
51233,85518,55479
51234,85518,55480
51235,85518,55481
51236,85518,55482
51237,85518,55483
51238,85518,55484
51239,85518,55485
51240,85518,55486
51241,85518,55487
51242,85518,55488
51243,85518,55489
51244,85518,55490
51245,85518,55491
51246,85518,55492
51247,85518,55493
51248,85518,55494
51249,85518,55495
51250,85518,55496
51251,85518,55497
51252,85518,55498
51253,85518,55499
51254,85518,55500
51255,85518,55501
51256,85518,55502
51257,85518,55503
51258,85518,55504
51259,85519,55320
51260,85519,55321
51261,85519,55322
51262,85519,55323
51263,85519,55324
51264,85519,55325
51265,85519,55326
51266,85519,55327
51267,85519,55328
51268,85519,55329
51269,85519,55330
51270,85519,55331
51271,85519,55332
51272,85519,55333
51273,85519,55334
51274,85519,55335
51275,85519,55336
51276,85519,55337
51277,85519,55338
51278,85519,55339
51279,85519,55340
51280,85519,55341
51281,85519,55342
51282,85519,55343
51283,85519,55344
51284,85519,55345
51285,85519,55346
51286,85519,55347
51287,85519,55348
51288,85519,55349
51289,85519,55350
51290,85519,55351
51291,85519,55352
51292,85519,55353
51293,85519,55354
51294,85519,55355
51295,85519,55356
51296,85519,55357
51297,85519,55358
51298,85519,55359
51299,85519,55360
51300,85519,55361
51301,85519,55362
51302,85519,55363
51303,85519,55364
51304,85519,55365
51305,85519,55366
51306,85519,55367
51307,85519,55368
51308,85519,55369
51309,85519,55370
51310,85519,55371
51311,85519,55372
51312,85519,55373
51313,85519,55374
51314,85519,55375
51315,85519,55376
51316,85519,55377
51317,85519,55378
51318,85519,55379
51319,85519,55380
51320,85519,55381
51321,85519,55382
51322,85519,55383
51323,85519,55384
51324,85519,55385
51325,85519,55386
51326,85519,55387
51327,85519,55388
51328,85519,55389
51329,85519,55390
51330,85519,55391
51331,85519,55392
51332,85519,55393
51333,85519,55394
51334,85519,55395
51335,85519,55396
51336,85519,55397
51337,85519,55398
51338,85519,55399
51339,85519,55400
51340,85519,55401
51341,85519,55402
51342,85519,55403
51343,85519,55404
51344,85519,55405
51345,85519,55406
51346,85519,55407
51347,85519,55408
51348,85519,55409
51349,85519,55410
51350,85519,55411
51351,85519,55412
51352,85519,55413
51353,85519,55414
51354,85519,55415
51355,85519,55416
51356,85519,55417
51357,85519,55418
51358,85519,55419
51359,85519,55420
51360,85519,55421
51361,85519,55422
51362,85519,55423
51363,85519,55424
51364,85519,55425
51365,85519,55426
51366,85519,55427
51367,85519,55428
51368,85519,55429
51369,85519,55430
51370,85519,55431
51371,85519,55432
51372,85519,55433
51373,85519,55434
51374,85519,55435
51375,85519,55436
51376,85519,55437
51377,85519,55438
51378,85519,55439
51379,85519,55440
51380,85519,55441
51381,85519,55442
51382,85519,55443
51383,85519,55444
51384,85519,55445
51385,85519,55446
51386,85519,55447
51387,85519,55448
51388,85519,55449
51389,85519,55450
51390,85519,55451
51391,85519,55452
51392,85519,55453
51393,85519,55454
51394,85519,55455
51395,85519,55456
51396,85519,55457
51397,85519,55458
51398,85519,55459
51399,85519,55460
51400,85519,55461
51401,85519,55462
51402,85519,55463
51403,85519,55464
51404,85519,55465
51405,85519,55466
51406,85519,55467
51407,85519,55468
51408,85519,55469
51409,85519,55470
51410,85519,55471
51411,85519,55472
51412,85519,55473
51413,85519,55474
51414,85519,55475
51415,85519,55476
51416,85519,55477
51417,85519,55478
51418,85519,55479
51419,85519,55480
51420,85519,55481
51421,85519,55482
51422,85519,55483
51423,85519,55484
51424,85519,55485
51425,85519,55486
51426,85519,55487
51427,85519,55488
51428,85519,55489
51429,85519,55490
51430,85519,55491
51431,85519,55492
51432,85519,55493
51433,85519,55494
51434,85519,55495
51435,85519,55496
51436,85519,55497
51437,85519,55498
51438,85519,55499
51439,85519,55500
51440,85519,55501
51441,85519,55502
51442,85519,55503
51443,85519,55504
51444,85520,55320
51445,85520,55321
51446,85520,55322
51447,85520,55323
51448,85520,55324
51449,85520,55325
51450,85520,55326
51451,85520,55327
51452,85520,55328
51453,85520,55329
51454,85520,55330
51455,85520,55331
51456,85520,55332
51457,85520,55333
51458,85520,55334
51459,85520,55335
51460,85520,55336
51461,85520,55337
51462,85520,55338
51463,85520,55339
51464,85520,55340
51465,85520,55341
51466,85520,55342
51467,85520,55343
51468,85520,55344
51469,85520,55345
51470,85520,55346
51471,85520,55347
51472,85520,55348
51473,85520,55349
51474,85520,55350
51475,85520,55351
51476,85520,55352
51477,85520,55353
51478,85520,55354
51479,85520,55355
51480,85520,55356
51481,85520,55357
51482,85520,55358
51483,85520,55359
51484,85520,55360
51485,85520,55361
51486,85520,55362
51487,85520,55363
51488,85520,55364
51489,85520,55365
51490,85520,55366
51491,85520,55367
51492,85520,55368
51493,85520,55369
51494,85520,55370
51495,85520,55371
51496,85520,55372
51497,85520,55373
51498,85520,55374
51499,85520,55375
51500,85520,55376
51501,85520,55377
51502,85520,55378
51503,85520,55379
51504,85520,55380
51505,85520,55381
51506,85520,55382
51507,85520,55383
51508,85520,55384
51509,85520,55385
51510,85520,55386
51511,85520,55387
51512,85520,55388
51513,85520,55389
51514,85520,55390
51515,85520,55391
51516,85520,55392
51517,85520,55393
51518,85520,55394
51519,85520,55395
51520,85520,55396
51521,85520,55397
51522,85520,55398
51523,85520,55399
51524,85520,55400
51525,85520,55401
51526,85520,55402
51527,85520,55403
51528,85520,55404
51529,85520,55405
51530,85520,55406
51531,85520,55407
51532,85520,55408
51533,85520,55409
51534,85520,55410
51535,85520,55411
51536,85520,55412
51537,85520,55413
51538,85520,55414
51539,85520,55415
51540,85520,55416
51541,85520,55417
51542,85520,55418
51543,85520,55419
51544,85520,55420
51545,85520,55421
51546,85520,55422
51547,85520,55423
51548,85520,55424
51549,85520,55425
51550,85520,55426
51551,85520,55427
51552,85520,55428
51553,85520,55429
51554,85520,55430
51555,85520,55431
51556,85520,55432
51557,85520,55433
51558,85520,55434
51559,85520,55435
51560,85520,55436
51561,85520,55437
51562,85520,55438
51563,85520,55439
51564,85520,55440
51565,85520,55441
51566,85520,55442
51567,85520,55443
51568,85520,55444
51569,85520,55445
51570,85520,55446
51571,85520,55447
51572,85520,55448
51573,85520,55449
51574,85520,55450
51575,85520,55451
51576,85520,55452
51577,85520,55453
51578,85520,55454
51579,85520,55455
51580,85520,55456
51581,85520,55457
51582,85520,55458
51583,85520,55459
51584,85520,55460
51585,85520,55461
51586,85520,55462
51587,85520,55463
51588,85520,55464
51589,85520,55465
51590,85520,55466
51591,85520,55467
51592,85520,55468
51593,85520,55469
51594,85520,55470
51595,85520,55471
51596,85520,55472
51597,85520,55473
51598,85520,55474
51599,85520,55475
51600,85520,55476
51601,85520,55477
51602,85520,55478
51603,85520,55479
51604,85520,55480
51605,85520,55481
51606,85520,55482
51607,85520,55483
51608,85520,55484
51609,85520,55485
51610,85520,55486
51611,85520,55487
51612,85520,55488
51613,85520,55489
51614,85520,55490
51615,85520,55491
51616,85520,55492
51617,85520,55493
51618,85520,55494
51619,85520,55495
51620,85520,55496
51621,85520,55497
51622,85520,55498
51623,85520,55499
51624,85520,55500
51625,85520,55501
51626,85520,55502
51627,85520,55503
51628,85521,55320
51629,85521,55321
51630,85521,55322
51631,85521,55323
51632,85521,55324
51633,85521,55325
51634,85521,55326
51635,85521,55327
51636,85521,55328
51637,85521,55329
51638,85521,55330
51639,85521,55331
51640,85521,55332
51641,85521,55333
51642,85521,55334
51643,85521,55335
51644,85521,55336
51645,85521,55337
51646,85521,55338
51647,85521,55339
51648,85521,55340
51649,85521,55341
51650,85521,55342
51651,85521,55343
51652,85521,55344
51653,85521,55345
51654,85521,55346
51655,85521,55347
51656,85521,55348
51657,85521,55349
51658,85521,55350
51659,85521,55351
51660,85521,55352
51661,85521,55353
51662,85521,55354
51663,85521,55355
51664,85521,55356
51665,85521,55357
51666,85521,55358
51667,85521,55359
51668,85521,55360
51669,85521,55361
51670,85521,55362
51671,85521,55363
51672,85521,55364
51673,85521,55365
51674,85521,55366
51675,85521,55367
51676,85521,55368
51677,85521,55369
51678,85521,55370
51679,85521,55371
51680,85521,55372
51681,85521,55373
51682,85521,55374
51683,85521,55375
51684,85521,55376
51685,85521,55377
51686,85521,55378
51687,85521,55379
51688,85521,55380
51689,85521,55381
51690,85521,55382
51691,85521,55383
51692,85521,55384
51693,85521,55385
51694,85521,55386
51695,85521,55387
51696,85521,55388
51697,85521,55389
51698,85521,55390
51699,85521,55391
51700,85521,55392
51701,85521,55393
51702,85521,55394
51703,85521,55395
51704,85521,55396
51705,85521,55397
51706,85521,55398
51707,85521,55399
51708,85521,55400
51709,85521,55401
51710,85521,55402
51711,85521,55403
51712,85521,55404
51713,85521,55405
51714,85521,55406
51715,85521,55407
51716,85521,55408
51717,85521,55409
51718,85521,55410
51719,85521,55411
51720,85521,55412
51721,85521,55413
51722,85521,55414
51723,85521,55415
51724,85521,55416
51725,85521,55417
51726,85521,55418
51727,85521,55419
51728,85521,55420
51729,85521,55421
51730,85521,55422
51731,85521,55423
51732,85521,55424
51733,85521,55425
51734,85521,55426
51735,85521,55427
51736,85521,55428
51737,85521,55429
51738,85521,55430
51739,85521,55431
51740,85521,55432
51741,85521,55433
51742,85521,55434
51743,85521,55435
51744,85521,55436
51745,85521,55437
51746,85521,55438
51747,85521,55439
51748,85521,55440
51749,85521,55441
51750,85521,55442
51751,85521,55443
51752,85521,55444
51753,85521,55445
51754,85521,55446
51755,85521,55447
51756,85521,55448
51757,85521,55449
51758,85521,55450
51759,85521,55451
51760,85521,55452
51761,85521,55453
51762,85521,55454
51763,85521,55455
51764,85521,55456
51765,85521,55457
51766,85521,55458
51767,85521,55459
51768,85521,55460
51769,85521,55461
51770,85521,55462
51771,85521,55463
51772,85521,55464
51773,85521,55465
51774,85521,55466
51775,85521,55467
51776,85521,55468
51777,85521,55469
51778,85521,55470
51779,85521,55471
51780,85521,55472
51781,85521,55473
51782,85521,55474
51783,85521,55475
51784,85521,55476
51785,85521,55477
51786,85521,55478
51787,85521,55479
51788,85521,55480
51789,85521,55481
51790,85521,55482
51791,85521,55483
51792,85521,55484
51793,85521,55485
51794,85521,55486
51795,85521,55487
51796,85521,55488
51797,85521,55489
51798,85521,55490
51799,85521,55491
51800,85521,55492
51801,85521,55493
51802,85521,55494
51803,85521,55495
51804,85521,55496
51805,85521,55497
51806,85521,55498
51807,85521,55499
51808,85521,55500
51809,85521,55501
51810,85522,55320
51811,85522,55321
51812,85522,55322
51813,85522,55323
51814,85522,55324
51815,85522,55325
51816,85522,55326
51817,85522,55327
51818,85522,55328
51819,85522,55329
51820,85522,55330
51821,85522,55331
51822,85522,55332
51823,85522,55333
51824,85522,55334
51825,85522,55335
51826,85522,55336
51827,85522,55337
51828,85522,55338
51829,85522,55339
51830,85522,55340
51831,85522,55341
51832,85522,55342
51833,85522,55343
51834,85522,55344
51835,85522,55345
51836,85522,55346
51837,85522,55347
51838,85522,55348
51839,85522,55349
51840,85522,55350
51841,85522,55351
51842,85522,55352
51843,85522,55353
51844,85522,55354
51845,85522,55355
51846,85522,55356
51847,85522,55357
51848,85522,55358
51849,85522,55359
51850,85522,55360
51851,85522,55361
51852,85522,55362
51853,85522,55363
51854,85522,55364
51855,85522,55365
51856,85522,55366
51857,85522,55367
51858,85522,55368
51859,85522,55369
51860,85522,55370
51861,85522,55371
51862,85522,55372
51863,85522,55373
51864,85522,55374
51865,85522,55375
51866,85522,55376
51867,85522,55377
51868,85522,55378
51869,85522,55379
51870,85522,55380
51871,85522,55381
51872,85522,55382
51873,85522,55383
51874,85522,55384
51875,85522,55385
51876,85522,55386
51877,85522,55387
51878,85522,55388
51879,85522,55389
51880,85522,55390
51881,85522,55391
51882,85522,55392
51883,85522,55393
51884,85522,55394
51885,85522,55395
51886,85522,55396
51887,85522,55397
51888,85522,55398
51889,85522,55399
51890,85522,55400
51891,85522,55401
51892,85522,55402
51893,85522,55403
51894,85522,55404
51895,85522,55405
51896,85522,55406
51897,85522,55407
51898,85522,55408
51899,85522,55409
51900,85522,55410
51901,85522,55411
51902,85522,55412
51903,85522,55413
51904,85522,55414
51905,85522,55415
51906,85522,55416
51907,85522,55417
51908,85522,55418
51909,85522,55419
51910,85522,55420
51911,85522,55421
51912,85522,55422
51913,85522,55423
51914,85522,55424
51915,85522,55425
51916,85522,55426
51917,85522,55427
51918,85522,55428
51919,85522,55429
51920,85522,55430
51921,85522,55431
51922,85522,55432
51923,85522,55433
51924,85522,55434
51925,85522,55435
51926,85522,55436
51927,85522,55437
51928,85522,55438
51929,85522,55439
51930,85522,55440
51931,85522,55441
51932,85522,55442
51933,85522,55443
51934,85522,55444
51935,85522,55445
51936,85522,55446
51937,85522,55447
51938,85522,55448
51939,85522,55449
51940,85522,55450
51941,85522,55451
51942,85522,55452
51943,85522,55453
51944,85522,55454
51945,85522,55455
51946,85522,55456
51947,85522,55457
51948,85522,55458
51949,85522,55459
51950,85522,55460
51951,85522,55461
51952,85522,55462
51953,85522,55463
51954,85522,55464
51955,85522,55465
51956,85522,55466
51957,85522,55467
51958,85522,55468
51959,85522,55469
51960,85522,55470
51961,85522,55471
51962,85522,55472
51963,85522,55473
51964,85522,55474
51965,85522,55475
51966,85522,55476
51967,85522,55477
51968,85522,55478
51969,85522,55479
51970,85522,55480
51971,85522,55481
51972,85522,55482
51973,85522,55483
51974,85522,55484
51975,85522,55485
51976,85522,55486
51977,85522,55487
51978,85522,55488
51979,85522,55489
51980,85522,55490
51981,85522,55491
51982,85522,55492
51983,85522,55493
51984,85522,55494
51985,85522,55495
51986,85522,55496
51987,85522,55497
51988,85522,55498
51989,85522,55499
51990,85523,55320
51991,85523,55321
51992,85523,55322
51993,85523,55323
51994,85523,55324
51995,85523,55325
51996,85523,55326
51997,85523,55327
51998,85523,55328
51999,85523,55329
52000,85523,55330
52001,85523,55331
52002,85523,55332
52003,85523,55333
52004,85523,55334
52005,85523,55335
52006,85523,55336
52007,85523,55337
52008,85523,55338
52009,85523,55339
52010,85523,55340
52011,85523,55341
52012,85523,55342
52013,85523,55343
52014,85523,55344
52015,85523,55345
52016,85523,55346
52017,85523,55347
52018,85523,55348
52019,85523,55349
52020,85523,55350
52021,85523,55351
52022,85523,55352
52023,85523,55353
52024,85523,55354
52025,85523,55355
52026,85523,55356
52027,85523,55357
52028,85523,55358
52029,85523,55359
52030,85523,55360
52031,85523,55361
52032,85523,55362
52033,85523,55363
52034,85523,55364
52035,85523,55365
52036,85523,55366
52037,85523,55367
52038,85523,55368
52039,85523,55369
52040,85523,55370
52041,85523,55371
52042,85523,55372
52043,85523,55373
52044,85523,55374
52045,85523,55375
52046,85523,55376
52047,85523,55377
52048,85523,55378
52049,85523,55379
52050,85523,55380
52051,85523,55381
52052,85523,55382
52053,85523,55383
52054,85523,55384
52055,85523,55385
52056,85523,55386
52057,85523,55387
52058,85523,55388
52059,85523,55389
52060,85523,55390
52061,85523,55391
52062,85523,55392
52063,85523,55393
52064,85523,55394
52065,85523,55395
52066,85523,55396
52067,85523,55397
52068,85523,55398
52069,85523,55399
52070,85523,55400
52071,85523,55401
52072,85523,55402
52073,85523,55403
52074,85523,55404
52075,85523,55405
52076,85523,55406
52077,85523,55407
52078,85523,55408
52079,85523,55409
52080,85523,55410
52081,85523,55411
52082,85523,55412
52083,85523,55413
52084,85523,55414
52085,85523,55415
52086,85523,55416
52087,85523,55417
52088,85523,55418
52089,85523,55419
52090,85523,55420
52091,85523,55421
52092,85523,55422
52093,85523,55423
52094,85523,55424
52095,85523,55425
52096,85523,55426
52097,85523,55427
52098,85523,55428
52099,85523,55429
52100,85523,55430
52101,85523,55431
52102,85523,55432
52103,85523,55433
52104,85523,55434
52105,85523,55435
52106,85523,55436
52107,85523,55437
52108,85523,55438
52109,85523,55439
52110,85523,55440
52111,85523,55441
52112,85523,55442
52113,85523,55443
52114,85523,55444
52115,85523,55445
52116,85523,55446
52117,85523,55447
52118,85523,55448
52119,85523,55449
52120,85523,55450
52121,85523,55451
52122,85523,55452
52123,85523,55453
52124,85523,55454
52125,85523,55455
52126,85523,55456
52127,85523,55457
52128,85523,55458
52129,85523,55459
52130,85523,55460
52131,85523,55461
52132,85523,55462
52133,85523,55463
52134,85523,55464
52135,85523,55465
52136,85523,55466
52137,85523,55467
52138,85523,55468
52139,85523,55469
52140,85523,55470
52141,85523,55471
52142,85523,55472
52143,85523,55473
52144,85523,55474
52145,85523,55475
52146,85523,55476
52147,85523,55477
52148,85523,55478
52149,85523,55479
52150,85523,55480
52151,85523,55481
52152,85523,55482
52153,85523,55483
52154,85523,55484
52155,85523,55485
52156,85523,55486
52157,85523,55487
52158,85523,55488
52159,85523,55489
52160,85523,55490
52161,85523,55491
52162,85523,55492
52163,85523,55493
52164,85523,55494
52165,85523,55495
52166,85523,55496
52167,85523,55497
52168,85523,55498
52169,85524,55320
52170,85524,55321
52171,85524,55322
52172,85524,55323
52173,85524,55324
52174,85524,55325
52175,85524,55326
52176,85524,55327
52177,85524,55328
52178,85524,55329
52179,85524,55330
52180,85524,55331
52181,85524,55332
52182,85524,55333
52183,85524,55334
52184,85524,55335
52185,85524,55336
52186,85524,55337
52187,85524,55338
52188,85524,55339
52189,85524,55340
52190,85524,55341
52191,85524,55342
52192,85524,55343
52193,85524,55344
52194,85524,55345
52195,85524,55346
52196,85524,55347
52197,85524,55348
52198,85524,55349
52199,85524,55350
52200,85524,55351
52201,85524,55352
52202,85524,55353
52203,85524,55354
52204,85524,55355
52205,85524,55356
52206,85524,55357
52207,85524,55358
52208,85524,55359
52209,85524,55360
52210,85524,55361
52211,85524,55362
52212,85524,55363
52213,85524,55364
52214,85524,55365
52215,85524,55366
52216,85524,55367
52217,85524,55368
52218,85524,55369
52219,85524,55370
52220,85524,55371
52221,85524,55372
52222,85524,55373
52223,85524,55374
52224,85524,55375
52225,85524,55376
52226,85524,55377
52227,85524,55378
52228,85524,55379
52229,85524,55380
52230,85524,55381
52231,85524,55382
52232,85524,55383
52233,85524,55384
52234,85524,55385
52235,85524,55386
52236,85524,55387
52237,85524,55388
52238,85524,55389
52239,85524,55390
52240,85524,55391
52241,85524,55392
52242,85524,55393
52243,85524,55394
52244,85524,55395
52245,85524,55396
52246,85524,55397
52247,85524,55398
52248,85524,55399
52249,85524,55400
52250,85524,55401
52251,85524,55402
52252,85524,55403
52253,85524,55404
52254,85524,55405
52255,85524,55406
52256,85524,55407
52257,85524,55408
52258,85524,55409
52259,85524,55410
52260,85524,55411
52261,85524,55412
52262,85524,55413
52263,85524,55414
52264,85524,55415
52265,85524,55416
52266,85524,55417
52267,85524,55418
52268,85524,55419
52269,85524,55420
52270,85524,55421
52271,85524,55422
52272,85524,55423
52273,85524,55424
52274,85524,55425
52275,85524,55426
52276,85524,55427
52277,85524,55428
52278,85524,55429
52279,85524,55430
52280,85524,55431
52281,85524,55432
52282,85524,55433
52283,85524,55434
52284,85524,55435
52285,85524,55436
52286,85524,55437
52287,85524,55438
52288,85524,55439
52289,85524,55440
52290,85524,55441
52291,85524,55442
52292,85524,55443
52293,85524,55444
52294,85524,55445
52295,85524,55446
52296,85524,55447
52297,85524,55448
52298,85524,55449
52299,85524,55450
52300,85524,55451
52301,85524,55452
52302,85524,55453
52303,85524,55454
52304,85524,55455
52305,85524,55456
52306,85524,55457
52307,85524,55458
52308,85524,55459
52309,85524,55460
52310,85524,55461
52311,85524,55462
52312,85524,55463
52313,85524,55464
52314,85524,55465
52315,85524,55466
52316,85524,55467
52317,85524,55468
52318,85524,55469
52319,85524,55470
52320,85524,55471
52321,85524,55472
52322,85524,55473
52323,85524,55474
52324,85524,55475
52325,85524,55476
52326,85524,55477
52327,85524,55478
52328,85524,55479
52329,85524,55480
52330,85524,55481
52331,85524,55482
52332,85524,55483
52333,85524,55484
52334,85524,55485
52335,85524,55486
52336,85524,55487
52337,85524,55488
52338,85524,55489
52339,85524,55490
52340,85524,55491
52341,85524,55492
52342,85524,55493
52343,85524,55494
52344,85524,55495
52345,85524,55496
52346,85524,55497
52347,85525,55320
52348,85525,55321
52349,85525,55322
52350,85525,55323
52351,85525,55324
52352,85525,55325
52353,85525,55326
52354,85525,55327
52355,85525,55328
52356,85525,55329
52357,85525,55330
52358,85525,55331
52359,85525,55332
52360,85525,55333
52361,85525,55334
52362,85525,55335
52363,85525,55336
52364,85525,55337
52365,85525,55338
52366,85525,55339
52367,85525,55340
52368,85525,55341
52369,85525,55342
52370,85525,55343
52371,85525,55344
52372,85525,55345
52373,85525,55346
52374,85525,55347
52375,85525,55348
52376,85525,55349
52377,85525,55350
52378,85525,55351
52379,85525,55352
52380,85525,55353
52381,85525,55354
52382,85525,55355
52383,85525,55356
52384,85525,55357
52385,85525,55358
52386,85525,55359
52387,85525,55360
52388,85525,55361
52389,85525,55362
52390,85525,55363
52391,85525,55364
52392,85525,55365
52393,85525,55366
52394,85525,55367
52395,85525,55368
52396,85525,55369
52397,85525,55370
52398,85525,55371
52399,85525,55372
52400,85525,55373
52401,85525,55374
52402,85525,55375
52403,85525,55376
52404,85525,55377
52405,85525,55378
52406,85525,55379
52407,85525,55380
52408,85525,55381
52409,85525,55382
52410,85525,55383
52411,85525,55384
52412,85525,55385
52413,85525,55386
52414,85525,55387
52415,85525,55388
52416,85525,55389
52417,85525,55390
52418,85525,55391
52419,85525,55392
52420,85525,55393
52421,85525,55394
52422,85525,55395
52423,85525,55396
52424,85525,55397
52425,85525,55398
52426,85525,55399
52427,85525,55400
52428,85525,55401
52429,85525,55402
52430,85525,55403
52431,85525,55404
52432,85525,55405
52433,85525,55406
52434,85525,55407
52435,85525,55408
52436,85525,55409
52437,85525,55410
52438,85525,55411
52439,85525,55412
52440,85525,55413
52441,85525,55414
52442,85525,55415
52443,85525,55416
52444,85525,55417
52445,85525,55418
52446,85525,55419
52447,85525,55420
52448,85525,55421
52449,85525,55422
52450,85525,55423
52451,85525,55424
52452,85525,55425
52453,85525,55426
52454,85525,55427
52455,85525,55428
52456,85525,55429
52457,85525,55430
52458,85525,55431
52459,85525,55432
52460,85525,55433
52461,85525,55434
52462,85525,55435
52463,85525,55436
52464,85525,55437
52465,85525,55438
52466,85525,55439
52467,85525,55440
52468,85525,55441
52469,85525,55442
52470,85525,55443
52471,85525,55444
52472,85525,55445
52473,85525,55446
52474,85525,55447
52475,85525,55448
52476,85525,55449
52477,85525,55450
52478,85525,55451
52479,85525,55452
52480,85525,55453
52481,85525,55454
52482,85525,55455
52483,85525,55456
52484,85525,55457
52485,85525,55458
52486,85525,55459
52487,85525,55460
52488,85525,55461
52489,85525,55462
52490,85525,55463
52491,85525,55464
52492,85525,55465
52493,85525,55466
52494,85525,55467
52495,85525,55468
52496,85525,55469
52497,85525,55470
52498,85525,55471
52499,85525,55472
52500,85525,55473
52501,85525,55474
52502,85525,55475
52503,85525,55476
52504,85525,55477
52505,85525,55478
52506,85525,55479
52507,85525,55480
52508,85525,55481
52509,85525,55482
52510,85525,55483
52511,85525,55484
52512,85525,55485
52513,85525,55486
52514,85525,55487
52515,85525,55488
52516,85525,55489
52517,85525,55490
52518,85525,55491
52519,85525,55492
52520,85525,55493
52521,85525,55494
52522,85525,55495
52523,85525,55496
52524,85526,55320
52525,85526,55321
52526,85526,55322
52527,85526,55323
52528,85526,55324
52529,85526,55325
52530,85526,55326
52531,85526,55327
52532,85526,55328
52533,85526,55329
52534,85526,55330
52535,85526,55331
52536,85526,55332
52537,85526,55333
52538,85526,55334
52539,85526,55335
52540,85526,55336
52541,85526,55337
52542,85526,55338
52543,85526,55339
52544,85526,55340
52545,85526,55341
52546,85526,55342
52547,85526,55343
52548,85526,55344
52549,85526,55345
52550,85526,55346
52551,85526,55347
52552,85526,55348
52553,85526,55349
52554,85526,55350
52555,85526,55351
52556,85526,55352
52557,85526,55353
52558,85526,55354
52559,85526,55355
52560,85526,55356
52561,85526,55357
52562,85526,55358
52563,85526,55359
52564,85526,55360
52565,85526,55361
52566,85526,55362
52567,85526,55363
52568,85526,55364
52569,85526,55365
52570,85526,55366
52571,85526,55367
52572,85526,55368
52573,85526,55369
52574,85526,55370
52575,85526,55371
52576,85526,55372
52577,85526,55373
52578,85526,55374
52579,85526,55375
52580,85526,55376
52581,85526,55377
52582,85526,55378
52583,85526,55379
52584,85526,55380
52585,85526,55381
52586,85526,55382
52587,85526,55383
52588,85526,55384
52589,85526,55385
52590,85526,55386
52591,85526,55387
52592,85526,55388
52593,85526,55389
52594,85526,55390
52595,85526,55391
52596,85526,55392
52597,85526,55393
52598,85526,55394
52599,85526,55395
52600,85526,55396
52601,85526,55397
52602,85526,55398
52603,85526,55399
52604,85526,55400
52605,85526,55401
52606,85526,55402
52607,85526,55403
52608,85526,55404
52609,85526,55405
52610,85526,55406
52611,85526,55407
52612,85526,55408
52613,85526,55409
52614,85526,55410
52615,85526,55411
52616,85526,55412
52617,85526,55413
52618,85526,55414
52619,85526,55415
52620,85526,55416
52621,85526,55417
52622,85526,55418
52623,85526,55419
52624,85526,55420
52625,85526,55421
52626,85526,55422
52627,85526,55423
52628,85526,55424
52629,85526,55425
52630,85526,55426
52631,85526,55427
52632,85526,55428
52633,85526,55429
52634,85526,55430
52635,85526,55431
52636,85526,55432
52637,85526,55433
52638,85526,55434
52639,85526,55435
52640,85526,55436
52641,85526,55437
52642,85526,55438
52643,85526,55439
52644,85526,55440
52645,85526,55441
52646,85526,55442
52647,85526,55443
52648,85526,55444
52649,85526,55445
52650,85526,55446
52651,85526,55447
52652,85526,55448
52653,85526,55449
52654,85526,55450
52655,85526,55451
52656,85526,55452
52657,85526,55453
52658,85526,55454
52659,85526,55455
52660,85526,55456
52661,85526,55457
52662,85526,55458
52663,85526,55459
52664,85526,55460
52665,85526,55461
52666,85526,55462
52667,85526,55463
52668,85526,55464
52669,85526,55465
52670,85526,55466
52671,85526,55467
52672,85526,55468
52673,85526,55469
52674,85526,55470
52675,85526,55471
52676,85526,55472
52677,85526,55473
52678,85526,55474
52679,85526,55475
52680,85526,55476
52681,85526,55477
52682,85526,55478
52683,85526,55479
52684,85526,55480
52685,85526,55481
52686,85526,55482
52687,85526,55483
52688,85526,55484
52689,85526,55485
52690,85526,55486
52691,85526,55487
52692,85526,55488
52693,85526,55489
52694,85526,55490
52695,85526,55491
52696,85526,55492
52697,85526,55493
52698,85526,55494
52699,85526,55495
52700,85526,55496
52701,85527,55320
52702,85527,55321
52703,85527,55322
52704,85527,55323
52705,85527,55324
52706,85527,55325
52707,85527,55326
52708,85527,55327
52709,85527,55328
52710,85527,55329
52711,85527,55330
52712,85527,55331
52713,85527,55332
52714,85527,55333
52715,85527,55334
52716,85527,55335
52717,85527,55336
52718,85527,55337
52719,85527,55338
52720,85527,55339
52721,85527,55340
52722,85527,55341
52723,85527,55342
52724,85527,55343
52725,85527,55344
52726,85527,55345
52727,85527,55346
52728,85527,55347
52729,85527,55348
52730,85527,55349
52731,85527,55350
52732,85527,55351
52733,85527,55352
52734,85527,55353
52735,85527,55354
52736,85527,55355
52737,85527,55356
52738,85527,55357
52739,85527,55358
52740,85527,55359
52741,85527,55360
52742,85527,55361
52743,85527,55362
52744,85527,55363
52745,85527,55364
52746,85527,55365
52747,85527,55366
52748,85527,55367
52749,85527,55368
52750,85527,55369
52751,85527,55370
52752,85527,55371
52753,85527,55372
52754,85527,55373
52755,85527,55374
52756,85527,55375
52757,85527,55376
52758,85527,55377
52759,85527,55378
52760,85527,55379
52761,85527,55380
52762,85527,55381
52763,85527,55382
52764,85527,55383
52765,85527,55384
52766,85527,55385
52767,85527,55386
52768,85527,55387
52769,85527,55388
52770,85527,55389
52771,85527,55390
52772,85527,55391
52773,85527,55392
52774,85527,55393
52775,85527,55394
52776,85527,55395
52777,85527,55396
52778,85527,55397
52779,85527,55398
52780,85527,55399
52781,85527,55400
52782,85527,55401
52783,85527,55402
52784,85527,55403
52785,85527,55404
52786,85527,55405
52787,85527,55406
52788,85527,55407
52789,85527,55408
52790,85527,55409
52791,85527,55410
52792,85527,55411
52793,85527,55412
52794,85527,55413
52795,85527,55414
52796,85527,55415
52797,85527,55416
52798,85527,55417
52799,85527,55418
52800,85527,55419
52801,85527,55420
52802,85527,55421
52803,85527,55422
52804,85527,55423
52805,85527,55424
52806,85527,55425
52807,85527,55426
52808,85527,55427
52809,85527,55428
52810,85527,55429
52811,85527,55430
52812,85527,55431
52813,85527,55432
52814,85527,55433
52815,85527,55434
52816,85527,55435
52817,85527,55436
52818,85527,55437
52819,85527,55438
52820,85527,55439
52821,85527,55440
52822,85527,55441
52823,85527,55442
52824,85527,55443
52825,85527,55444
52826,85527,55445
52827,85527,55446
52828,85527,55447
52829,85527,55448
52830,85527,55449
52831,85527,55450
52832,85527,55451
52833,85527,55452
52834,85527,55453
52835,85527,55454
52836,85527,55455
52837,85527,55456
52838,85527,55457
52839,85527,55458
52840,85527,55459
52841,85527,55460
52842,85527,55461
52843,85527,55462
52844,85527,55463
52845,85527,55464
52846,85527,55465
52847,85527,55466
52848,85527,55467
52849,85527,55468
52850,85527,55469
52851,85527,55470
52852,85527,55471
52853,85527,55472
52854,85527,55473
52855,85527,55474
52856,85527,55475
52857,85527,55476
52858,85527,55477
52859,85527,55478
52860,85527,55479
52861,85527,55480
52862,85527,55481
52863,85527,55482
52864,85527,55483
52865,85527,55484
52866,85527,55485
52867,85527,55486
52868,85527,55487
52869,85527,55488
52870,85527,55489
52871,85527,55490
52872,85527,55491
52873,85527,55492
52874,85527,55493
52875,85527,55494
52876,85527,55495
52877,85528,55320
52878,85528,55321
52879,85528,55322
52880,85528,55323
52881,85528,55324
52882,85528,55325
52883,85528,55326
52884,85528,55327
52885,85528,55328
52886,85528,55329
52887,85528,55330
52888,85528,55331
52889,85528,55332
52890,85528,55333
52891,85528,55334
52892,85528,55335
52893,85528,55336
52894,85528,55337
52895,85528,55338
52896,85528,55339
52897,85528,55340
52898,85528,55341
52899,85528,55342
52900,85528,55343
52901,85528,55344
52902,85528,55345
52903,85528,55346
52904,85528,55347
52905,85528,55348
52906,85528,55349
52907,85528,55350
52908,85528,55351
52909,85528,55352
52910,85528,55353
52911,85528,55354
52912,85528,55355
52913,85528,55356
52914,85528,55357
52915,85528,55358
52916,85528,55359
52917,85528,55360
52918,85528,55361
52919,85528,55362
52920,85528,55363
52921,85528,55364
52922,85528,55365
52923,85528,55366
52924,85528,55367
52925,85528,55368
52926,85528,55369
52927,85528,55370
52928,85528,55371
52929,85528,55372
52930,85528,55373
52931,85528,55374
52932,85528,55375
52933,85528,55376
52934,85528,55377
52935,85528,55378
52936,85528,55379
52937,85528,55380
52938,85528,55381
52939,85528,55382
52940,85528,55383
52941,85528,55384
52942,85528,55385
52943,85528,55386
52944,85528,55387
52945,85528,55388
52946,85528,55389
52947,85528,55390
52948,85528,55391
52949,85528,55392
52950,85528,55393
52951,85528,55394
52952,85528,55395
52953,85528,55396
52954,85528,55397
52955,85528,55398
52956,85528,55399
52957,85528,55400
52958,85528,55401
52959,85528,55402
52960,85528,55403
52961,85528,55404
52962,85528,55405
52963,85528,55406
52964,85528,55407
52965,85528,55408
52966,85528,55409
52967,85528,55410
52968,85528,55411
52969,85528,55412
52970,85528,55413
52971,85528,55414
52972,85528,55415
52973,85528,55416
52974,85528,55417
52975,85528,55418
52976,85528,55419
52977,85528,55420
52978,85528,55421
52979,85528,55422
52980,85528,55423
52981,85528,55424
52982,85528,55425
52983,85528,55426
52984,85528,55427
52985,85528,55428
52986,85528,55429
52987,85528,55430
52988,85528,55431
52989,85528,55432
52990,85528,55433
52991,85528,55434
52992,85528,55435
52993,85528,55436
52994,85528,55437
52995,85528,55438
52996,85528,55439
52997,85528,55440
52998,85528,55441
52999,85528,55442
53000,85528,55443
53001,85528,55444
53002,85528,55445
53003,85528,55446
53004,85528,55447
53005,85528,55448
53006,85528,55449
53007,85528,55450
53008,85528,55451
53009,85528,55452
53010,85528,55453
53011,85528,55454
53012,85528,55455
53013,85528,55456
53014,85528,55457
53015,85528,55458
53016,85528,55459
53017,85528,55460
53018,85528,55461
53019,85528,55462
53020,85528,55463
53021,85528,55464
53022,85528,55465
53023,85528,55466
53024,85528,55467
53025,85528,55468
53026,85528,55469
53027,85528,55470
53028,85528,55471
53029,85528,55472
53030,85528,55473
53031,85528,55474
53032,85528,55475
53033,85528,55476
53034,85528,55477
53035,85528,55478
53036,85528,55479
53037,85528,55480
53038,85528,55481
53039,85528,55482
53040,85528,55483
53041,85528,55484
53042,85528,55485
53043,85528,55486
53044,85528,55487
53045,85528,55488
53046,85528,55489
53047,85528,55490
53048,85528,55491
53049,85528,55492
53050,85528,55493
53051,85528,55494
53052,85529,55320
53053,85529,55321
53054,85529,55322
53055,85529,55323
53056,85529,55324
53057,85529,55325
53058,85529,55326
53059,85529,55327
53060,85529,55328
53061,85529,55329
53062,85529,55330
53063,85529,55331
53064,85529,55332
53065,85529,55333
53066,85529,55334
53067,85529,55335
53068,85529,55336
53069,85529,55337
53070,85529,55338
53071,85529,55339
53072,85529,55340
53073,85529,55341
53074,85529,55342
53075,85529,55343
53076,85529,55344
53077,85529,55345
53078,85529,55346
53079,85529,55347
53080,85529,55348
53081,85529,55349
53082,85529,55350
53083,85529,55351
53084,85529,55352
53085,85529,55353
53086,85529,55354
53087,85529,55355
53088,85529,55356
53089,85529,55357
53090,85529,55358
53091,85529,55359
53092,85529,55360
53093,85529,55361
53094,85529,55362
53095,85529,55363
53096,85529,55364
53097,85529,55365
53098,85529,55366
53099,85529,55367
53100,85529,55368
53101,85529,55369
53102,85529,55370
53103,85529,55371
53104,85529,55372
53105,85529,55373
53106,85529,55374
53107,85529,55375
53108,85529,55376
53109,85529,55377
53110,85529,55378
53111,85529,55379
53112,85529,55380
53113,85529,55381
53114,85529,55382
53115,85529,55383
53116,85529,55384
53117,85529,55385
53118,85529,55386
53119,85529,55387
53120,85529,55388
53121,85529,55389
53122,85529,55390
53123,85529,55391
53124,85529,55392
53125,85529,55393
53126,85529,55394
53127,85529,55395
53128,85529,55396
53129,85529,55397
53130,85529,55398
53131,85529,55399
53132,85529,55400
53133,85529,55401
53134,85529,55402
53135,85529,55403
53136,85529,55404
53137,85529,55405
53138,85529,55406
53139,85529,55407
53140,85529,55408
53141,85529,55409
53142,85529,55410
53143,85529,55411
53144,85529,55412
53145,85529,55413
53146,85529,55414
53147,85529,55415
53148,85529,55416
53149,85529,55417
53150,85529,55418
53151,85529,55419
53152,85529,55420
53153,85529,55421
53154,85529,55422
53155,85529,55423
53156,85529,55424
53157,85529,55425
53158,85529,55426
53159,85529,55427
53160,85529,55428
53161,85529,55429
53162,85529,55430
53163,85529,55431
53164,85529,55432
53165,85529,55433
53166,85529,55434
53167,85529,55435
53168,85529,55436
53169,85529,55437
53170,85529,55438
53171,85529,55439
53172,85529,55440
53173,85529,55441
53174,85529,55442
53175,85529,55443
53176,85529,55444
53177,85529,55445
53178,85529,55446
53179,85529,55447
53180,85529,55448
53181,85529,55449
53182,85529,55450
53183,85529,55451
53184,85529,55452
53185,85529,55453
53186,85529,55454
53187,85529,55455
53188,85529,55456
53189,85529,55457
53190,85529,55458
53191,85529,55459
53192,85529,55460
53193,85529,55461
53194,85529,55462
53195,85529,55463
53196,85529,55464
53197,85529,55465
53198,85529,55466
53199,85529,55467
53200,85529,55468
53201,85529,55469
53202,85529,55470
53203,85529,55471
53204,85529,55472
53205,85529,55473
53206,85529,55474
53207,85529,55475
53208,85529,55476
53209,85529,55477
53210,85529,55478
53211,85529,55479
53212,85529,55480
53213,85529,55481
53214,85529,55482
53215,85529,55483
53216,85529,55484
53217,85529,55485
53218,85529,55486
53219,85529,55487
53220,85529,55488
53221,85529,55489
53222,85529,55490
53223,85529,55491
53224,85529,55492
53225,85529,55493
53226,85529,55494
53227,85530,55320
53228,85530,55321
53229,85530,55322
53230,85530,55323
53231,85530,55324
53232,85530,55325
53233,85530,55326
53234,85530,55327
53235,85530,55328
53236,85530,55329
53237,85530,55330
53238,85530,55331
53239,85530,55332
53240,85530,55333
53241,85530,55334
53242,85530,55335
53243,85530,55336
53244,85530,55337
53245,85530,55338
53246,85530,55339
53247,85530,55340
53248,85530,55341
53249,85530,55342
53250,85530,55343
53251,85530,55344
53252,85530,55345
53253,85530,55346
53254,85530,55347
53255,85530,55348
53256,85530,55349
53257,85530,55350
53258,85530,55351
53259,85530,55352
53260,85530,55353
53261,85530,55354
53262,85530,55355
53263,85530,55356
53264,85530,55357
53265,85530,55358
53266,85530,55359
53267,85530,55360
53268,85530,55361
53269,85530,55362
53270,85530,55363
53271,85530,55364
53272,85530,55365
53273,85530,55366
53274,85530,55367
53275,85530,55368
53276,85530,55369
53277,85530,55370
53278,85530,55371
53279,85530,55372
53280,85530,55373
53281,85530,55374
53282,85530,55375
53283,85530,55376
53284,85530,55377
53285,85530,55378
53286,85530,55379
53287,85530,55380
53288,85530,55381
53289,85530,55382
53290,85530,55383
53291,85530,55384
53292,85530,55385
53293,85530,55386
53294,85530,55387
53295,85530,55388
53296,85530,55389
53297,85530,55390
53298,85530,55391
53299,85530,55392
53300,85530,55393
53301,85530,55394
53302,85530,55395
53303,85530,55396
53304,85530,55397
53305,85530,55398
53306,85530,55399
53307,85530,55400
53308,85530,55401
53309,85530,55402
53310,85530,55403
53311,85530,55404
53312,85530,55405
53313,85530,55406
53314,85530,55407
53315,85530,55408
53316,85530,55409
53317,85530,55410
53318,85530,55411
53319,85530,55412
53320,85530,55413
53321,85530,55414
53322,85530,55415
53323,85530,55416
53324,85530,55417
53325,85530,55418
53326,85530,55419
53327,85530,55420
53328,85530,55421
53329,85530,55422
53330,85530,55423
53331,85530,55424
53332,85530,55425
53333,85530,55426
53334,85530,55427
53335,85530,55428
53336,85530,55429
53337,85530,55430
53338,85530,55431
53339,85530,55432
53340,85530,55433
53341,85530,55434
53342,85530,55435
53343,85530,55436
53344,85530,55437
53345,85530,55438
53346,85530,55439
53347,85530,55440
53348,85530,55441
53349,85530,55442
53350,85530,55443
53351,85530,55444
53352,85530,55445
53353,85530,55446
53354,85530,55447
53355,85530,55448
53356,85530,55449
53357,85530,55450
53358,85530,55451
53359,85530,55452
53360,85530,55453
53361,85530,55454
53362,85530,55455
53363,85530,55456
53364,85530,55457
53365,85530,55458
53366,85530,55459
53367,85530,55460
53368,85530,55461
53369,85530,55462
53370,85530,55463
53371,85530,55464
53372,85530,55465
53373,85530,55466
53374,85530,55467
53375,85530,55468
53376,85530,55469
53377,85530,55470
53378,85530,55471
53379,85530,55472
53380,85530,55473
53381,85530,55474
53382,85530,55475
53383,85530,55476
53384,85530,55477
53385,85530,55478
53386,85530,55479
53387,85530,55480
53388,85530,55481
53389,85530,55482
53390,85530,55483
53391,85530,55484
53392,85530,55485
53393,85530,55486
53394,85530,55487
53395,85530,55488
53396,85530,55489
53397,85530,55490
53398,85530,55491
53399,85530,55492
53400,85530,55493
53401,85531,55320
53402,85531,55321
53403,85531,55322
53404,85531,55323
53405,85531,55324
53406,85531,55325
53407,85531,55326
53408,85531,55327
53409,85531,55328
53410,85531,55329
53411,85531,55330
53412,85531,55331
53413,85531,55332
53414,85531,55333
53415,85531,55334
53416,85531,55335
53417,85531,55336
53418,85531,55337
53419,85531,55338
53420,85531,55339
53421,85531,55340
53422,85531,55341
53423,85531,55342
53424,85531,55343
53425,85531,55344
53426,85531,55345
53427,85531,55346
53428,85531,55347
53429,85531,55348
53430,85531,55349
53431,85531,55350
53432,85531,55351
53433,85531,55352
53434,85531,55353
53435,85531,55354
53436,85531,55355
53437,85531,55356
53438,85531,55357
53439,85531,55358
53440,85531,55359
53441,85531,55360
53442,85531,55361
53443,85531,55362
53444,85531,55363
53445,85531,55364
53446,85531,55365
53447,85531,55366
53448,85531,55367
53449,85531,55368
53450,85531,55369
53451,85531,55370
53452,85531,55371
53453,85531,55372
53454,85531,55373
53455,85531,55374
53456,85531,55375
53457,85531,55376
53458,85531,55377
53459,85531,55378
53460,85531,55379
53461,85531,55380
53462,85531,55381
53463,85531,55382
53464,85531,55383
53465,85531,55384
53466,85531,55385
53467,85531,55386
53468,85531,55387
53469,85531,55388
53470,85531,55389
53471,85531,55390
53472,85531,55391
53473,85531,55392
53474,85531,55393
53475,85531,55394
53476,85531,55395
53477,85531,55396
53478,85531,55397
53479,85531,55398
53480,85531,55399
53481,85531,55400
53482,85531,55401
53483,85531,55402
53484,85531,55403
53485,85531,55404
53486,85531,55405
53487,85531,55406
53488,85531,55407
53489,85531,55408
53490,85531,55409
53491,85531,55410
53492,85531,55411
53493,85531,55412
53494,85531,55413
53495,85531,55414
53496,85531,55415
53497,85531,55416
53498,85531,55417
53499,85531,55418
53500,85531,55419
53501,85531,55420
53502,85531,55421
53503,85531,55422
53504,85531,55423
53505,85531,55424
53506,85531,55425
53507,85531,55426
53508,85531,55427
53509,85531,55428
53510,85531,55429
53511,85531,55430
53512,85531,55431
53513,85531,55432
53514,85531,55433
53515,85531,55434
53516,85531,55435
53517,85531,55436
53518,85531,55437
53519,85531,55438
53520,85531,55439
53521,85531,55440
53522,85531,55441
53523,85531,55442
53524,85531,55443
53525,85531,55444
53526,85531,55445
53527,85531,55446
53528,85531,55447
53529,85531,55448
53530,85531,55449
53531,85531,55450
53532,85531,55451
53533,85531,55452
53534,85531,55453
53535,85531,55454
53536,85531,55455
53537,85531,55456
53538,85531,55457
53539,85531,55458
53540,85531,55459
53541,85531,55460
53542,85531,55461
53543,85531,55462
53544,85531,55463
53545,85531,55464
53546,85531,55465
53547,85531,55466
53548,85531,55467
53549,85531,55468
53550,85531,55469
53551,85531,55470
53552,85531,55471
53553,85531,55472
53554,85531,55473
53555,85531,55474
53556,85531,55475
53557,85531,55476
53558,85531,55477
53559,85531,55478
53560,85531,55479
53561,85531,55480
53562,85531,55481
53563,85531,55482
53564,85531,55483
53565,85531,55484
53566,85531,55485
53567,85531,55486
53568,85531,55487
53569,85531,55488
53570,85531,55489
53571,85531,55490
53572,85531,55491
53573,85531,55492
53574,85532,55320
53575,85532,55321
53576,85532,55322
53577,85532,55323
53578,85532,55324
53579,85532,55325
53580,85532,55326
53581,85532,55327
53582,85532,55328
53583,85532,55329
53584,85532,55330
53585,85532,55331
53586,85532,55332
53587,85532,55333
53588,85532,55334
53589,85532,55335
53590,85532,55336
53591,85532,55337
53592,85532,55338
53593,85532,55339
53594,85532,55340
53595,85532,55341
53596,85532,55342
53597,85532,55343
53598,85532,55344
53599,85532,55345
53600,85532,55346
53601,85532,55347
53602,85532,55348
53603,85532,55349
53604,85532,55350
53605,85532,55351
53606,85532,55352
53607,85532,55353
53608,85532,55354
53609,85532,55355
53610,85532,55356
53611,85532,55357
53612,85532,55358
53613,85532,55359
53614,85532,55360
53615,85532,55361
53616,85532,55362
53617,85532,55363
53618,85532,55364
53619,85532,55365
53620,85532,55366
53621,85532,55367
53622,85532,55368
53623,85532,55369
53624,85532,55370
53625,85532,55371
53626,85532,55372
53627,85532,55373
53628,85532,55374
53629,85532,55375
53630,85532,55376
53631,85532,55377
53632,85532,55378
53633,85532,55379
53634,85532,55380
53635,85532,55381
53636,85532,55382
53637,85532,55383
53638,85532,55384
53639,85532,55385
53640,85532,55386
53641,85532,55387
53642,85532,55388
53643,85532,55389
53644,85532,55390
53645,85532,55391
53646,85532,55392
53647,85532,55393
53648,85532,55394
53649,85532,55395
53650,85532,55396
53651,85532,55397
53652,85532,55398
53653,85532,55399
53654,85532,55400
53655,85532,55401
53656,85532,55402
53657,85532,55403
53658,85532,55404
53659,85532,55405
53660,85532,55406
53661,85532,55407
53662,85532,55408
53663,85532,55409
53664,85532,55410
53665,85532,55411
53666,85532,55412
53667,85532,55413
53668,85532,55414
53669,85532,55415
53670,85532,55416
53671,85532,55417
53672,85532,55418
53673,85532,55419
53674,85532,55420
53675,85532,55421
53676,85532,55422
53677,85532,55423
53678,85532,55424
53679,85532,55425
53680,85532,55426
53681,85532,55427
53682,85532,55428
53683,85532,55429
53684,85532,55430
53685,85532,55431
53686,85532,55432
53687,85532,55433
53688,85532,55434
53689,85532,55435
53690,85532,55436
53691,85532,55437
53692,85532,55438
53693,85532,55439
53694,85532,55440
53695,85532,55441
53696,85532,55442
53697,85532,55443
53698,85532,55444
53699,85532,55445
53700,85532,55446
53701,85532,55447
53702,85532,55448
53703,85532,55449
53704,85532,55450
53705,85532,55451
53706,85532,55452
53707,85532,55453
53708,85532,55454
53709,85532,55455
53710,85532,55456
53711,85532,55457
53712,85532,55458
53713,85532,55459
53714,85532,55460
53715,85532,55461
53716,85532,55462
53717,85532,55463
53718,85532,55464
53719,85532,55465
53720,85532,55466
53721,85532,55467
53722,85532,55468
53723,85532,55469
53724,85532,55470
53725,85532,55471
53726,85532,55472
53727,85532,55473
53728,85532,55474
53729,85532,55475
53730,85532,55476
53731,85532,55477
53732,85532,55478
53733,85532,55479
53734,85532,55480
53735,85532,55481
53736,85532,55482
53737,85532,55483
53738,85532,55484
53739,85532,55485
53740,85532,55486
53741,85532,55487
53742,85532,55488
53743,85532,55489
53744,85532,55490
53745,85532,55491
53746,85533,55320
53747,85533,55321
53748,85533,55322
53749,85533,55323
53750,85533,55324
53751,85533,55325
53752,85533,55326
53753,85533,55327
53754,85533,55328
53755,85533,55329
53756,85533,55330
53757,85533,55331
53758,85533,55332
53759,85533,55333
53760,85533,55334
53761,85533,55335
53762,85533,55336
53763,85533,55337
53764,85533,55338
53765,85533,55339
53766,85533,55340
53767,85533,55341
53768,85533,55342
53769,85533,55343
53770,85533,55344
53771,85533,55345
53772,85533,55346
53773,85533,55347
53774,85533,55348
53775,85533,55349
53776,85533,55350
53777,85533,55351
53778,85533,55352
53779,85533,55353
53780,85533,55354
53781,85533,55355
53782,85533,55356
53783,85533,55357
53784,85533,55358
53785,85533,55359
53786,85533,55360
53787,85533,55361
53788,85533,55362
53789,85533,55363
53790,85533,55364
53791,85533,55365
53792,85533,55366
53793,85533,55367
53794,85533,55368
53795,85533,55369
53796,85533,55370
53797,85533,55371
53798,85533,55372
53799,85533,55373
53800,85533,55374
53801,85533,55375
53802,85533,55376
53803,85533,55377
53804,85533,55378
53805,85533,55379
53806,85533,55380
53807,85533,55381
53808,85533,55382
53809,85533,55383
53810,85533,55384
53811,85533,55385
53812,85533,55386
53813,85533,55387
53814,85533,55388
53815,85533,55389
53816,85533,55390
53817,85533,55391
53818,85533,55392
53819,85533,55393
53820,85533,55394
53821,85533,55395
53822,85533,55396
53823,85533,55397
53824,85533,55398
53825,85533,55399
53826,85533,55400
53827,85533,55401
53828,85533,55402
53829,85533,55403
53830,85533,55404
53831,85533,55405
53832,85533,55406
53833,85533,55407
53834,85533,55408
53835,85533,55409
53836,85533,55410
53837,85533,55411
53838,85533,55412
53839,85533,55413
53840,85533,55414
53841,85533,55415
53842,85533,55416
53843,85533,55417
53844,85533,55418
53845,85533,55419
53846,85533,55420
53847,85533,55421
53848,85533,55422
53849,85533,55423
53850,85533,55424
53851,85533,55425
53852,85533,55426
53853,85533,55427
53854,85533,55428
53855,85533,55429
53856,85533,55430
53857,85533,55431
53858,85533,55432
53859,85533,55433
53860,85533,55434
53861,85533,55435
53862,85533,55436
53863,85533,55437
53864,85533,55438
53865,85533,55439
53866,85533,55440
53867,85533,55441
53868,85533,55442
53869,85533,55443
53870,85533,55444
53871,85533,55445
53872,85533,55446
53873,85533,55447
53874,85533,55448
53875,85533,55449
53876,85533,55450
53877,85533,55451
53878,85533,55452
53879,85533,55453
53880,85533,55454
53881,85533,55455
53882,85533,55456
53883,85533,55457
53884,85533,55458
53885,85533,55459
53886,85533,55460
53887,85533,55461
53888,85533,55462
53889,85533,55463
53890,85533,55464
53891,85533,55465
53892,85533,55466
53893,85533,55467
53894,85533,55468
53895,85533,55469
53896,85533,55470
53897,85533,55471
53898,85533,55472
53899,85533,55473
53900,85533,55474
53901,85533,55475
53902,85533,55476
53903,85533,55477
53904,85533,55478
53905,85533,55479
53906,85533,55480
53907,85533,55481
53908,85533,55482
53909,85533,55483
53910,85533,55484
53911,85533,55485
53912,85533,55486
53913,85533,55487
53914,85533,55488
53915,85533,55489
53916,85533,55490
53917,85533,55491
53918,85534,55320
53919,85534,55321
53920,85534,55322
53921,85534,55323
53922,85534,55324
53923,85534,55325
53924,85534,55326
53925,85534,55327
53926,85534,55328
53927,85534,55329
53928,85534,55330
53929,85534,55331
53930,85534,55332
53931,85534,55333
53932,85534,55334
53933,85534,55335
53934,85534,55336
53935,85534,55337
53936,85534,55338
53937,85534,55339
53938,85534,55340
53939,85534,55341
53940,85534,55342
53941,85534,55343
53942,85534,55344
53943,85534,55345
53944,85534,55346
53945,85534,55347
53946,85534,55348
53947,85534,55349
53948,85534,55350
53949,85534,55351
53950,85534,55352
53951,85534,55353
53952,85534,55354
53953,85534,55355
53954,85534,55356
53955,85534,55357
53956,85534,55358
53957,85534,55359
53958,85534,55360
53959,85534,55361
53960,85534,55362
53961,85534,55363
53962,85534,55364
53963,85534,55365
53964,85534,55366
53965,85534,55367
53966,85534,55368
53967,85534,55369
53968,85534,55370
53969,85534,55371
53970,85534,55372
53971,85534,55373
53972,85534,55374
53973,85534,55375
53974,85534,55376
53975,85534,55377
53976,85534,55378
53977,85534,55379
53978,85534,55380
53979,85534,55381
53980,85534,55382
53981,85534,55383
53982,85534,55384
53983,85534,55385
53984,85534,55386
53985,85534,55387
53986,85534,55388
53987,85534,55389
53988,85534,55390
53989,85534,55391
53990,85534,55392
53991,85534,55393
53992,85534,55394
53993,85534,55395
53994,85534,55396
53995,85534,55397
53996,85534,55398
53997,85534,55399
53998,85534,55400
53999,85534,55401
54000,85534,55402
54001,85534,55403
54002,85534,55404
54003,85534,55405
54004,85534,55406
54005,85534,55407
54006,85534,55408
54007,85534,55409
54008,85534,55410
54009,85534,55411
54010,85534,55412
54011,85534,55413
54012,85534,55414
54013,85534,55415
54014,85534,55416
54015,85534,55417
54016,85534,55418
54017,85534,55419
54018,85534,55420
54019,85534,55421
54020,85534,55422
54021,85534,55423
54022,85534,55424
54023,85534,55425
54024,85534,55426
54025,85534,55427
54026,85534,55428
54027,85534,55429
54028,85534,55430
54029,85534,55431
54030,85534,55432
54031,85534,55433
54032,85534,55434
54033,85534,55435
54034,85534,55436
54035,85534,55437
54036,85534,55438
54037,85534,55439
54038,85534,55440
54039,85534,55441
54040,85534,55442
54041,85534,55443
54042,85534,55444
54043,85534,55445
54044,85534,55446
54045,85534,55447
54046,85534,55448
54047,85534,55449
54048,85534,55450
54049,85534,55451
54050,85534,55452
54051,85534,55453
54052,85534,55454
54053,85534,55455
54054,85534,55456
54055,85534,55457
54056,85534,55458
54057,85534,55459
54058,85534,55460
54059,85534,55461
54060,85534,55462
54061,85534,55463
54062,85534,55464
54063,85534,55465
54064,85534,55466
54065,85534,55467
54066,85534,55468
54067,85534,55469
54068,85534,55470
54069,85534,55471
54070,85534,55472
54071,85534,55473
54072,85534,55474
54073,85534,55475
54074,85534,55476
54075,85534,55477
54076,85534,55478
54077,85534,55479
54078,85534,55480
54079,85534,55481
54080,85534,55482
54081,85534,55483
54082,85534,55484
54083,85534,55485
54084,85534,55486
54085,85534,55487
54086,85534,55488
54087,85534,55489
54088,85534,55490
54089,85535,55320
54090,85535,55321
54091,85535,55322
54092,85535,55323
54093,85535,55324
54094,85535,55325
54095,85535,55326
54096,85535,55327
54097,85535,55328
54098,85535,55329
54099,85535,55330
54100,85535,55331
54101,85535,55332
54102,85535,55333
54103,85535,55334
54104,85535,55335
54105,85535,55336
54106,85535,55337
54107,85535,55338
54108,85535,55339
54109,85535,55340
54110,85535,55341
54111,85535,55342
54112,85535,55343
54113,85535,55344
54114,85535,55345
54115,85535,55346
54116,85535,55347
54117,85535,55348
54118,85535,55349
54119,85535,55350
54120,85535,55351
54121,85535,55352
54122,85535,55353
54123,85535,55354
54124,85535,55355
54125,85535,55356
54126,85535,55357
54127,85535,55358
54128,85535,55359
54129,85535,55360
54130,85535,55361
54131,85535,55362
54132,85535,55363
54133,85535,55364
54134,85535,55365
54135,85535,55366
54136,85535,55367
54137,85535,55368
54138,85535,55369
54139,85535,55370
54140,85535,55371
54141,85535,55372
54142,85535,55373
54143,85535,55374
54144,85535,55375
54145,85535,55376
54146,85535,55377
54147,85535,55378
54148,85535,55379
54149,85535,55380
54150,85535,55381
54151,85535,55382
54152,85535,55383
54153,85535,55384
54154,85535,55385
54155,85535,55386
54156,85535,55387
54157,85535,55388
54158,85535,55389
54159,85535,55390
54160,85535,55391
54161,85535,55392
54162,85535,55393
54163,85535,55394
54164,85535,55395
54165,85535,55396
54166,85535,55397
54167,85535,55398
54168,85535,55399
54169,85535,55400
54170,85535,55401
54171,85535,55402
54172,85535,55403
54173,85535,55404
54174,85535,55405
54175,85535,55406
54176,85535,55407
54177,85535,55408
54178,85535,55409
54179,85535,55410
54180,85535,55411
54181,85535,55412
54182,85535,55413
54183,85535,55414
54184,85535,55415
54185,85535,55416
54186,85535,55417
54187,85535,55418
54188,85535,55419
54189,85535,55420
54190,85535,55421
54191,85535,55422
54192,85535,55423
54193,85535,55424
54194,85535,55425
54195,85535,55426
54196,85535,55427
54197,85535,55428
54198,85535,55429
54199,85535,55430
54200,85535,55431
54201,85535,55432
54202,85535,55433
54203,85535,55434
54204,85535,55435
54205,85535,55436
54206,85535,55437
54207,85535,55438
54208,85535,55439
54209,85535,55440
54210,85535,55441
54211,85535,55442
54212,85535,55443
54213,85535,55444
54214,85535,55445
54215,85535,55446
54216,85535,55447
54217,85535,55448
54218,85535,55449
54219,85535,55450
54220,85535,55451
54221,85535,55452
54222,85535,55453
54223,85535,55454
54224,85535,55455
54225,85535,55456
54226,85535,55457
54227,85535,55458
54228,85535,55459
54229,85535,55460
54230,85535,55461
54231,85535,55462
54232,85535,55463
54233,85535,55464
54234,85535,55465
54235,85535,55466
54236,85535,55467
54237,85535,55468
54238,85535,55469
54239,85535,55470
54240,85535,55471
54241,85535,55472
54242,85535,55473
54243,85535,55474
54244,85535,55475
54245,85535,55476
54246,85535,55477
54247,85535,55478
54248,85535,55479
54249,85535,55480
54250,85535,55481
54251,85535,55482
54252,85535,55483
54253,85535,55484
54254,85535,55485
54255,85535,55486
54256,85535,55487
54257,85535,55488
54258,85535,55489
54259,85535,55490
54260,85536,55320
54261,85536,55321
54262,85536,55322
54263,85536,55323
54264,85536,55324
54265,85536,55325
54266,85536,55326
54267,85536,55327
54268,85536,55328
54269,85536,55329
54270,85536,55330
54271,85536,55331
54272,85536,55332
54273,85536,55333
54274,85536,55334
54275,85536,55335
54276,85536,55336
54277,85536,55337
54278,85536,55338
54279,85536,55339
54280,85536,55340
54281,85536,55341
54282,85536,55342
54283,85536,55343
54284,85536,55344
54285,85536,55345
54286,85536,55346
54287,85536,55347
54288,85536,55348
54289,85536,55349
54290,85536,55350
54291,85536,55351
54292,85536,55352
54293,85536,55353
54294,85536,55354
54295,85536,55355
54296,85536,55356
54297,85536,55357
54298,85536,55358
54299,85536,55359
54300,85536,55360
54301,85536,55361
54302,85536,55362
54303,85536,55363
54304,85536,55364
54305,85536,55365
54306,85536,55366
54307,85536,55367
54308,85536,55368
54309,85536,55369
54310,85536,55370
54311,85536,55371
54312,85536,55372
54313,85536,55373
54314,85536,55374
54315,85536,55375
54316,85536,55376
54317,85536,55377
54318,85536,55378
54319,85536,55379
54320,85536,55380
54321,85536,55381
54322,85536,55382
54323,85536,55383
54324,85536,55384
54325,85536,55385
54326,85536,55386
54327,85536,55387
54328,85536,55388
54329,85536,55389
54330,85536,55390
54331,85536,55391
54332,85536,55392
54333,85536,55393
54334,85536,55394
54335,85536,55395
54336,85536,55396
54337,85536,55397
54338,85536,55398
54339,85536,55399
54340,85536,55400
54341,85536,55401
54342,85536,55402
54343,85536,55403
54344,85536,55404
54345,85536,55405
54346,85536,55406
54347,85536,55407
54348,85536,55408
54349,85536,55409
54350,85536,55410
54351,85536,55411
54352,85536,55412
54353,85536,55413
54354,85536,55414
54355,85536,55415
54356,85536,55416
54357,85536,55417
54358,85536,55418
54359,85536,55419
54360,85536,55420
54361,85536,55421
54362,85536,55422
54363,85536,55423
54364,85536,55424
54365,85536,55425
54366,85536,55426
54367,85536,55427
54368,85536,55428
54369,85536,55429
54370,85536,55430
54371,85536,55431
54372,85536,55432
54373,85536,55433
54374,85536,55434
54375,85536,55435
54376,85536,55436
54377,85536,55437
54378,85536,55438
54379,85536,55439
54380,85536,55440
54381,85536,55441
54382,85536,55442
54383,85536,55443
54384,85536,55444
54385,85536,55445
54386,85536,55446
54387,85536,55447
54388,85536,55448
54389,85536,55449
54390,85536,55450
54391,85536,55451
54392,85536,55452
54393,85536,55453
54394,85536,55454
54395,85536,55455
54396,85536,55456
54397,85536,55457
54398,85536,55458
54399,85536,55459
54400,85536,55460
54401,85536,55461
54402,85536,55462
54403,85536,55463
54404,85536,55464
54405,85536,55465
54406,85536,55466
54407,85536,55467
54408,85536,55468
54409,85536,55469
54410,85536,55470
54411,85536,55471
54412,85536,55472
54413,85536,55473
54414,85536,55474
54415,85536,55475
54416,85536,55476
54417,85536,55477
54418,85536,55478
54419,85536,55479
54420,85536,55480
54421,85536,55481
54422,85536,55482
54423,85536,55483
54424,85536,55484
54425,85536,55485
54426,85536,55486
54427,85536,55487
54428,85536,55488
54429,85536,55489
54430,85537,55320
54431,85537,55321
54432,85537,55322
54433,85537,55323
54434,85537,55324
54435,85537,55325
54436,85537,55326
54437,85537,55327
54438,85537,55328
54439,85537,55329
54440,85537,55330
54441,85537,55331
54442,85537,55332
54443,85537,55333
54444,85537,55334
54445,85537,55335
54446,85537,55336
54447,85537,55337
54448,85537,55338
54449,85537,55339
54450,85537,55340
54451,85537,55341
54452,85537,55342
54453,85537,55343
54454,85537,55344
54455,85537,55345
54456,85537,55346
54457,85537,55347
54458,85537,55348
54459,85537,55349
54460,85537,55350
54461,85537,55351
54462,85537,55352
54463,85537,55353
54464,85537,55354
54465,85537,55355
54466,85537,55356
54467,85537,55357
54468,85537,55358
54469,85537,55359
54470,85537,55360
54471,85537,55361
54472,85537,55362
54473,85537,55363
54474,85537,55364
54475,85537,55365
54476,85537,55366
54477,85537,55367
54478,85537,55368
54479,85537,55369
54480,85537,55370
54481,85537,55371
54482,85537,55372
54483,85537,55373
54484,85537,55374
54485,85537,55375
54486,85537,55376
54487,85537,55377
54488,85537,55378
54489,85537,55379
54490,85537,55380
54491,85537,55381
54492,85537,55382
54493,85537,55383
54494,85537,55384
54495,85537,55385
54496,85537,55386
54497,85537,55387
54498,85537,55388
54499,85537,55389
54500,85537,55390
54501,85537,55391
54502,85537,55392
54503,85537,55393
54504,85537,55394
54505,85537,55395
54506,85537,55396
54507,85537,55397
54508,85537,55398
54509,85537,55399
54510,85537,55400
54511,85537,55401
54512,85537,55402
54513,85537,55403
54514,85537,55404
54515,85537,55405
54516,85537,55406
54517,85537,55407
54518,85537,55408
54519,85537,55409
54520,85537,55410
54521,85537,55411
54522,85537,55412
54523,85537,55413
54524,85537,55414
54525,85537,55415
54526,85537,55416
54527,85537,55417
54528,85537,55418
54529,85537,55419
54530,85537,55420
54531,85537,55421
54532,85537,55422
54533,85537,55423
54534,85537,55424
54535,85537,55425
54536,85537,55426
54537,85537,55427
54538,85537,55428
54539,85537,55429
54540,85537,55430
54541,85537,55431
54542,85537,55432
54543,85537,55433
54544,85537,55434
54545,85537,55435
54546,85537,55436
54547,85537,55437
54548,85537,55438
54549,85537,55439
54550,85537,55440
54551,85537,55441
54552,85537,55442
54553,85537,55443
54554,85537,55444
54555,85537,55445
54556,85537,55446
54557,85537,55447
54558,85537,55448
54559,85537,55449
54560,85537,55450
54561,85537,55451
54562,85537,55452
54563,85537,55453
54564,85537,55454
54565,85537,55455
54566,85537,55456
54567,85537,55457
54568,85537,55458
54569,85537,55459
54570,85537,55460
54571,85537,55461
54572,85537,55462
54573,85537,55463
54574,85537,55464
54575,85537,55465
54576,85537,55466
54577,85537,55467
54578,85537,55468
54579,85537,55469
54580,85537,55470
54581,85537,55471
54582,85537,55472
54583,85537,55473
54584,85537,55474
54585,85537,55475
54586,85537,55476
54587,85537,55477
54588,85537,55478
54589,85537,55479
54590,85537,55480
54591,85537,55481
54592,85537,55482
54593,85537,55483
54594,85537,55484
54595,85537,55485
54596,85537,55486
54597,85537,55487
54598,85537,55488
54599,85538,55320
54600,85538,55321
54601,85538,55322
54602,85538,55323
54603,85538,55324
54604,85538,55325
54605,85538,55326
54606,85538,55327
54607,85538,55328
54608,85538,55329
54609,85538,55330
54610,85538,55331
54611,85538,55332
54612,85538,55333
54613,85538,55334
54614,85538,55335
54615,85538,55336
54616,85538,55337
54617,85538,55338
54618,85538,55339
54619,85538,55340
54620,85538,55341
54621,85538,55342
54622,85538,55343
54623,85538,55344
54624,85538,55345
54625,85538,55346
54626,85538,55347
54627,85538,55348
54628,85538,55349
54629,85538,55350
54630,85538,55351
54631,85538,55352
54632,85538,55353
54633,85538,55354
54634,85538,55355
54635,85538,55356
54636,85538,55357
54637,85538,55358
54638,85538,55359
54639,85538,55360
54640,85538,55361
54641,85538,55362
54642,85538,55363
54643,85538,55364
54644,85538,55365
54645,85538,55366
54646,85538,55367
54647,85538,55368
54648,85538,55369
54649,85538,55370
54650,85538,55371
54651,85538,55372
54652,85538,55373
54653,85538,55374
54654,85538,55375
54655,85538,55376
54656,85538,55377
54657,85538,55378
54658,85538,55379
54659,85538,55380
54660,85538,55381
54661,85538,55382
54662,85538,55383
54663,85538,55384
54664,85538,55385
54665,85538,55386
54666,85538,55387
54667,85538,55388
54668,85538,55389
54669,85538,55390
54670,85538,55391
54671,85538,55392
54672,85538,55393
54673,85538,55394
54674,85538,55395
54675,85538,55396
54676,85538,55397
54677,85538,55398
54678,85538,55399
54679,85538,55400
54680,85538,55401
54681,85538,55402
54682,85538,55403
54683,85538,55404
54684,85538,55405
54685,85538,55406
54686,85538,55407
54687,85538,55408
54688,85538,55409
54689,85538,55410
54690,85538,55411
54691,85538,55412
54692,85538,55413
54693,85538,55414
54694,85538,55415
54695,85538,55416
54696,85538,55417
54697,85538,55418
54698,85538,55419
54699,85538,55420
54700,85538,55421
54701,85538,55422
54702,85538,55423
54703,85538,55424
54704,85538,55425
54705,85538,55426
54706,85538,55427
54707,85538,55428
54708,85538,55429
54709,85538,55430
54710,85538,55431
54711,85538,55432
54712,85538,55433
54713,85538,55434
54714,85538,55435
54715,85538,55436
54716,85538,55437
54717,85538,55438
54718,85538,55439
54719,85538,55440
54720,85538,55441
54721,85538,55442
54722,85538,55443
54723,85538,55444
54724,85538,55445
54725,85538,55446
54726,85538,55447
54727,85538,55448
54728,85538,55449
54729,85538,55450
54730,85538,55451
54731,85538,55452
54732,85538,55453
54733,85538,55454
54734,85538,55455
54735,85538,55456
54736,85538,55457
54737,85538,55458
54738,85538,55459
54739,85538,55460
54740,85538,55461
54741,85538,55462
54742,85538,55463
54743,85538,55464
54744,85538,55465
54745,85538,55466
54746,85538,55467
54747,85538,55468
54748,85538,55469
54749,85538,55470
54750,85538,55471
54751,85538,55472
54752,85538,55473
54753,85538,55474
54754,85538,55475
54755,85538,55476
54756,85538,55477
54757,85538,55478
54758,85538,55479
54759,85538,55480
54760,85538,55481
54761,85538,55482
54762,85538,55483
54763,85538,55484
54764,85538,55485
54765,85538,55486
54766,85538,55487
54767,85539,55320
54768,85539,55321
54769,85539,55322
54770,85539,55323
54771,85539,55324
54772,85539,55325
54773,85539,55326
54774,85539,55327
54775,85539,55328
54776,85539,55329
54777,85539,55330
54778,85539,55331
54779,85539,55332
54780,85539,55333
54781,85539,55334
54782,85539,55335
54783,85539,55336
54784,85539,55337
54785,85539,55338
54786,85539,55339
54787,85539,55340
54788,85539,55341
54789,85539,55342
54790,85539,55343
54791,85539,55344
54792,85539,55345
54793,85539,55346
54794,85539,55347
54795,85539,55348
54796,85539,55349
54797,85539,55350
54798,85539,55351
54799,85539,55352
54800,85539,55353
54801,85539,55354
54802,85539,55355
54803,85539,55356
54804,85539,55357
54805,85539,55358
54806,85539,55359
54807,85539,55360
54808,85539,55361
54809,85539,55362
54810,85539,55363
54811,85539,55364
54812,85539,55365
54813,85539,55366
54814,85539,55367
54815,85539,55368
54816,85539,55369
54817,85539,55370
54818,85539,55371
54819,85539,55372
54820,85539,55373
54821,85539,55374
54822,85539,55375
54823,85539,55376
54824,85539,55377
54825,85539,55378
54826,85539,55379
54827,85539,55380
54828,85539,55381
54829,85539,55382
54830,85539,55383
54831,85539,55384
54832,85539,55385
54833,85539,55386
54834,85539,55387
54835,85539,55388
54836,85539,55389
54837,85539,55390
54838,85539,55391
54839,85539,55392
54840,85539,55393
54841,85539,55394
54842,85539,55395
54843,85539,55396
54844,85539,55397
54845,85539,55398
54846,85539,55399
54847,85539,55400
54848,85539,55401
54849,85539,55402
54850,85539,55403
54851,85539,55404
54852,85539,55405
54853,85539,55406
54854,85539,55407
54855,85539,55408
54856,85539,55409
54857,85539,55410
54858,85539,55411
54859,85539,55412
54860,85539,55413
54861,85539,55414
54862,85539,55415
54863,85539,55416
54864,85539,55417
54865,85539,55418
54866,85539,55419
54867,85539,55420
54868,85539,55421
54869,85539,55422
54870,85539,55423
54871,85539,55424
54872,85539,55425
54873,85539,55426
54874,85539,55427
54875,85539,55428
54876,85539,55429
54877,85539,55430
54878,85539,55431
54879,85539,55432
54880,85539,55433
54881,85539,55434
54882,85539,55435
54883,85539,55436
54884,85539,55437
54885,85539,55438
54886,85539,55439
54887,85539,55440
54888,85539,55441
54889,85539,55442
54890,85539,55443
54891,85539,55444
54892,85539,55445
54893,85539,55446
54894,85539,55447
54895,85539,55448
54896,85539,55449
54897,85539,55450
54898,85539,55451
54899,85539,55452
54900,85539,55453
54901,85539,55454
54902,85539,55455
54903,85539,55456
54904,85539,55457
54905,85539,55458
54906,85539,55459
54907,85539,55460
54908,85539,55461
54909,85539,55462
54910,85539,55463
54911,85539,55464
54912,85539,55465
54913,85539,55466
54914,85539,55467
54915,85539,55468
54916,85539,55469
54917,85539,55470
54918,85539,55471
54919,85539,55472
54920,85539,55473
54921,85539,55474
54922,85539,55475
54923,85539,55476
54924,85539,55477
54925,85539,55478
54926,85539,55479
54927,85539,55480
54928,85539,55481
54929,85539,55482
54930,85539,55483
54931,85539,55484
54932,85539,55485
54933,85539,55486
54934,85539,55487
54935,85540,55320
54936,85540,55321
54937,85540,55322
54938,85540,55323
54939,85540,55324
54940,85540,55325
54941,85540,55326
54942,85540,55327
54943,85540,55328
54944,85540,55329
54945,85540,55330
54946,85540,55331
54947,85540,55332
54948,85540,55333
54949,85540,55334
54950,85540,55335
54951,85540,55336
54952,85540,55337
54953,85540,55338
54954,85540,55339
54955,85540,55340
54956,85540,55341
54957,85540,55342
54958,85540,55343
54959,85540,55344
54960,85540,55345
54961,85540,55346
54962,85540,55347
54963,85540,55348
54964,85540,55349
54965,85540,55350
54966,85540,55351
54967,85540,55352
54968,85540,55353
54969,85540,55354
54970,85540,55355
54971,85540,55356
54972,85540,55357
54973,85540,55358
54974,85540,55359
54975,85540,55360
54976,85540,55361
54977,85540,55362
54978,85540,55363
54979,85540,55364
54980,85540,55365
54981,85540,55366
54982,85540,55367
54983,85540,55368
54984,85540,55369
54985,85540,55370
54986,85540,55371
54987,85540,55372
54988,85540,55373
54989,85540,55374
54990,85540,55375
54991,85540,55376
54992,85540,55377
54993,85540,55378
54994,85540,55379
54995,85540,55380
54996,85540,55381
54997,85540,55382
54998,85540,55383
54999,85540,55384
55000,85540,55385
55001,85540,55386
55002,85540,55387
55003,85540,55388
55004,85540,55389
55005,85540,55390
55006,85540,55391
55007,85540,55392
55008,85540,55393
55009,85540,55394
55010,85540,55395
55011,85540,55396
55012,85540,55397
55013,85540,55398
55014,85540,55399
55015,85540,55400
55016,85540,55401
55017,85540,55402
55018,85540,55403
55019,85540,55404
55020,85540,55405
55021,85540,55406
55022,85540,55407
55023,85540,55408
55024,85540,55409
55025,85540,55410
55026,85540,55411
55027,85540,55412
55028,85540,55413
55029,85540,55414
55030,85540,55415
55031,85540,55416
55032,85540,55417
55033,85540,55418
55034,85540,55419
55035,85540,55420
55036,85540,55421
55037,85540,55422
55038,85540,55423
55039,85540,55424
55040,85540,55425
55041,85540,55426
55042,85540,55427
55043,85540,55428
55044,85540,55429
55045,85540,55430
55046,85540,55431
55047,85540,55432
55048,85540,55433
55049,85540,55434
55050,85540,55435
55051,85540,55436
55052,85540,55437
55053,85540,55438
55054,85540,55439
55055,85540,55440
55056,85540,55441
55057,85540,55442
55058,85540,55443
55059,85540,55444
55060,85540,55445
55061,85540,55446
55062,85540,55447
55063,85540,55448
55064,85540,55449
55065,85540,55450
55066,85540,55451
55067,85540,55452
55068,85540,55453
55069,85540,55454
55070,85540,55455
55071,85540,55456
55072,85540,55457
55073,85540,55458
55074,85540,55459
55075,85540,55460
55076,85540,55461
55077,85540,55462
55078,85540,55463
55079,85540,55464
55080,85540,55465
55081,85540,55466
55082,85540,55467
55083,85540,55468
55084,85540,55469
55085,85540,55470
55086,85540,55471
55087,85540,55472
55088,85540,55473
55089,85540,55474
55090,85540,55475
55091,85540,55476
55092,85540,55477
55093,85540,55478
55094,85540,55479
55095,85540,55480
55096,85540,55481
55097,85540,55482
55098,85540,55483
55099,85540,55484
55100,85540,55485
55101,85540,55486
55102,85541,55320
55103,85541,55321
55104,85541,55322
55105,85541,55323
55106,85541,55324
55107,85541,55325
55108,85541,55326
55109,85541,55327
55110,85541,55328
55111,85541,55329
55112,85541,55330
55113,85541,55331
55114,85541,55332
55115,85541,55333
55116,85541,55334
55117,85541,55335
55118,85541,55336
55119,85541,55337
55120,85541,55338
55121,85541,55339
55122,85541,55340
55123,85541,55341
55124,85541,55342
55125,85541,55343
55126,85541,55344
55127,85541,55345
55128,85541,55346
55129,85541,55347
55130,85541,55348
55131,85541,55349
55132,85541,55350
55133,85541,55351
55134,85541,55352
55135,85541,55353
55136,85541,55354
55137,85541,55355
55138,85541,55356
55139,85541,55357
55140,85541,55358
55141,85541,55359
55142,85541,55360
55143,85541,55361
55144,85541,55362
55145,85541,55363
55146,85541,55364
55147,85541,55365
55148,85541,55366
55149,85541,55367
55150,85541,55368
55151,85541,55369
55152,85541,55370
55153,85541,55371
55154,85541,55372
55155,85541,55373
55156,85541,55374
55157,85541,55375
55158,85541,55376
55159,85541,55377
55160,85541,55378
55161,85541,55379
55162,85541,55380
55163,85541,55381
55164,85541,55382
55165,85541,55383
55166,85541,55384
55167,85541,55385
55168,85541,55386
55169,85541,55387
55170,85541,55388
55171,85541,55389
55172,85541,55390
55173,85541,55391
55174,85541,55392
55175,85541,55393
55176,85541,55394
55177,85541,55395
55178,85541,55396
55179,85541,55397
55180,85541,55398
55181,85541,55399
55182,85541,55400
55183,85541,55401
55184,85541,55402
55185,85541,55403
55186,85541,55404
55187,85541,55405
55188,85541,55406
55189,85541,55407
55190,85541,55408
55191,85541,55409
55192,85541,55410
55193,85541,55411
55194,85541,55412
55195,85541,55413
55196,85541,55414
55197,85541,55415
55198,85541,55416
55199,85541,55417
55200,85541,55418
55201,85541,55419
55202,85541,55420
55203,85541,55421
55204,85541,55422
55205,85541,55423
55206,85541,55424
55207,85541,55425
55208,85541,55426
55209,85541,55427
55210,85541,55428
55211,85541,55429
55212,85541,55430
55213,85541,55431
55214,85541,55432
55215,85541,55433
55216,85541,55434
55217,85541,55435
55218,85541,55436
55219,85541,55437
55220,85541,55438
55221,85541,55439
55222,85541,55440
55223,85541,55441
55224,85541,55442
55225,85541,55443
55226,85541,55444
55227,85541,55445
55228,85541,55446
55229,85541,55447
55230,85541,55448
55231,85541,55449
55232,85541,55450
55233,85541,55451
55234,85541,55452
55235,85541,55453
55236,85541,55454
55237,85541,55455
55238,85541,55456
55239,85541,55457
55240,85541,55458
55241,85541,55459
55242,85541,55460
55243,85541,55461
55244,85541,55462
55245,85541,55463
55246,85541,55464
55247,85541,55465
55248,85541,55466
55249,85541,55467
55250,85541,55468
55251,85541,55469
55252,85541,55470
55253,85541,55471
55254,85541,55472
55255,85541,55473
55256,85541,55474
55257,85541,55475
55258,85541,55476
55259,85541,55477
55260,85541,55478
55261,85541,55479
55262,85541,55480
55263,85541,55481
55264,85541,55482
55265,85541,55483
55266,85541,55484
55267,85541,55485
55268,85542,55320
55269,85542,55321
55270,85542,55322
55271,85542,55323
55272,85542,55324
55273,85542,55325
55274,85542,55326
55275,85542,55327
55276,85542,55328
55277,85542,55329
55278,85542,55330
55279,85542,55331
55280,85542,55332
55281,85542,55333
55282,85542,55334
55283,85542,55335
55284,85542,55336
55285,85542,55337
55286,85542,55338
55287,85542,55339
55288,85542,55340
55289,85542,55341
55290,85542,55342
55291,85542,55343
55292,85542,55344
55293,85542,55345
55294,85542,55346
55295,85542,55347
55296,85542,55348
55297,85542,55349
55298,85542,55350
55299,85542,55351
55300,85542,55352
55301,85542,55353
55302,85542,55354
55303,85542,55355
55304,85542,55356
55305,85542,55357
55306,85542,55358
55307,85542,55359
55308,85542,55360
55309,85542,55361
55310,85542,55362
55311,85542,55363
55312,85542,55364
55313,85542,55365
55314,85542,55366
55315,85542,55367
55316,85542,55368
55317,85542,55369
55318,85542,55370
55319,85542,55371
55320,85542,55372
55321,85542,55373
55322,85542,55374
55323,85542,55375
55324,85542,55376
55325,85542,55377
55326,85542,55378
55327,85542,55379
55328,85542,55380
55329,85542,55381
55330,85542,55382
55331,85542,55383
55332,85542,55384
55333,85542,55385
55334,85542,55386
55335,85542,55387
55336,85542,55388
55337,85542,55389
55338,85542,55390
55339,85542,55391
55340,85542,55392
55341,85542,55393
55342,85542,55394
55343,85542,55395
55344,85542,55396
55345,85542,55397
55346,85542,55398
55347,85542,55399
55348,85542,55400
55349,85542,55401
55350,85542,55402
55351,85542,55403
55352,85542,55404
55353,85542,55405
55354,85542,55406
55355,85542,55407
55356,85542,55408
55357,85542,55409
55358,85542,55410
55359,85542,55411
55360,85542,55412
55361,85542,55413
55362,85542,55414
55363,85542,55415
55364,85542,55416
55365,85542,55417
55366,85542,55418
55367,85542,55419
55368,85542,55420
55369,85542,55421
55370,85542,55422
55371,85542,55423
55372,85542,55424
55373,85542,55425
55374,85542,55426
55375,85542,55427
55376,85542,55428
55377,85542,55429
55378,85542,55430
55379,85542,55431
55380,85542,55432
55381,85542,55433
55382,85542,55434
55383,85542,55435
55384,85542,55436
55385,85542,55437
55386,85542,55438
55387,85542,55439
55388,85542,55440
55389,85542,55441
55390,85542,55442
55391,85542,55443
55392,85542,55444
55393,85542,55445
55394,85542,55446
55395,85542,55447
55396,85542,55448
55397,85542,55449
55398,85542,55450
55399,85542,55451
55400,85542,55452
55401,85542,55453
55402,85542,55454
55403,85542,55455
55404,85542,55456
55405,85542,55457
55406,85542,55458
55407,85542,55459
55408,85542,55460
55409,85542,55461
55410,85542,55462
55411,85542,55463
55412,85542,55464
55413,85542,55465
55414,85542,55466
55415,85542,55467
55416,85542,55468
55417,85542,55469
55418,85542,55470
55419,85542,55471
55420,85542,55472
55421,85542,55473
55422,85542,55474
55423,85542,55475
55424,85542,55476
55425,85542,55477
55426,85542,55478
55427,85542,55479
55428,85542,55480
55429,85542,55481
55430,85542,55482
55431,85542,55483
55432,85542,55484
55433,85542,55485
55434,85542,55487
55435,85543,55320
55436,85543,55321
55437,85543,55322
55438,85543,55323
55439,85543,55324
55440,85543,55325
55441,85543,55326
55442,85543,55327
55443,85543,55328
55444,85543,55329
55445,85543,55330
55446,85543,55331
55447,85543,55332
55448,85543,55333
55449,85543,55334
55450,85543,55335
55451,85543,55336
55452,85543,55337
55453,85543,55338
55454,85543,55339
55455,85543,55340
55456,85543,55341
55457,85543,55342
55458,85543,55343
55459,85543,55344
55460,85543,55345
55461,85543,55346
55462,85543,55347
55463,85543,55348
55464,85543,55349
55465,85543,55350
55466,85543,55351
55467,85543,55352
55468,85543,55353
55469,85543,55354
55470,85543,55355
55471,85543,55356
55472,85543,55357
55473,85543,55358
55474,85543,55359
55475,85543,55360
55476,85543,55361
55477,85543,55362
55478,85543,55363
55479,85543,55364
55480,85543,55365
55481,85543,55366
55482,85543,55367
55483,85543,55368
55484,85543,55369
55485,85543,55370
55486,85543,55371
55487,85543,55372
55488,85543,55373
55489,85543,55374
55490,85543,55375
55491,85543,55376
55492,85543,55377
55493,85543,55378
55494,85543,55379
55495,85543,55380
55496,85543,55381
55497,85543,55382
55498,85543,55383
55499,85543,55384
55500,85543,55385
55501,85543,55386
55502,85543,55387
55503,85543,55388
55504,85543,55389
55505,85543,55390
55506,85543,55391
55507,85543,55392
55508,85543,55393
55509,85543,55394
55510,85543,55395
55511,85543,55396
55512,85543,55397
55513,85543,55398
55514,85543,55399
55515,85543,55400
55516,85543,55401
55517,85543,55402
55518,85543,55403
55519,85543,55404
55520,85543,55405
55521,85543,55406
55522,85543,55407
55523,85543,55408
55524,85543,55409
55525,85543,55410
55526,85543,55411
55527,85543,55412
55528,85543,55413
55529,85543,55414
55530,85543,55415
55531,85543,55416
55532,85543,55417
55533,85543,55418
55534,85543,55419
55535,85543,55420
55536,85543,55421
55537,85543,55422
55538,85543,55423
55539,85543,55424
55540,85543,55425
55541,85543,55426
55542,85543,55427
55543,85543,55428
55544,85543,55429
55545,85543,55430
55546,85543,55431
55547,85543,55432
55548,85543,55433
55549,85543,55434
55550,85543,55435
55551,85543,55436
55552,85543,55437
55553,85543,55438
55554,85543,55439
55555,85543,55440
55556,85543,55441
55557,85543,55442
55558,85543,55443
55559,85543,55444
55560,85543,55445
55561,85543,55446
55562,85543,55447
55563,85543,55448
55564,85543,55449
55565,85543,55450
55566,85543,55451
55567,85543,55452
55568,85543,55453
55569,85543,55454
55570,85543,55455
55571,85543,55456
55572,85543,55457
55573,85543,55458
55574,85543,55459
55575,85543,55460
55576,85543,55461
55577,85543,55462
55578,85543,55463
55579,85543,55464
55580,85543,55465
55581,85543,55466
55582,85543,55467
55583,85543,55468
55584,85543,55469
55585,85543,55470
55586,85543,55471
55587,85543,55472
55588,85543,55473
55589,85543,55474
55590,85543,55475
55591,85543,55476
55592,85543,55477
55593,85543,55478
55594,85543,55479
55595,85543,55480
55596,85543,55481
55597,85543,55482
55598,85543,55483
55599,85543,55485
55600,85543,55486
55601,85543,55487
55602,85544,55320
55603,85544,55321
55604,85544,55322
55605,85544,55323
55606,85544,55324
55607,85544,55325
55608,85544,55326
55609,85544,55327
55610,85544,55328
55611,85544,55329
55612,85544,55330
55613,85544,55331
55614,85544,55332
55615,85544,55333
55616,85544,55334
55617,85544,55335
55618,85544,55336
55619,85544,55337
55620,85544,55338
55621,85544,55339
55622,85544,55340
55623,85544,55341
55624,85544,55342
55625,85544,55343
55626,85544,55344
55627,85544,55345
55628,85544,55346
55629,85544,55347
55630,85544,55348
55631,85544,55349
55632,85544,55350
55633,85544,55351
55634,85544,55352
55635,85544,55353
55636,85544,55354
55637,85544,55355
55638,85544,55356
55639,85544,55357
55640,85544,55358
55641,85544,55359
55642,85544,55360
55643,85544,55361
55644,85544,55362
55645,85544,55363
55646,85544,55364
55647,85544,55365
55648,85544,55366
55649,85544,55367
55650,85544,55368
55651,85544,55369
55652,85544,55370
55653,85544,55371
55654,85544,55372
55655,85544,55373
55656,85544,55374
55657,85544,55375
55658,85544,55376
55659,85544,55377
55660,85544,55378
55661,85544,55379
55662,85544,55380
55663,85544,55381
55664,85544,55382
55665,85544,55383
55666,85544,55384
55667,85544,55385
55668,85544,55386
55669,85544,55387
55670,85544,55388
55671,85544,55389
55672,85544,55390
55673,85544,55391
55674,85544,55392
55675,85544,55393
55676,85544,55394
55677,85544,55395
55678,85544,55396
55679,85544,55397
55680,85544,55398
55681,85544,55399
55682,85544,55400
55683,85544,55401
55684,85544,55402
55685,85544,55403
55686,85544,55404
55687,85544,55405
55688,85544,55406
55689,85544,55407
55690,85544,55408
55691,85544,55409
55692,85544,55410
55693,85544,55411
55694,85544,55412
55695,85544,55413
55696,85544,55414
55697,85544,55415
55698,85544,55416
55699,85544,55417
55700,85544,55418
55701,85544,55419
55702,85544,55420
55703,85544,55421
55704,85544,55422
55705,85544,55423
55706,85544,55424
55707,85544,55425
55708,85544,55426
55709,85544,55427
55710,85544,55428
55711,85544,55429
55712,85544,55430
55713,85544,55431
55714,85544,55432
55715,85544,55433
55716,85544,55434
55717,85544,55435
55718,85544,55436
55719,85544,55437
55720,85544,55438
55721,85544,55439
55722,85544,55440
55723,85544,55441
55724,85544,55442
55725,85544,55443
55726,85544,55444
55727,85544,55445
55728,85544,55446
55729,85544,55447
55730,85544,55448
55731,85544,55449
55732,85544,55450
55733,85544,55451
55734,85544,55452
55735,85544,55453
55736,85544,55454
55737,85544,55455
55738,85544,55456
55739,85544,55457
55740,85544,55458
55741,85544,55459
55742,85544,55460
55743,85544,55461
55744,85544,55462
55745,85544,55463
55746,85544,55464
55747,85544,55465
55748,85544,55466
55749,85544,55467
55750,85544,55468
55751,85544,55469
55752,85544,55470
55753,85544,55471
55754,85544,55472
55755,85544,55473
55756,85544,55474
55757,85544,55475
55758,85544,55476
55759,85544,55477
55760,85544,55478
55761,85544,55479
55762,85544,55480
55763,85544,55481
55764,85544,55482
55765,85545,55320
55766,85545,55321
55767,85545,55322
55768,85545,55323
55769,85545,55324
55770,85545,55325
55771,85545,55326
55772,85545,55327
55773,85545,55328
55774,85545,55329
55775,85545,55330
55776,85545,55331
55777,85545,55332
55778,85545,55333
55779,85545,55334
55780,85545,55335
55781,85545,55336
55782,85545,55337
55783,85545,55338
55784,85545,55339
55785,85545,55340
55786,85545,55341
55787,85545,55342
55788,85545,55343
55789,85545,55344
55790,85545,55345
55791,85545,55346
55792,85545,55347
55793,85545,55348
55794,85545,55349
55795,85545,55350
55796,85545,55351
55797,85545,55352
55798,85545,55353
55799,85545,55354
55800,85545,55355
55801,85545,55356
55802,85545,55357
55803,85545,55358
55804,85545,55359
55805,85545,55360
55806,85545,55361
55807,85545,55362
55808,85545,55363
55809,85545,55364
55810,85545,55365
55811,85545,55366
55812,85545,55367
55813,85545,55368
55814,85545,55369
55815,85545,55370
55816,85545,55371
55817,85545,55372
55818,85545,55373
55819,85545,55374
55820,85545,55375
55821,85545,55376
55822,85545,55377
55823,85545,55378
55824,85545,55379
55825,85545,55380
55826,85545,55381
55827,85545,55382
55828,85545,55383
55829,85545,55384
55830,85545,55385
55831,85545,55386
55832,85545,55387
55833,85545,55388
55834,85545,55389
55835,85545,55390
55836,85545,55391
55837,85545,55392
55838,85545,55393
55839,85545,55394
55840,85545,55395
55841,85545,55396
55842,85545,55397
55843,85545,55398
55844,85545,55399
55845,85545,55400
55846,85545,55401
55847,85545,55402
55848,85545,55403
55849,85545,55404
55850,85545,55405
55851,85545,55406
55852,85545,55407
55853,85545,55408
55854,85545,55409
55855,85545,55410
55856,85545,55411
55857,85545,55412
55858,85545,55413
55859,85545,55414
55860,85545,55415
55861,85545,55416
55862,85545,55417
55863,85545,55418
55864,85545,55419
55865,85545,55420
55866,85545,55421
55867,85545,55422
55868,85545,55423
55869,85545,55424
55870,85545,55425
55871,85545,55426
55872,85545,55427
55873,85545,55428
55874,85545,55429
55875,85545,55430
55876,85545,55431
55877,85545,55432
55878,85545,55433
55879,85545,55434
55880,85545,55435
55881,85545,55436
55882,85545,55437
55883,85545,55438
55884,85545,55439
55885,85545,55440
55886,85545,55441
55887,85545,55442
55888,85545,55443
55889,85545,55444
55890,85545,55445
55891,85545,55446
55892,85545,55447
55893,85545,55448
55894,85545,55449
55895,85545,55450
55896,85545,55451
55897,85545,55452
55898,85545,55453
55899,85545,55454
55900,85545,55455
55901,85545,55456
55902,85545,55457
55903,85545,55458
55904,85545,55459
55905,85545,55460
55906,85545,55461
55907,85545,55462
55908,85545,55463
55909,85545,55464
55910,85545,55465
55911,85545,55466
55912,85545,55467
55913,85545,55468
55914,85545,55469
55915,85545,55470
55916,85545,55471
55917,85545,55472
55918,85545,55473
55919,85545,55474
55920,85545,55475
55921,85545,55476
55922,85545,55477
55923,85545,55478
55924,85545,55479
55925,85545,55480
55926,85546,55320
55927,85546,55321
55928,85546,55322
55929,85546,55323
55930,85546,55324
55931,85546,55325
55932,85546,55326
55933,85546,55327
55934,85546,55328
55935,85546,55329
55936,85546,55330
55937,85546,55331
55938,85546,55332
55939,85546,55333
55940,85546,55334
55941,85546,55335
55942,85546,55336
55943,85546,55337
55944,85546,55338
55945,85546,55339
55946,85546,55340
55947,85546,55341
55948,85546,55342
55949,85546,55343
55950,85546,55344
55951,85546,55345
55952,85546,55346
55953,85546,55347
55954,85546,55348
55955,85546,55349
55956,85546,55350
55957,85546,55351
55958,85546,55352
55959,85546,55353
55960,85546,55354
55961,85546,55355
55962,85546,55356
55963,85546,55357
55964,85546,55358
55965,85546,55359
55966,85546,55360
55967,85546,55361
55968,85546,55362
55969,85546,55363
55970,85546,55364
55971,85546,55365
55972,85546,55366
55973,85546,55367
55974,85546,55368
55975,85546,55369
55976,85546,55370
55977,85546,55371
55978,85546,55372
55979,85546,55373
55980,85546,55374
55981,85546,55375
55982,85546,55376
55983,85546,55377
55984,85546,55378
55985,85546,55379
55986,85546,55380
55987,85546,55381
55988,85546,55382
55989,85546,55383
55990,85546,55384
55991,85546,55385
55992,85546,55386
55993,85546,55387
55994,85546,55388
55995,85546,55389
55996,85546,55390
55997,85546,55391
55998,85546,55392
55999,85546,55393
56000,85546,55394
56001,85546,55395
56002,85546,55396
56003,85546,55397
56004,85546,55398
56005,85546,55399
56006,85546,55400
56007,85546,55401
56008,85546,55402
56009,85546,55403
56010,85546,55404
56011,85546,55405
56012,85546,55406
56013,85546,55407
56014,85546,55408
56015,85546,55409
56016,85546,55410
56017,85546,55411
56018,85546,55412
56019,85546,55413
56020,85546,55414
56021,85546,55415
56022,85546,55416
56023,85546,55417
56024,85546,55418
56025,85546,55419
56026,85546,55420
56027,85546,55421
56028,85546,55422
56029,85546,55423
56030,85546,55424
56031,85546,55425
56032,85546,55426
56033,85546,55427
56034,85546,55428
56035,85546,55429
56036,85546,55430
56037,85546,55431
56038,85546,55432
56039,85546,55433
56040,85546,55434
56041,85546,55435
56042,85546,55436
56043,85546,55437
56044,85546,55438
56045,85546,55439
56046,85546,55440
56047,85546,55441
56048,85546,55442
56049,85546,55443
56050,85546,55444
56051,85546,55445
56052,85546,55446
56053,85546,55447
56054,85546,55448
56055,85546,55449
56056,85546,55450
56057,85546,55451
56058,85546,55452
56059,85546,55453
56060,85546,55454
56061,85546,55455
56062,85546,55456
56063,85546,55457
56064,85546,55458
56065,85546,55459
56066,85546,55460
56067,85546,55461
56068,85546,55462
56069,85546,55463
56070,85546,55464
56071,85546,55465
56072,85546,55466
56073,85546,55467
56074,85546,55468
56075,85546,55469
56076,85546,55470
56077,85546,55471
56078,85546,55472
56079,85546,55473
56080,85546,55474
56081,85546,55475
56082,85546,55476
56083,85546,55477
56084,85546,55478
56085,85546,55479
56086,85547,55320
56087,85547,55321
56088,85547,55322
56089,85547,55323
56090,85547,55324
56091,85547,55325
56092,85547,55326
56093,85547,55327
56094,85547,55328
56095,85547,55329
56096,85547,55330
56097,85547,55331
56098,85547,55332
56099,85547,55333
56100,85547,55334
56101,85547,55335
56102,85547,55336
56103,85547,55337
56104,85547,55338
56105,85547,55339
56106,85547,55340
56107,85547,55341
56108,85547,55342
56109,85547,55343
56110,85547,55344
56111,85547,55345
56112,85547,55346
56113,85547,55347
56114,85547,55348
56115,85547,55349
56116,85547,55350
56117,85547,55351
56118,85547,55352
56119,85547,55353
56120,85547,55354
56121,85547,55355
56122,85547,55356
56123,85547,55357
56124,85547,55358
56125,85547,55359
56126,85547,55360
56127,85547,55361
56128,85547,55362
56129,85547,55363
56130,85547,55364
56131,85547,55365
56132,85547,55366
56133,85547,55367
56134,85547,55368
56135,85547,55369
56136,85547,55370
56137,85547,55371
56138,85547,55372
56139,85547,55373
56140,85547,55374
56141,85547,55375
56142,85547,55376
56143,85547,55377
56144,85547,55378
56145,85547,55379
56146,85547,55380
56147,85547,55381
56148,85547,55382
56149,85547,55383
56150,85547,55384
56151,85547,55385
56152,85547,55386
56153,85547,55387
56154,85547,55388
56155,85547,55389
56156,85547,55390
56157,85547,55391
56158,85547,55392
56159,85547,55393
56160,85547,55394
56161,85547,55395
56162,85547,55396
56163,85547,55397
56164,85547,55398
56165,85547,55399
56166,85547,55400
56167,85547,55401
56168,85547,55402
56169,85547,55403
56170,85547,55404
56171,85547,55405
56172,85547,55406
56173,85547,55407
56174,85547,55408
56175,85547,55409
56176,85547,55410
56177,85547,55411
56178,85547,55412
56179,85547,55413
56180,85547,55414
56181,85547,55415
56182,85547,55416
56183,85547,55417
56184,85547,55418
56185,85547,55419
56186,85547,55420
56187,85547,55421
56188,85547,55422
56189,85547,55423
56190,85547,55424
56191,85547,55425
56192,85547,55426
56193,85547,55427
56194,85547,55428
56195,85547,55429
56196,85547,55430
56197,85547,55431
56198,85547,55432
56199,85547,55433
56200,85547,55434
56201,85547,55435
56202,85547,55436
56203,85547,55437
56204,85547,55438
56205,85547,55439
56206,85547,55440
56207,85547,55441
56208,85547,55442
56209,85547,55443
56210,85547,55444
56211,85547,55445
56212,85547,55446
56213,85547,55447
56214,85547,55448
56215,85547,55449
56216,85547,55450
56217,85547,55451
56218,85547,55452
56219,85547,55453
56220,85547,55454
56221,85547,55455
56222,85547,55456
56223,85547,55457
56224,85547,55458
56225,85547,55459
56226,85547,55460
56227,85547,55461
56228,85547,55462
56229,85547,55463
56230,85547,55464
56231,85547,55465
56232,85547,55466
56233,85547,55467
56234,85547,55468
56235,85547,55469
56236,85547,55470
56237,85547,55471
56238,85547,55472
56239,85547,55473
56240,85547,55474
56241,85547,55475
56242,85547,55476
56243,85547,55477
56244,85547,55478
56245,85548,55320
56246,85548,55321
56247,85548,55322
56248,85548,55323
56249,85548,55324
56250,85548,55325
56251,85548,55326
56252,85548,55327
56253,85548,55328
56254,85548,55329
56255,85548,55330
56256,85548,55331
56257,85548,55332
56258,85548,55333
56259,85548,55334
56260,85548,55335
56261,85548,55336
56262,85548,55337
56263,85548,55338
56264,85548,55339
56265,85548,55340
56266,85548,55341
56267,85548,55342
56268,85548,55343
56269,85548,55344
56270,85548,55345
56271,85548,55346
56272,85548,55347
56273,85548,55348
56274,85548,55349
56275,85548,55350
56276,85548,55351
56277,85548,55352
56278,85548,55353
56279,85548,55354
56280,85548,55355
56281,85548,55356
56282,85548,55357
56283,85548,55358
56284,85548,55359
56285,85548,55360
56286,85548,55361
56287,85548,55362
56288,85548,55363
56289,85548,55364
56290,85548,55365
56291,85548,55366
56292,85548,55367
56293,85548,55368
56294,85548,55369
56295,85548,55370
56296,85548,55371
56297,85548,55372
56298,85548,55373
56299,85548,55374
56300,85548,55375
56301,85548,55376
56302,85548,55377
56303,85548,55378
56304,85548,55379
56305,85548,55380
56306,85548,55381
56307,85548,55382
56308,85548,55383
56309,85548,55384
56310,85548,55385
56311,85548,55386
56312,85548,55387
56313,85548,55388
56314,85548,55389
56315,85548,55390
56316,85548,55391
56317,85548,55392
56318,85548,55393
56319,85548,55394
56320,85548,55395
56321,85548,55396
56322,85548,55397
56323,85548,55398
56324,85548,55399
56325,85548,55400
56326,85548,55401
56327,85548,55402
56328,85548,55403
56329,85548,55404
56330,85548,55405
56331,85548,55406
56332,85548,55407
56333,85548,55408
56334,85548,55409
56335,85548,55410
56336,85548,55411
56337,85548,55412
56338,85548,55413
56339,85548,55414
56340,85548,55415
56341,85548,55416
56342,85548,55417
56343,85548,55418
56344,85548,55419
56345,85548,55420
56346,85548,55421
56347,85548,55422
56348,85548,55423
56349,85548,55424
56350,85548,55425
56351,85548,55426
56352,85548,55427
56353,85548,55428
56354,85548,55429
56355,85548,55430
56356,85548,55431
56357,85548,55432
56358,85548,55433
56359,85548,55434
56360,85548,55435
56361,85548,55436
56362,85548,55437
56363,85548,55438
56364,85548,55439
56365,85548,55440
56366,85548,55441
56367,85548,55442
56368,85548,55443
56369,85548,55444
56370,85548,55445
56371,85548,55446
56372,85548,55447
56373,85548,55448
56374,85548,55449
56375,85548,55450
56376,85548,55451
56377,85548,55452
56378,85548,55453
56379,85548,55454
56380,85548,55455
56381,85548,55456
56382,85548,55457
56383,85548,55458
56384,85548,55459
56385,85548,55460
56386,85548,55461
56387,85548,55462
56388,85548,55463
56389,85548,55464
56390,85548,55465
56391,85548,55466
56392,85548,55467
56393,85548,55468
56394,85548,55469
56395,85548,55470
56396,85548,55471
56397,85548,55472
56398,85548,55473
56399,85548,55474
56400,85548,55475
56401,85548,55476
56402,85548,55477
56403,85549,55320
56404,85549,55321
56405,85549,55322
56406,85549,55323
56407,85549,55324
56408,85549,55325
56409,85549,55326
56410,85549,55327
56411,85549,55328
56412,85549,55329
56413,85549,55330
56414,85549,55331
56415,85549,55332
56416,85549,55333
56417,85549,55334
56418,85549,55335
56419,85549,55336
56420,85549,55337
56421,85549,55338
56422,85549,55339
56423,85549,55340
56424,85549,55341
56425,85549,55342
56426,85549,55343
56427,85549,55344
56428,85549,55345
56429,85549,55346
56430,85549,55347
56431,85549,55348
56432,85549,55349
56433,85549,55350
56434,85549,55351
56435,85549,55352
56436,85549,55353
56437,85549,55354
56438,85549,55355
56439,85549,55356
56440,85549,55357
56441,85549,55358
56442,85549,55359
56443,85549,55360
56444,85549,55361
56445,85549,55362
56446,85549,55363
56447,85549,55364
56448,85549,55365
56449,85549,55366
56450,85549,55367
56451,85549,55368
56452,85549,55369
56453,85549,55370
56454,85549,55371
56455,85549,55372
56456,85549,55373
56457,85549,55374
56458,85549,55375
56459,85549,55376
56460,85549,55377
56461,85549,55378
56462,85549,55379
56463,85549,55380
56464,85549,55381
56465,85549,55382
56466,85549,55383
56467,85549,55384
56468,85549,55385
56469,85549,55386
56470,85549,55387
56471,85549,55388
56472,85549,55389
56473,85549,55390
56474,85549,55391
56475,85549,55392
56476,85549,55393
56477,85549,55394
56478,85549,55395
56479,85549,55396
56480,85549,55397
56481,85549,55398
56482,85549,55399
56483,85549,55400
56484,85549,55401
56485,85549,55402
56486,85549,55403
56487,85549,55404
56488,85549,55405
56489,85549,55406
56490,85549,55407
56491,85549,55408
56492,85549,55409
56493,85549,55410
56494,85549,55411
56495,85549,55412
56496,85549,55413
56497,85549,55414
56498,85549,55415
56499,85549,55416
56500,85549,55417
56501,85549,55418
56502,85549,55419
56503,85549,55420
56504,85549,55421
56505,85549,55422
56506,85549,55423
56507,85549,55424
56508,85549,55425
56509,85549,55426
56510,85549,55427
56511,85549,55428
56512,85549,55429
56513,85549,55430
56514,85549,55431
56515,85549,55432
56516,85549,55433
56517,85549,55434
56518,85549,55435
56519,85549,55436
56520,85549,55437
56521,85549,55438
56522,85549,55439
56523,85549,55440
56524,85549,55441
56525,85549,55442
56526,85549,55443
56527,85549,55444
56528,85549,55445
56529,85549,55446
56530,85549,55447
56531,85549,55448
56532,85549,55449
56533,85549,55450
56534,85549,55451
56535,85549,55452
56536,85549,55453
56537,85549,55454
56538,85549,55455
56539,85549,55456
56540,85549,55457
56541,85549,55458
56542,85549,55459
56543,85549,55460
56544,85549,55461
56545,85549,55462
56546,85549,55463
56547,85549,55464
56548,85549,55465
56549,85549,55466
56550,85549,55467
56551,85549,55468
56552,85549,55469
56553,85549,55470
56554,85549,55471
56555,85549,55472
56556,85549,55473
56557,85549,55474
56558,85549,55475
56559,85549,55476
56560,85549,55477
56561,85550,55320
56562,85550,55321
56563,85550,55322
56564,85550,55323
56565,85550,55324
56566,85550,55325
56567,85550,55326
56568,85550,55327
56569,85550,55328
56570,85550,55329
56571,85550,55330
56572,85550,55331
56573,85550,55332
56574,85550,55333
56575,85550,55334
56576,85550,55335
56577,85550,55336
56578,85550,55337
56579,85550,55338
56580,85550,55339
56581,85550,55340
56582,85550,55341
56583,85550,55342
56584,85550,55343
56585,85550,55344
56586,85550,55345
56587,85550,55346
56588,85550,55347
56589,85550,55348
56590,85550,55349
56591,85550,55350
56592,85550,55351
56593,85550,55352
56594,85550,55353
56595,85550,55354
56596,85550,55355
56597,85550,55356
56598,85550,55357
56599,85550,55358
56600,85550,55359
56601,85550,55360
56602,85550,55361
56603,85550,55362
56604,85550,55363
56605,85550,55364
56606,85550,55365
56607,85550,55366
56608,85550,55367
56609,85550,55368
56610,85550,55369
56611,85550,55370
56612,85550,55371
56613,85550,55372
56614,85550,55373
56615,85550,55374
56616,85550,55375
56617,85550,55376
56618,85550,55377
56619,85550,55378
56620,85550,55379
56621,85550,55380
56622,85550,55381
56623,85550,55382
56624,85550,55383
56625,85550,55384
56626,85550,55385
56627,85550,55386
56628,85550,55387
56629,85550,55388
56630,85550,55389
56631,85550,55390
56632,85550,55391
56633,85550,55392
56634,85550,55393
56635,85550,55394
56636,85550,55395
56637,85550,55396
56638,85550,55397
56639,85550,55398
56640,85550,55399
56641,85550,55400
56642,85550,55401
56643,85550,55402
56644,85550,55403
56645,85550,55404
56646,85550,55405
56647,85550,55406
56648,85550,55407
56649,85550,55408
56650,85550,55409
56651,85550,55410
56652,85550,55411
56653,85550,55412
56654,85550,55413
56655,85550,55414
56656,85550,55415
56657,85550,55416
56658,85550,55417
56659,85550,55418
56660,85550,55419
56661,85550,55420
56662,85550,55421
56663,85550,55422
56664,85550,55423
56665,85550,55424
56666,85550,55425
56667,85550,55426
56668,85550,55427
56669,85550,55428
56670,85550,55429
56671,85550,55430
56672,85550,55431
56673,85550,55432
56674,85550,55433
56675,85550,55434
56676,85550,55435
56677,85550,55436
56678,85550,55437
56679,85550,55438
56680,85550,55439
56681,85550,55440
56682,85550,55441
56683,85550,55442
56684,85550,55443
56685,85550,55444
56686,85550,55445
56687,85550,55446
56688,85550,55447
56689,85550,55448
56690,85550,55449
56691,85550,55450
56692,85550,55451
56693,85550,55452
56694,85550,55453
56695,85550,55454
56696,85550,55455
56697,85550,55456
56698,85550,55457
56699,85550,55458
56700,85550,55459
56701,85550,55460
56702,85550,55461
56703,85550,55462
56704,85550,55463
56705,85550,55464
56706,85550,55465
56707,85550,55466
56708,85550,55467
56709,85550,55468
56710,85550,55469
56711,85550,55470
56712,85550,55471
56713,85550,55472
56714,85550,55473
56715,85550,55474
56716,85550,55475
56717,85550,55476
56718,85551,55320
56719,85551,55321
56720,85551,55322
56721,85551,55323
56722,85551,55324
56723,85551,55325
56724,85551,55326
56725,85551,55327
56726,85551,55328
56727,85551,55329
56728,85551,55330
56729,85551,55331
56730,85551,55332
56731,85551,55333
56732,85551,55334
56733,85551,55335
56734,85551,55336
56735,85551,55337
56736,85551,55338
56737,85551,55339
56738,85551,55340
56739,85551,55341
56740,85551,55342
56741,85551,55343
56742,85551,55344
56743,85551,55345
56744,85551,55346
56745,85551,55347
56746,85551,55348
56747,85551,55349
56748,85551,55350
56749,85551,55351
56750,85551,55352
56751,85551,55353
56752,85551,55354
56753,85551,55355
56754,85551,55356
56755,85551,55357
56756,85551,55358
56757,85551,55359
56758,85551,55360
56759,85551,55361
56760,85551,55362
56761,85551,55363
56762,85551,55364
56763,85551,55365
56764,85551,55366
56765,85551,55367
56766,85551,55368
56767,85551,55369
56768,85551,55370
56769,85551,55371
56770,85551,55372
56771,85551,55373
56772,85551,55374
56773,85551,55375
56774,85551,55376
56775,85551,55377
56776,85551,55378
56777,85551,55379
56778,85551,55380
56779,85551,55381
56780,85551,55382
56781,85551,55383
56782,85551,55384
56783,85551,55385
56784,85551,55386
56785,85551,55387
56786,85551,55388
56787,85551,55389
56788,85551,55390
56789,85551,55391
56790,85551,55392
56791,85551,55393
56792,85551,55394
56793,85551,55395
56794,85551,55396
56795,85551,55397
56796,85551,55398
56797,85551,55399
56798,85551,55400
56799,85551,55401
56800,85551,55402
56801,85551,55403
56802,85551,55404
56803,85551,55405
56804,85551,55406
56805,85551,55407
56806,85551,55408
56807,85551,55409
56808,85551,55410
56809,85551,55411
56810,85551,55412
56811,85551,55413
56812,85551,55414
56813,85551,55415
56814,85551,55416
56815,85551,55417
56816,85551,55418
56817,85551,55419
56818,85551,55420
56819,85551,55421
56820,85551,55422
56821,85551,55423
56822,85551,55424
56823,85551,55425
56824,85551,55426
56825,85551,55427
56826,85551,55428
56827,85551,55429
56828,85551,55430
56829,85551,55431
56830,85551,55432
56831,85551,55433
56832,85551,55434
56833,85551,55435
56834,85551,55436
56835,85551,55437
56836,85551,55438
56837,85551,55439
56838,85551,55440
56839,85551,55441
56840,85551,55442
56841,85551,55443
56842,85551,55444
56843,85551,55445
56844,85551,55446
56845,85551,55447
56846,85551,55448
56847,85551,55449
56848,85551,55450
56849,85551,55451
56850,85551,55452
56851,85551,55453
56852,85551,55454
56853,85551,55455
56854,85551,55456
56855,85551,55457
56856,85551,55458
56857,85551,55459
56858,85551,55460
56859,85551,55461
56860,85551,55462
56861,85551,55463
56862,85551,55464
56863,85551,55465
56864,85551,55466
56865,85551,55467
56866,85551,55468
56867,85551,55469
56868,85551,55470
56869,85551,55471
56870,85551,55472
56871,85551,55473
56872,85551,55474
56873,85551,55475
56874,85552,55320
56875,85552,55321
56876,85552,55322
56877,85552,55323
56878,85552,55324
56879,85552,55325
56880,85552,55326
56881,85552,55327
56882,85552,55328
56883,85552,55329
56884,85552,55330
56885,85552,55331
56886,85552,55332
56887,85552,55333
56888,85552,55334
56889,85552,55335
56890,85552,55336
56891,85552,55337
56892,85552,55338
56893,85552,55339
56894,85552,55340
56895,85552,55341
56896,85552,55342
56897,85552,55343
56898,85552,55344
56899,85552,55345
56900,85552,55346
56901,85552,55347
56902,85552,55348
56903,85552,55349
56904,85552,55350
56905,85552,55351
56906,85552,55352
56907,85552,55353
56908,85552,55354
56909,85552,55355
56910,85552,55356
56911,85552,55357
56912,85552,55358
56913,85552,55359
56914,85552,55360
56915,85552,55361
56916,85552,55362
56917,85552,55363
56918,85552,55364
56919,85552,55365
56920,85552,55366
56921,85552,55367
56922,85552,55368
56923,85552,55369
56924,85552,55370
56925,85552,55371
56926,85552,55372
56927,85552,55373
56928,85552,55374
56929,85552,55375
56930,85552,55376
56931,85552,55377
56932,85552,55378
56933,85552,55379
56934,85552,55380
56935,85552,55381
56936,85552,55382
56937,85552,55383
56938,85552,55384
56939,85552,55385
56940,85552,55386
56941,85552,55387
56942,85552,55388
56943,85552,55389
56944,85552,55390
56945,85552,55391
56946,85552,55392
56947,85552,55393
56948,85552,55394
56949,85552,55395
56950,85552,55396
56951,85552,55397
56952,85552,55398
56953,85552,55399
56954,85552,55400
56955,85552,55401
56956,85552,55402
56957,85552,55403
56958,85552,55404
56959,85552,55405
56960,85552,55406
56961,85552,55407
56962,85552,55408
56963,85552,55409
56964,85552,55410
56965,85552,55411
56966,85552,55412
56967,85552,55413
56968,85552,55414
56969,85552,55415
56970,85552,55416
56971,85552,55417
56972,85552,55418
56973,85552,55419
56974,85552,55420
56975,85552,55421
56976,85552,55422
56977,85552,55423
56978,85552,55424
56979,85552,55425
56980,85552,55426
56981,85552,55427
56982,85552,55428
56983,85552,55429
56984,85552,55430
56985,85552,55431
56986,85552,55432
56987,85552,55433
56988,85552,55434
56989,85552,55435
56990,85552,55436
56991,85552,55437
56992,85552,55438
56993,85552,55439
56994,85552,55440
56995,85552,55441
56996,85552,55442
56997,85552,55443
56998,85552,55444
56999,85552,55445
57000,85552,55446
57001,85552,55447
57002,85552,55448
57003,85552,55449
57004,85552,55450
57005,85552,55451
57006,85552,55452
57007,85552,55453
57008,85552,55454
57009,85552,55455
57010,85552,55456
57011,85552,55457
57012,85552,55458
57013,85552,55459
57014,85552,55460
57015,85552,55461
57016,85552,55462
57017,85552,55463
57018,85552,55464
57019,85552,55465
57020,85552,55466
57021,85552,55467
57022,85552,55468
57023,85552,55469
57024,85552,55470
57025,85552,55471
57026,85552,55472
57027,85552,55473
57028,85552,55474
57029,85552,55475
57030,85553,55320
57031,85553,55321
57032,85553,55322
57033,85553,55323
57034,85553,55324
57035,85553,55325
57036,85553,55326
57037,85553,55327
57038,85553,55328
57039,85553,55329
57040,85553,55330
57041,85553,55331
57042,85553,55332
57043,85553,55333
57044,85553,55334
57045,85553,55335
57046,85553,55336
57047,85553,55337
57048,85553,55338
57049,85553,55339
57050,85553,55340
57051,85553,55341
57052,85553,55342
57053,85553,55343
57054,85553,55344
57055,85553,55345
57056,85553,55346
57057,85553,55347
57058,85553,55348
57059,85553,55349
57060,85553,55350
57061,85553,55351
57062,85553,55352
57063,85553,55353
57064,85553,55354
57065,85553,55355
57066,85553,55356
57067,85553,55357
57068,85553,55358
57069,85553,55359
57070,85553,55360
57071,85553,55361
57072,85553,55362
57073,85553,55363
57074,85553,55364
57075,85553,55365
57076,85553,55366
57077,85553,55367
57078,85553,55368
57079,85553,55369
57080,85553,55370
57081,85553,55371
57082,85553,55372
57083,85553,55373
57084,85553,55374
57085,85553,55375
57086,85553,55376
57087,85553,55377
57088,85553,55378
57089,85553,55379
57090,85553,55380
57091,85553,55381
57092,85553,55382
57093,85553,55383
57094,85553,55384
57095,85553,55385
57096,85553,55386
57097,85553,55387
57098,85553,55388
57099,85553,55389
57100,85553,55390
57101,85553,55391
57102,85553,55392
57103,85553,55393
57104,85553,55394
57105,85553,55395
57106,85553,55396
57107,85553,55397
57108,85553,55398
57109,85553,55399
57110,85553,55400
57111,85553,55401
57112,85553,55402
57113,85553,55403
57114,85553,55404
57115,85553,55405
57116,85553,55406
57117,85553,55407
57118,85553,55408
57119,85553,55409
57120,85553,55410
57121,85553,55411
57122,85553,55412
57123,85553,55413
57124,85553,55414
57125,85553,55415
57126,85553,55416
57127,85553,55417
57128,85553,55418
57129,85553,55419
57130,85553,55420
57131,85553,55421
57132,85553,55422
57133,85553,55423
57134,85553,55424
57135,85553,55425
57136,85553,55426
57137,85553,55427
57138,85553,55428
57139,85553,55429
57140,85553,55430
57141,85553,55431
57142,85553,55432
57143,85553,55433
57144,85553,55434
57145,85553,55435
57146,85553,55436
57147,85553,55437
57148,85553,55438
57149,85553,55439
57150,85553,55440
57151,85553,55441
57152,85553,55442
57153,85553,55443
57154,85553,55444
57155,85553,55445
57156,85553,55446
57157,85553,55447
57158,85553,55448
57159,85553,55449
57160,85553,55450
57161,85553,55451
57162,85553,55452
57163,85553,55453
57164,85553,55454
57165,85553,55455
57166,85553,55456
57167,85553,55457
57168,85553,55458
57169,85553,55459
57170,85553,55460
57171,85553,55461
57172,85553,55462
57173,85553,55463
57174,85553,55464
57175,85553,55465
57176,85553,55466
57177,85553,55467
57178,85553,55468
57179,85553,55469
57180,85553,55470
57181,85553,55471
57182,85553,55472
57183,85553,55473
57184,85553,55474
57185,85554,55320
57186,85554,55321
57187,85554,55322
57188,85554,55323
57189,85554,55324
57190,85554,55325
57191,85554,55326
57192,85554,55327
57193,85554,55328
57194,85554,55329
57195,85554,55330
57196,85554,55331
57197,85554,55332
57198,85554,55333
57199,85554,55334
57200,85554,55335
57201,85554,55336
57202,85554,55337
57203,85554,55338
57204,85554,55339
57205,85554,55340
57206,85554,55341
57207,85554,55342
57208,85554,55343
57209,85554,55344
57210,85554,55345
57211,85554,55346
57212,85554,55347
57213,85554,55348
57214,85554,55349
57215,85554,55350
57216,85554,55351
57217,85554,55352
57218,85554,55353
57219,85554,55354
57220,85554,55355
57221,85554,55356
57222,85554,55357
57223,85554,55358
57224,85554,55359
57225,85554,55360
57226,85554,55361
57227,85554,55362
57228,85554,55363
57229,85554,55364
57230,85554,55365
57231,85554,55366
57232,85554,55367
57233,85554,55368
57234,85554,55369
57235,85554,55370
57236,85554,55371
57237,85554,55372
57238,85554,55373
57239,85554,55374
57240,85554,55375
57241,85554,55376
57242,85554,55377
57243,85554,55378
57244,85554,55379
57245,85554,55380
57246,85554,55381
57247,85554,55382
57248,85554,55383
57249,85554,55384
57250,85554,55385
57251,85554,55386
57252,85554,55387
57253,85554,55388
57254,85554,55389
57255,85554,55390
57256,85554,55391
57257,85554,55392
57258,85554,55393
57259,85554,55394
57260,85554,55395
57261,85554,55396
57262,85554,55397
57263,85554,55398
57264,85554,55399
57265,85554,55400
57266,85554,55401
57267,85554,55402
57268,85554,55403
57269,85554,55404
57270,85554,55405
57271,85554,55406
57272,85554,55407
57273,85554,55408
57274,85554,55409
57275,85554,55410
57276,85554,55411
57277,85554,55412
57278,85554,55413
57279,85554,55414
57280,85554,55415
57281,85554,55416
57282,85554,55417
57283,85554,55418
57284,85554,55419
57285,85554,55420
57286,85554,55421
57287,85554,55422
57288,85554,55423
57289,85554,55424
57290,85554,55425
57291,85554,55426
57292,85554,55427
57293,85554,55428
57294,85554,55429
57295,85554,55430
57296,85554,55431
57297,85554,55432
57298,85554,55433
57299,85554,55434
57300,85554,55435
57301,85554,55436
57302,85554,55437
57303,85554,55438
57304,85554,55439
57305,85554,55440
57306,85554,55441
57307,85554,55442
57308,85554,55443
57309,85554,55444
57310,85554,55445
57311,85554,55446
57312,85554,55447
57313,85554,55448
57314,85554,55449
57315,85554,55450
57316,85554,55451
57317,85554,55452
57318,85554,55453
57319,85554,55454
57320,85554,55455
57321,85554,55456
57322,85554,55457
57323,85554,55458
57324,85554,55459
57325,85554,55460
57326,85554,55461
57327,85554,55462
57328,85554,55463
57329,85554,55464
57330,85554,55465
57331,85554,55466
57332,85554,55467
57333,85554,55468
57334,85554,55469
57335,85554,55470
57336,85554,55471
57337,85554,55472
57338,85554,55473
57339,85554,55474
57340,85555,55320
57341,85555,55321
57342,85555,55322
57343,85555,55323
57344,85555,55324
57345,85555,55325
57346,85555,55326
57347,85555,55327
57348,85555,55328
57349,85555,55329
57350,85555,55330
57351,85555,55331
57352,85555,55332
57353,85555,55333
57354,85555,55334
57355,85555,55335
57356,85555,55336
57357,85555,55337
57358,85555,55338
57359,85555,55339
57360,85555,55340
57361,85555,55341
57362,85555,55342
57363,85555,55343
57364,85555,55344
57365,85555,55345
57366,85555,55346
57367,85555,55347
57368,85555,55348
57369,85555,55349
57370,85555,55350
57371,85555,55351
57372,85555,55352
57373,85555,55353
57374,85555,55354
57375,85555,55355
57376,85555,55356
57377,85555,55357
57378,85555,55358
57379,85555,55359
57380,85555,55360
57381,85555,55361
57382,85555,55362
57383,85555,55363
57384,85555,55364
57385,85555,55365
57386,85555,55366
57387,85555,55367
57388,85555,55368
57389,85555,55369
57390,85555,55370
57391,85555,55371
57392,85555,55372
57393,85555,55373
57394,85555,55374
57395,85555,55375
57396,85555,55376
57397,85555,55377
57398,85555,55378
57399,85555,55379
57400,85555,55380
57401,85555,55381
57402,85555,55382
57403,85555,55383
57404,85555,55384
57405,85555,55385
57406,85555,55386
57407,85555,55387
57408,85555,55388
57409,85555,55389
57410,85555,55390
57411,85555,55391
57412,85555,55392
57413,85555,55393
57414,85555,55394
57415,85555,55395
57416,85555,55396
57417,85555,55397
57418,85555,55398
57419,85555,55399
57420,85555,55400
57421,85555,55401
57422,85555,55402
57423,85555,55403
57424,85555,55404
57425,85555,55405
57426,85555,55406
57427,85555,55407
57428,85555,55408
57429,85555,55409
57430,85555,55410
57431,85555,55411
57432,85555,55412
57433,85555,55413
57434,85555,55414
57435,85555,55415
57436,85555,55416
57437,85555,55417
57438,85555,55418
57439,85555,55419
57440,85555,55420
57441,85555,55421
57442,85555,55422
57443,85555,55423
57444,85555,55424
57445,85555,55425
57446,85555,55426
57447,85555,55427
57448,85555,55428
57449,85555,55429
57450,85555,55430
57451,85555,55431
57452,85555,55432
57453,85555,55433
57454,85555,55434
57455,85555,55435
57456,85555,55436
57457,85555,55437
57458,85555,55438
57459,85555,55439
57460,85555,55440
57461,85555,55441
57462,85555,55442
57463,85555,55443
57464,85555,55444
57465,85555,55445
57466,85555,55446
57467,85555,55447
57468,85555,55448
57469,85555,55449
57470,85555,55450
57471,85555,55451
57472,85555,55452
57473,85555,55453
57474,85555,55454
57475,85555,55455
57476,85555,55456
57477,85555,55457
57478,85555,55458
57479,85555,55459
57480,85555,55460
57481,85555,55461
57482,85555,55462
57483,85555,55463
57484,85555,55464
57485,85555,55465
57486,85555,55466
57487,85555,55467
57488,85555,55468
57489,85555,55469
57490,85555,55470
57491,85555,55471
57492,85555,55472
57493,85555,55473
57494,85555,55474
57495,85556,55320
57496,85556,55321
57497,85556,55322
57498,85556,55323
57499,85556,55324
57500,85556,55325
57501,85556,55326
57502,85556,55327
57503,85556,55328
57504,85556,55329
57505,85556,55330
57506,85556,55331
57507,85556,55332
57508,85556,55333
57509,85556,55334
57510,85556,55335
57511,85556,55336
57512,85556,55337
57513,85556,55338
57514,85556,55339
57515,85556,55340
57516,85556,55341
57517,85556,55342
57518,85556,55343
57519,85556,55344
57520,85556,55345
57521,85556,55346
57522,85556,55347
57523,85556,55348
57524,85556,55349
57525,85556,55350
57526,85556,55351
57527,85556,55352
57528,85556,55353
57529,85556,55354
57530,85556,55355
57531,85556,55356
57532,85556,55357
57533,85556,55358
57534,85556,55359
57535,85556,55360
57536,85556,55361
57537,85556,55362
57538,85556,55363
57539,85556,55364
57540,85556,55365
57541,85556,55366
57542,85556,55367
57543,85556,55368
57544,85556,55369
57545,85556,55370
57546,85556,55371
57547,85556,55372
57548,85556,55373
57549,85556,55374
57550,85556,55375
57551,85556,55376
57552,85556,55377
57553,85556,55378
57554,85556,55379
57555,85556,55380
57556,85556,55381
57557,85556,55382
57558,85556,55383
57559,85556,55384
57560,85556,55385
57561,85556,55386
57562,85556,55387
57563,85556,55388
57564,85556,55389
57565,85556,55390
57566,85556,55391
57567,85556,55392
57568,85556,55393
57569,85556,55394
57570,85556,55395
57571,85556,55396
57572,85556,55397
57573,85556,55398
57574,85556,55399
57575,85556,55400
57576,85556,55401
57577,85556,55402
57578,85556,55403
57579,85556,55404
57580,85556,55405
57581,85556,55406
57582,85556,55407
57583,85556,55408
57584,85556,55409
57585,85556,55410
57586,85556,55411
57587,85556,55412
57588,85556,55413
57589,85556,55414
57590,85556,55415
57591,85556,55416
57592,85556,55417
57593,85556,55418
57594,85556,55419
57595,85556,55420
57596,85556,55421
57597,85556,55422
57598,85556,55423
57599,85556,55424
57600,85556,55425
57601,85556,55426
57602,85556,55427
57603,85556,55428
57604,85556,55429
57605,85556,55430
57606,85556,55431
57607,85556,55432
57608,85556,55433
57609,85556,55434
57610,85556,55435
57611,85556,55436
57612,85556,55437
57613,85556,55438
57614,85556,55439
57615,85556,55440
57616,85556,55441
57617,85556,55442
57618,85556,55443
57619,85556,55444
57620,85556,55445
57621,85556,55446
57622,85556,55447
57623,85556,55448
57624,85556,55449
57625,85556,55450
57626,85556,55451
57627,85556,55452
57628,85556,55453
57629,85556,55454
57630,85556,55455
57631,85556,55456
57632,85556,55457
57633,85556,55458
57634,85556,55459
57635,85556,55460
57636,85556,55461
57637,85556,55462
57638,85556,55463
57639,85556,55464
57640,85556,55465
57641,85556,55466
57642,85556,55467
57643,85556,55468
57644,85556,55469
57645,85556,55470
57646,85556,55471
57647,85556,55472
57648,85556,55473
57649,85556,55474
57650,85557,55320
57651,85557,55321
57652,85557,55322
57653,85557,55323
57654,85557,55324
57655,85557,55325
57656,85557,55326
57657,85557,55327
57658,85557,55328
57659,85557,55329
57660,85557,55330
57661,85557,55331
57662,85557,55332
57663,85557,55333
57664,85557,55334
57665,85557,55335
57666,85557,55336
57667,85557,55337
57668,85557,55338
57669,85557,55339
57670,85557,55340
57671,85557,55341
57672,85557,55342
57673,85557,55343
57674,85557,55344
57675,85557,55345
57676,85557,55346
57677,85557,55347
57678,85557,55348
57679,85557,55349
57680,85557,55350
57681,85557,55351
57682,85557,55352
57683,85557,55353
57684,85557,55354
57685,85557,55355
57686,85557,55356
57687,85557,55357
57688,85557,55358
57689,85557,55359
57690,85557,55360
57691,85557,55361
57692,85557,55362
57693,85557,55363
57694,85557,55364
57695,85557,55365
57696,85557,55366
57697,85557,55367
57698,85557,55368
57699,85557,55369
57700,85557,55370
57701,85557,55371
57702,85557,55372
57703,85557,55373
57704,85557,55374
57705,85557,55375
57706,85557,55376
57707,85557,55377
57708,85557,55378
57709,85557,55379
57710,85557,55380
57711,85557,55381
57712,85557,55382
57713,85557,55383
57714,85557,55384
57715,85557,55385
57716,85557,55386
57717,85557,55387
57718,85557,55388
57719,85557,55389
57720,85557,55390
57721,85557,55391
57722,85557,55392
57723,85557,55393
57724,85557,55394
57725,85557,55395
57726,85557,55396
57727,85557,55397
57728,85557,55398
57729,85557,55399
57730,85557,55400
57731,85557,55401
57732,85557,55402
57733,85557,55403
57734,85557,55404
57735,85557,55405
57736,85557,55406
57737,85557,55407
57738,85557,55408
57739,85557,55409
57740,85557,55410
57741,85557,55411
57742,85557,55412
57743,85557,55413
57744,85557,55414
57745,85557,55415
57746,85557,55416
57747,85557,55417
57748,85557,55418
57749,85557,55419
57750,85557,55420
57751,85557,55421
57752,85557,55422
57753,85557,55423
57754,85557,55424
57755,85557,55425
57756,85557,55426
57757,85557,55427
57758,85557,55428
57759,85557,55429
57760,85557,55430
57761,85557,55431
57762,85557,55432
57763,85557,55433
57764,85557,55434
57765,85557,55435
57766,85557,55436
57767,85557,55437
57768,85557,55438
57769,85557,55439
57770,85557,55440
57771,85557,55441
57772,85557,55442
57773,85557,55443
57774,85557,55444
57775,85557,55445
57776,85557,55446
57777,85557,55447
57778,85557,55448
57779,85557,55449
57780,85557,55450
57781,85557,55451
57782,85557,55452
57783,85557,55453
57784,85557,55454
57785,85557,55455
57786,85557,55456
57787,85557,55457
57788,85557,55458
57789,85557,55459
57790,85557,55460
57791,85557,55461
57792,85557,55462
57793,85557,55463
57794,85557,55464
57795,85557,55465
57796,85557,55466
57797,85557,55467
57798,85557,55468
57799,85557,55469
57800,85557,55470
57801,85557,55471
57802,85557,55472
57803,85557,55473
57804,85558,55320
57805,85558,55321
57806,85558,55322
57807,85558,55323
57808,85558,55324
57809,85558,55325
57810,85558,55326
57811,85558,55327
57812,85558,55328
57813,85558,55329
57814,85558,55330
57815,85558,55331
57816,85558,55332
57817,85558,55333
57818,85558,55334
57819,85558,55335
57820,85558,55336
57821,85558,55337
57822,85558,55338
57823,85558,55339
57824,85558,55340
57825,85558,55341
57826,85558,55342
57827,85558,55343
57828,85558,55344
57829,85558,55345
57830,85558,55346
57831,85558,55347
57832,85558,55348
57833,85558,55349
57834,85558,55350
57835,85558,55351
57836,85558,55352
57837,85558,55353
57838,85558,55354
57839,85558,55355
57840,85558,55356
57841,85558,55357
57842,85558,55358
57843,85558,55359
57844,85558,55360
57845,85558,55361
57846,85558,55362
57847,85558,55363
57848,85558,55364
57849,85558,55365
57850,85558,55366
57851,85558,55367
57852,85558,55368
57853,85558,55369
57854,85558,55370
57855,85558,55371
57856,85558,55372
57857,85558,55373
57858,85558,55374
57859,85558,55375
57860,85558,55376
57861,85558,55377
57862,85558,55378
57863,85558,55379
57864,85558,55380
57865,85558,55381
57866,85558,55382
57867,85558,55383
57868,85558,55384
57869,85558,55385
57870,85558,55386
57871,85558,55387
57872,85558,55388
57873,85558,55389
57874,85558,55390
57875,85558,55391
57876,85558,55392
57877,85558,55393
57878,85558,55394
57879,85558,55395
57880,85558,55396
57881,85558,55397
57882,85558,55398
57883,85558,55399
57884,85558,55400
57885,85558,55401
57886,85558,55402
57887,85558,55403
57888,85558,55404
57889,85558,55405
57890,85558,55406
57891,85558,55407
57892,85558,55408
57893,85558,55409
57894,85558,55410
57895,85558,55411
57896,85558,55412
57897,85558,55413
57898,85558,55414
57899,85558,55415
57900,85558,55416
57901,85558,55417
57902,85558,55418
57903,85558,55419
57904,85558,55420
57905,85558,55421
57906,85558,55422
57907,85558,55423
57908,85558,55424
57909,85558,55425
57910,85558,55426
57911,85558,55427
57912,85558,55428
57913,85558,55429
57914,85558,55430
57915,85558,55431
57916,85558,55432
57917,85558,55433
57918,85558,55434
57919,85558,55435
57920,85558,55436
57921,85558,55437
57922,85558,55438
57923,85558,55439
57924,85558,55440
57925,85558,55441
57926,85558,55442
57927,85558,55443
57928,85558,55444
57929,85558,55445
57930,85558,55446
57931,85558,55447
57932,85558,55448
57933,85558,55449
57934,85558,55450
57935,85558,55451
57936,85558,55452
57937,85558,55453
57938,85558,55454
57939,85558,55455
57940,85558,55456
57941,85558,55457
57942,85558,55458
57943,85558,55459
57944,85558,55460
57945,85558,55461
57946,85558,55462
57947,85558,55463
57948,85558,55464
57949,85558,55465
57950,85558,55466
57951,85558,55467
57952,85558,55468
57953,85558,55469
57954,85558,55470
57955,85558,55471
57956,85558,55472
57957,85559,55320
57958,85559,55321
57959,85559,55322
57960,85559,55323
57961,85559,55324
57962,85559,55325
57963,85559,55326
57964,85559,55327
57965,85559,55328
57966,85559,55329
57967,85559,55330
57968,85559,55331
57969,85559,55332
57970,85559,55333
57971,85559,55334
57972,85559,55335
57973,85559,55336
57974,85559,55337
57975,85559,55338
57976,85559,55339
57977,85559,55340
57978,85559,55341
57979,85559,55342
57980,85559,55343
57981,85559,55344
57982,85559,55345
57983,85559,55346
57984,85559,55347
57985,85559,55348
57986,85559,55349
57987,85559,55350
57988,85559,55351
57989,85559,55352
57990,85559,55353
57991,85559,55354
57992,85559,55355
57993,85559,55356
57994,85559,55357
57995,85559,55358
57996,85559,55359
57997,85559,55360
57998,85559,55361
57999,85559,55362
58000,85559,55363
58001,85559,55364
58002,85559,55365
58003,85559,55366
58004,85559,55367
58005,85559,55368
58006,85559,55369
58007,85559,55370
58008,85559,55371
58009,85559,55372
58010,85559,55373
58011,85559,55374
58012,85559,55375
58013,85559,55376
58014,85559,55377
58015,85559,55378
58016,85559,55379
58017,85559,55380
58018,85559,55381
58019,85559,55382
58020,85559,55383
58021,85559,55384
58022,85559,55385
58023,85559,55386
58024,85559,55387
58025,85559,55388
58026,85559,55389
58027,85559,55390
58028,85559,55391
58029,85559,55392
58030,85559,55393
58031,85559,55394
58032,85559,55395
58033,85559,55396
58034,85559,55397
58035,85559,55398
58036,85559,55399
58037,85559,55400
58038,85559,55401
58039,85559,55402
58040,85559,55403
58041,85559,55404
58042,85559,55405
58043,85559,55406
58044,85559,55407
58045,85559,55408
58046,85559,55409
58047,85559,55410
58048,85559,55411
58049,85559,55412
58050,85559,55413
58051,85559,55414
58052,85559,55415
58053,85559,55416
58054,85559,55417
58055,85559,55418
58056,85559,55419
58057,85559,55420
58058,85559,55421
58059,85559,55422
58060,85559,55423
58061,85559,55424
58062,85559,55425
58063,85559,55426
58064,85559,55427
58065,85559,55428
58066,85559,55429
58067,85559,55430
58068,85559,55431
58069,85559,55432
58070,85559,55433
58071,85559,55434
58072,85559,55435
58073,85559,55436
58074,85559,55437
58075,85559,55438
58076,85559,55439
58077,85559,55440
58078,85559,55441
58079,85559,55442
58080,85559,55443
58081,85559,55444
58082,85559,55445
58083,85559,55446
58084,85559,55447
58085,85559,55448
58086,85559,55449
58087,85559,55450
58088,85559,55451
58089,85559,55452
58090,85559,55453
58091,85559,55454
58092,85559,55455
58093,85559,55456
58094,85559,55457
58095,85559,55458
58096,85559,55459
58097,85559,55460
58098,85559,55461
58099,85559,55462
58100,85559,55463
58101,85559,55464
58102,85559,55465
58103,85559,55466
58104,85559,55467
58105,85559,55468
58106,85559,55469
58107,85559,55470
58108,85559,55471
58109,85559,55472
58110,85560,55320
58111,85560,55321
58112,85560,55322
58113,85560,55323
58114,85560,55324
58115,85560,55325
58116,85560,55326
58117,85560,55327
58118,85560,55328
58119,85560,55329
58120,85560,55330
58121,85560,55331
58122,85560,55332
58123,85560,55333
58124,85560,55334
58125,85560,55335
58126,85560,55336
58127,85560,55337
58128,85560,55338
58129,85560,55339
58130,85560,55340
58131,85560,55341
58132,85560,55342
58133,85560,55343
58134,85560,55344
58135,85560,55345
58136,85560,55346
58137,85560,55347
58138,85560,55348
58139,85560,55349
58140,85560,55350
58141,85560,55351
58142,85560,55352
58143,85560,55353
58144,85560,55354
58145,85560,55355
58146,85560,55356
58147,85560,55357
58148,85560,55358
58149,85560,55359
58150,85560,55360
58151,85560,55361
58152,85560,55362
58153,85560,55363
58154,85560,55364
58155,85560,55365
58156,85560,55366
58157,85560,55367
58158,85560,55368
58159,85560,55369
58160,85560,55370
58161,85560,55371
58162,85560,55372
58163,85560,55373
58164,85560,55374
58165,85560,55375
58166,85560,55376
58167,85560,55377
58168,85560,55378
58169,85560,55379
58170,85560,55380
58171,85560,55381
58172,85560,55382
58173,85560,55383
58174,85560,55384
58175,85560,55385
58176,85560,55386
58177,85560,55387
58178,85560,55388
58179,85560,55389
58180,85560,55390
58181,85560,55391
58182,85560,55392
58183,85560,55393
58184,85560,55394
58185,85560,55395
58186,85560,55396
58187,85560,55397
58188,85560,55398
58189,85560,55399
58190,85560,55400
58191,85560,55401
58192,85560,55402
58193,85560,55403
58194,85560,55404
58195,85560,55405
58196,85560,55406
58197,85560,55407
58198,85560,55408
58199,85560,55409
58200,85560,55410
58201,85560,55411
58202,85560,55412
58203,85560,55413
58204,85560,55414
58205,85560,55415
58206,85560,55416
58207,85560,55417
58208,85560,55418
58209,85560,55419
58210,85560,55420
58211,85560,55421
58212,85560,55422
58213,85560,55423
58214,85560,55424
58215,85560,55425
58216,85560,55426
58217,85560,55427
58218,85560,55428
58219,85560,55429
58220,85560,55430
58221,85560,55431
58222,85560,55432
58223,85560,55433
58224,85560,55434
58225,85560,55435
58226,85560,55436
58227,85560,55437
58228,85560,55438
58229,85560,55439
58230,85560,55440
58231,85560,55441
58232,85560,55442
58233,85560,55443
58234,85560,55444
58235,85560,55445
58236,85560,55446
58237,85560,55447
58238,85560,55448
58239,85560,55449
58240,85560,55450
58241,85560,55451
58242,85560,55452
58243,85560,55453
58244,85560,55454
58245,85560,55455
58246,85560,55456
58247,85560,55457
58248,85560,55458
58249,85560,55459
58250,85560,55460
58251,85560,55461
58252,85560,55462
58253,85560,55463
58254,85560,55464
58255,85560,55465
58256,85560,55466
58257,85560,55467
58258,85560,55468
58259,85560,55469
58260,85560,55470
58261,85560,55471
58262,85560,55472
